

dvh_array: 
    [ 7.64, 2.92, 19.62,  3.06, 12.58, 12.13,  3.37,  3.28, 0.00, 0.00, 0.00, 0.00,   0.00],  # Rectum
    [ 4.75, 0.50,  5.58,  4.04,  5.53,  5.49,  4.08,  4.06, 0.00, 0.00, 0.00, 0.00,   0.00],  # Penile bulb
    [ 5.37, 4.02, 48.79,  1.90, 16.07, 13.00,  2.35,  2.19, 0.09, 0.00, 0.00, 0.00,   0.00],  # Lymph Nodes
    [ 1.16, 0.81,  4.25,  0.24,  3.40,  2.91,  0.39,  0.33, 0.00, 0.00, 0.00, 0.00,   0.00],  # Rt femoral head
    [13.68, 1.21, 18.33,  7.60, 15.64, 14.90, 11.17,  9.37, 0.00, 0.00, 0.00, 0.0471, 24.87],  # prostate bed
    [12.37, 2.08, 22.33,  5.49, 15.54, 14.72,  8.12,  6.87, 0.00, 0.00, 0.00, 0.00,   0.00],  # PTV_68
    [ 5.60, 5.15,105.30,  1.45, 18.37, 13.93,  1.94,  1.80, 0.32, 0.14, 0.08, 0.00,   0.00],  # PTV_56
    [ 5.69, 3.95, 24.95,  1.02, 14.25, 13.59,  1.49,  1.28, 0.00, 0.00, 0.00, 0.00,   0.00],  # Bladder
    [ 1.17, 2.58,131.12,  0.00,  9.52,  4.88,  0.00,  0.00, 0.03, 0.02, 0.01, 0.00,   0.00],  # BODY
    [ 0.95, 0.59,  3.21,  0.08,  2.56,  2.24,  0.30,  0.24, 0.00, 0.00, 0.00, 0.00,   0.00],  # Lt femoral head







templateX:-51.1498344370861	-51.1498344370861	-51.1498344370861	-51.1498344370861	-51.1498344370861	-51.1498344370861	-51.1498344370861	-51.1498344370861	-46.1498344370861	-46.1498344370861	-46.1498344370861	-46.1498344370861	-46.1498344370861	-46.1498344370861	-46.1498344370861	-46.1498344370861	-41.1498344370861	-41.1498344370861	-41.1498344370861	-41.1498344370861	-41.1498344370861	-41.1498344370861	-41.1498344370861	-41.1498344370861	-36.1498344370861	-36.1498344370861	-36.1498344370861	-36.1498344370861	-36.1498344370861	-36.1498344370861	-36.1498344370861	-36.1498344370861	-31.1498344370861	-31.1498344370861	-31.1498344370861	-31.1498344370861	-31.1498344370861	-31.1498344370861	-31.1498344370861	-31.1498344370861	-26.1498344370861	-26.1498344370861	-26.1498344370861	-26.1498344370861	-26.1498344370861	-26.1498344370861	-26.1498344370861	-26.1498344370861	-21.1498344370861	-21.1498344370861	-21.1498344370861	-21.1498344370861	-21.1498344370861	-21.1498344370861	-21.1498344370861	-21.1498344370861	-16.1498344370861	-16.1498344370861	-16.1498344370861	-16.1498344370861	-16.1498344370861	-16.1498344370861	-16.1498344370861	-16.1498344370861	-11.1498344370861	-11.1498344370861	-11.1498344370861	-11.1498344370861	-11.1498344370861	-11.1498344370861	-11.1498344370861	-11.1498344370861	-6.14983443708609	-6.14983443708609	-6.14983443708609	-6.14983443708609	-6.14983443708609	-6.14983443708609	-6.14983443708609	-6.14983443708609	-1.14983443708609	-1.14983443708609	-1.14983443708609	-1.14983443708609	-1.14983443708609	-1.14983443708609	-1.14983443708609	-1.14983443708609	3.85016556291391	3.85016556291391	3.85016556291391	3.85016556291391	3.85016556291391	3.85016556291391	3.85016556291391	3.85016556291391	8.85016556291391	8.85016556291391	8.85016556291391	8.85016556291391	8.85016556291391	8.85016556291391	8.85016556291391	8.85016556291391



templateY:-396.125413907285	-386.125413907285	-376.125413907285	-366.125413907285	-356.125413907285	-346.125413907285	-336.125413907285	-326.125413907285	-391.125413907285	-381.125413907285	-371.125413907285	-361.125413907285	-351.125413907285	-341.125413907285	-331.125413907285	-321.125413907285	-396.125413907285	-386.125413907285	-376.125413907285	-366.125413907285	-356.125413907285	-346.125413907285	-336.125413907285	-326.125413907285	-391.125413907285	-381.125413907285	-371.125413907285	-361.125413907285	-351.125413907285	-341.125413907285	-331.125413907285	-321.125413907285	-396.125413907285	-386.125413907285	-376.125413907285	-366.125413907285	-356.125413907285	-346.125413907285	-336.125413907285	-326.125413907285	-391.125413907285	-381.125413907285	-371.125413907285	-361.125413907285	-351.125413907285	-341.125413907285	-331.125413907285	-321.125413907285	-396.125413907285	-386.125413907285	-376.125413907285	-366.125413907285	-356.125413907285	-346.125413907285	-336.125413907285	-326.125413907285	-391.125413907285	-381.125413907285	-371.125413907285	-361.125413907285	-351.125413907285	-341.125413907285	-331.125413907285	-321.125413907285	-396.125413907285	-386.125413907285	-376.125413907285	-366.125413907285	-356.125413907285	-346.125413907285	-336.125413907285	-326.125413907285	-391.125413907285	-381.125413907285	-371.125413907285	-361.125413907285	-351.125413907285	-341.125413907285	-331.125413907285	-321.125413907285	-396.125413907285	-386.125413907285	-376.125413907285	-366.125413907285	-356.125413907285	-346.125413907285	-336.125413907285	-326.125413907285	-391.125413907285	-381.125413907285	-371.125413907285	-361.125413907285	-351.125413907285	-341.125413907285	-331.125413907285	-321.125413907285	-396.125413907285	-386.125413907285	-376.125413907285	-366.125413907285	-356.125413907285	-346.125413907285	-336.125413907285	-326.125413907285



templateZ:58.8711900000000	58.8711900000000	58.8711900000000	58.8711900000000	58.8711900000000	58.8711900000000	58.8711900000000	58.8711900000000	58.8711900000000	58.8711900000000	58.8711900000000	58.8711900000000	58.8711900000000	58.8711900000000	58.8711900000000	58.8711900000000	58.8711900000000	58.8711900000000	58.8711900000000	58.8711900000000	58.8711900000000	58.8711900000000	58.8711900000000	58.8711900000000	58.8711900000000	58.8711900000000	58.8711900000000	58.8711900000000	58.8711900000000	58.8711900000000	58.8711900000000	58.8711900000000	58.8711900000000	58.8711900000000	58.8711900000000	58.8711900000000	58.8711900000000	58.8711900000000	58.8711900000000	58.8711900000000	58.8711900000000	58.8711900000000	58.8711900000000	58.8711900000000	58.8711900000000	58.8711900000000	58.8711900000000	58.8711900000000	58.8711900000000	58.8711900000000	58.8711900000000	58.8711900000000	58.8711900000000	58.8711900000000	58.8711900000000	58.8711900000000	58.8711900000000	58.8711900000000	58.8711900000000	58.8711900000000	58.8711900000000	58.8711900000000	58.8711900000000	58.8711900000000	58.8711900000000	58.8711900000000	58.8711900000000	58.8711900000000	58.8711900000000	58.8711900000000	58.8711900000000	58.8711900000000	58.8711900000000	58.8711900000000	58.8711900000000	58.8711900000000	58.8711900000000	58.8711900000000	58.8711900000000	58.8711900000000	58.8711900000000	58.8711900000000	58.8711900000000	58.8711900000000	58.8711900000000	58.8711900000000	58.8711900000000	58.8711900000000	58.8711900000000	58.8711900000000	58.8711900000000	58.8711900000000	58.8711900000000	58.8711900000000	58.8711900000000	58.8711900000000	58.8711900000000	58.8711900000000	58.8711900000000	58.8711900000000	58.8711900000000	58.8711900000000	58.8711900000000	58.8711900000000








seedPosX:-51.1498344370861	-51.1498344370861	-51.1498344370861	-51.1498344370861	-51.1498344370861	-51.1498344370861	-51.1498344370861	-51.1498344370861	-46.1498344370861	-46.1498344370861	-46.1498344370861	-46.1498344370861	-46.1498344370861	-46.1498344370861	-46.1498344370861	-46.1498344370861	-41.1498344370861	-41.1498344370861	-41.1498344370861	-41.1498344370861	-41.1498344370861	-41.1498344370861	-41.1498344370861	-41.1498344370861	-36.1498344370861	-36.1498344370861	-36.1498344370861	-36.1498344370861	-36.1498344370861	-36.1498344370861	-36.1498344370861	-36.1498344370861	-31.1498344370861	-31.1498344370861	-31.1498344370861	-31.1498344370861	-31.1498344370861	-31.1498344370861	-31.1498344370861	-31.1498344370861	-26.1498344370861	-26.1498344370861	-26.1498344370861	-26.1498344370861	-26.1498344370861	-26.1498344370861	-26.1498344370861	-26.1498344370861	-21.1498344370861	-21.1498344370861	-21.1498344370861	-21.1498344370861	-21.1498344370861	-21.1498344370861	-21.1498344370861	-21.1498344370861	-16.1498344370861	-16.1498344370861	-16.1498344370861	-16.1498344370861	-16.1498344370861	-16.1498344370861	-16.1498344370861	-16.1498344370861	-11.1498344370861	-11.1498344370861	-11.1498344370861	-11.1498344370861	-11.1498344370861	-11.1498344370861	-11.1498344370861	-11.1498344370861	-6.14983443708609	-6.14983443708609	-6.14983443708609	-6.14983443708609	-6.14983443708609	-6.14983443708609	-6.14983443708609	-6.14983443708609	-1.14983443708609	-1.14983443708609	-1.14983443708609	-1.14983443708609	-1.14983443708609	-1.14983443708609	-1.14983443708609	-1.14983443708609	3.85016556291391	3.85016556291391	3.85016556291391	3.85016556291391	3.85016556291391	3.85016556291391	3.85016556291391	3.85016556291391	8.85016556291391	8.85016556291391	8.85016556291391	8.85016556291391	8.85016556291391	8.85016556291391	8.85016556291391	8.85016556291391	-51.1498344370861	-51.1498344370861	-51.1498344370861	-51.1498344370861	-51.1498344370861	-51.1498344370861	-51.1498344370861	-51.1498344370861	-46.1498344370861	-46.1498344370861	-46.1498344370861	-46.1498344370861	-46.1498344370861	-46.1498344370861	-46.1498344370861	-46.1498344370861	-41.1498344370861	-41.1498344370861	-41.1498344370861	-41.1498344370861	-41.1498344370861	-41.1498344370861	-41.1498344370861	-41.1498344370861	-36.1498344370861	-36.1498344370861	-36.1498344370861	-36.1498344370861	-36.1498344370861	-36.1498344370861	-36.1498344370861	-36.1498344370861	-31.1498344370861	-31.1498344370861	-31.1498344370861	-31.1498344370861	-31.1498344370861	-31.1498344370861	-31.1498344370861	-31.1498344370861	-26.1498344370861	-26.1498344370861	-26.1498344370861	-26.1498344370861	-26.1498344370861	-26.1498344370861	-26.1498344370861	-26.1498344370861	-21.1498344370861	-21.1498344370861	-21.1498344370861	-21.1498344370861	-21.1498344370861	-21.1498344370861	-21.1498344370861	-21.1498344370861	-16.1498344370861	-16.1498344370861	-16.1498344370861	-16.1498344370861	-16.1498344370861	-16.1498344370861	-16.1498344370861	-16.1498344370861	-11.1498344370861	-11.1498344370861	-11.1498344370861	-11.1498344370861	-11.1498344370861	-11.1498344370861	-11.1498344370861	-11.1498344370861	-6.14983443708609	-6.14983443708609	-6.14983443708609	-6.14983443708609	-6.14983443708609	-6.14983443708609	-6.14983443708609	-6.14983443708609	-1.14983443708609	-1.14983443708609	-1.14983443708609	-1.14983443708609	-1.14983443708609	-1.14983443708609	-1.14983443708609	-1.14983443708609	3.85016556291391	3.85016556291391	3.85016556291391	3.85016556291391	3.85016556291391	3.85016556291391	3.85016556291391	3.85016556291391	8.85016556291391	8.85016556291391	8.85016556291391	8.85016556291391	8.85016556291391	8.85016556291391	8.85016556291391	8.85016556291391	-51.1498344370861	-51.1498344370861	-51.1498344370861	-51.1498344370861	-51.1498344370861	-51.1498344370861	-51.1498344370861	-51.1498344370861	-46.1498344370861	-46.1498344370861	-46.1498344370861	-46.1498344370861	-46.1498344370861	-46.1498344370861	-46.1498344370861	-46.1498344370861	-41.1498344370861	-41.1498344370861	-41.1498344370861	-41.1498344370861	-41.1498344370861	-41.1498344370861	-41.1498344370861	-41.1498344370861	-36.1498344370861	-36.1498344370861	-36.1498344370861	-36.1498344370861	-36.1498344370861	-36.1498344370861	-36.1498344370861	-36.1498344370861	-31.1498344370861	-31.1498344370861	-31.1498344370861	-31.1498344370861	-31.1498344370861	-31.1498344370861	-31.1498344370861	-31.1498344370861	-26.1498344370861	-26.1498344370861	-26.1498344370861	-26.1498344370861	-26.1498344370861	-26.1498344370861	-26.1498344370861	-26.1498344370861	-21.1498344370861	-21.1498344370861	-21.1498344370861	-21.1498344370861	-21.1498344370861	-21.1498344370861	-21.1498344370861	-21.1498344370861	-16.1498344370861	-16.1498344370861	-16.1498344370861	-16.1498344370861	-16.1498344370861	-16.1498344370861	-16.1498344370861	-16.1498344370861	-11.1498344370861	-11.1498344370861	-11.1498344370861	-11.1498344370861	-11.1498344370861	-11.1498344370861	-11.1498344370861	-11.1498344370861	-6.14983443708609	-6.14983443708609	-6.14983443708609	-6.14983443708609	-6.14983443708609	-6.14983443708609	-6.14983443708609	-6.14983443708609	-1.14983443708609	-1.14983443708609	-1.14983443708609	-1.14983443708609	-1.14983443708609	-1.14983443708609	-1.14983443708609	-1.14983443708609	3.85016556291391	3.85016556291391	3.85016556291391	3.85016556291391	3.85016556291391	3.85016556291391	3.85016556291391	3.85016556291391	8.85016556291391	8.85016556291391	8.85016556291391	8.85016556291391	8.85016556291391	8.85016556291391	8.85016556291391	8.85016556291391	-51.1498344370861	-51.1498344370861	-51.1498344370861	-51.1498344370861	-51.1498344370861	-51.1498344370861	-51.1498344370861	-51.1498344370861	-46.1498344370861	-46.1498344370861	-46.1498344370861	-46.1498344370861	-46.1498344370861	-46.1498344370861	-46.1498344370861	-46.1498344370861	-41.1498344370861	-41.1498344370861	-41.1498344370861	-41.1498344370861	-41.1498344370861	-41.1498344370861	-41.1498344370861	-41.1498344370861	-36.1498344370861	-36.1498344370861	-36.1498344370861	-36.1498344370861	-36.1498344370861	-36.1498344370861	-36.1498344370861	-36.1498344370861	-31.1498344370861	-31.1498344370861	-31.1498344370861	-31.1498344370861	-31.1498344370861	-31.1498344370861	-31.1498344370861	-31.1498344370861	-26.1498344370861	-26.1498344370861	-26.1498344370861	-26.1498344370861	-26.1498344370861	-26.1498344370861	-26.1498344370861	-26.1498344370861	-21.1498344370861	-21.1498344370861	-21.1498344370861	-21.1498344370861	-21.1498344370861	-21.1498344370861	-21.1498344370861	-21.1498344370861	-16.1498344370861	-16.1498344370861	-16.1498344370861	-16.1498344370861	-16.1498344370861	-16.1498344370861	-16.1498344370861	-16.1498344370861	-11.1498344370861	-11.1498344370861	-11.1498344370861	-11.1498344370861	-11.1498344370861	-11.1498344370861	-11.1498344370861	-11.1498344370861	-6.14983443708609	-6.14983443708609	-6.14983443708609	-6.14983443708609	-6.14983443708609	-6.14983443708609	-6.14983443708609	-6.14983443708609	-1.14983443708609	-1.14983443708609	-1.14983443708609	-1.14983443708609	-1.14983443708609	-1.14983443708609	-1.14983443708609	-1.14983443708609	3.85016556291391	3.85016556291391	3.85016556291391	3.85016556291391	3.85016556291391	3.85016556291391	3.85016556291391	3.85016556291391	8.85016556291391	8.85016556291391	8.85016556291391	8.85016556291391	8.85016556291391	8.85016556291391	8.85016556291391	8.85016556291391	-51.1498344370861	-51.1498344370861	-51.1498344370861	-51.1498344370861	-51.1498344370861	-51.1498344370861	-51.1498344370861	-51.1498344370861	-46.1498344370861	-46.1498344370861	-46.1498344370861	-46.1498344370861	-46.1498344370861	-46.1498344370861	-46.1498344370861	-46.1498344370861	-41.1498344370861	-41.1498344370861	-41.1498344370861	-41.1498344370861	-41.1498344370861	-41.1498344370861	-41.1498344370861	-41.1498344370861	-36.1498344370861	-36.1498344370861	-36.1498344370861	-36.1498344370861	-36.1498344370861	-36.1498344370861	-36.1498344370861	-36.1498344370861	-31.1498344370861	-31.1498344370861	-31.1498344370861	-31.1498344370861	-31.1498344370861	-31.1498344370861	-31.1498344370861	-31.1498344370861	-26.1498344370861	-26.1498344370861	-26.1498344370861	-26.1498344370861	-26.1498344370861	-26.1498344370861	-26.1498344370861	-26.1498344370861	-21.1498344370861	-21.1498344370861	-21.1498344370861	-21.1498344370861	-21.1498344370861	-21.1498344370861	-21.1498344370861	-21.1498344370861	-16.1498344370861	-16.1498344370861	-16.1498344370861	-16.1498344370861	-16.1498344370861	-16.1498344370861	-16.1498344370861	-16.1498344370861	-11.1498344370861	-11.1498344370861	-11.1498344370861	-11.1498344370861	-11.1498344370861	-11.1498344370861	-11.1498344370861	-11.1498344370861	-6.14983443708609	-6.14983443708609	-6.14983443708609	-6.14983443708609	-6.14983443708609	-6.14983443708609	-6.14983443708609	-6.14983443708609	-1.14983443708609	-1.14983443708609	-1.14983443708609	-1.14983443708609	-1.14983443708609	-1.14983443708609	-1.14983443708609	-1.14983443708609	3.85016556291391	3.85016556291391	3.85016556291391	3.85016556291391	3.85016556291391	3.85016556291391	3.85016556291391	3.85016556291391	8.85016556291391	8.85016556291391	8.85016556291391	8.85016556291391	8.85016556291391	8.85016556291391	8.85016556291391	8.85016556291391	-51.1498344370861	-51.1498344370861	-51.1498344370861	-51.1498344370861	-51.1498344370861	-51.1498344370861	-51.1498344370861	-51.1498344370861	-46.1498344370861	-46.1498344370861	-46.1498344370861	-46.1498344370861	-46.1498344370861	-46.1498344370861	-46.1498344370861	-46.1498344370861	-41.1498344370861	-41.1498344370861	-41.1498344370861	-41.1498344370861	-41.1498344370861	-41.1498344370861	-41.1498344370861	-41.1498344370861	-36.1498344370861	-36.1498344370861	-36.1498344370861	-36.1498344370861	-36.1498344370861	-36.1498344370861	-36.1498344370861	-36.1498344370861	-31.1498344370861	-31.1498344370861	-31.1498344370861	-31.1498344370861	-31.1498344370861	-31.1498344370861	-31.1498344370861	-31.1498344370861	-26.1498344370861	-26.1498344370861	-26.1498344370861	-26.1498344370861	-26.1498344370861	-26.1498344370861	-26.1498344370861	-26.1498344370861	-21.1498344370861	-21.1498344370861	-21.1498344370861	-21.1498344370861	-21.1498344370861	-21.1498344370861	-21.1498344370861	-21.1498344370861	-16.1498344370861	-16.1498344370861	-16.1498344370861	-16.1498344370861	-16.1498344370861	-16.1498344370861	-16.1498344370861	-16.1498344370861	-11.1498344370861	-11.1498344370861	-11.1498344370861	-11.1498344370861	-11.1498344370861	-11.1498344370861	-11.1498344370861	-11.1498344370861	-6.14983443708609	-6.14983443708609	-6.14983443708609	-6.14983443708609	-6.14983443708609	-6.14983443708609	-6.14983443708609	-6.14983443708609	-1.14983443708609	-1.14983443708609	-1.14983443708609	-1.14983443708609	-1.14983443708609	-1.14983443708609	-1.14983443708609	-1.14983443708609	3.85016556291391	3.85016556291391	3.85016556291391	3.85016556291391	3.85016556291391	3.85016556291391	3.85016556291391	3.85016556291391	8.85016556291391	8.85016556291391	8.85016556291391	8.85016556291391	8.85016556291391	8.85016556291391	8.85016556291391	8.85016556291391



seedPosY:-396.125413907285	-386.125413907285	-376.125413907285	-366.125413907285	-356.125413907285	-346.125413907285	-336.125413907285	-326.125413907285	-391.125413907285	-381.125413907285	-371.125413907285	-361.125413907285	-351.125413907285	-341.125413907285	-331.125413907285	-321.125413907285	-396.125413907285	-386.125413907285	-376.125413907285	-366.125413907285	-356.125413907285	-346.125413907285	-336.125413907285	-326.125413907285	-391.125413907285	-381.125413907285	-371.125413907285	-361.125413907285	-351.125413907285	-341.125413907285	-331.125413907285	-321.125413907285	-396.125413907285	-386.125413907285	-376.125413907285	-366.125413907285	-356.125413907285	-346.125413907285	-336.125413907285	-326.125413907285	-391.125413907285	-381.125413907285	-371.125413907285	-361.125413907285	-351.125413907285	-341.125413907285	-331.125413907285	-321.125413907285	-396.125413907285	-386.125413907285	-376.125413907285	-366.125413907285	-356.125413907285	-346.125413907285	-336.125413907285	-326.125413907285	-391.125413907285	-381.125413907285	-371.125413907285	-361.125413907285	-351.125413907285	-341.125413907285	-331.125413907285	-321.125413907285	-396.125413907285	-386.125413907285	-376.125413907285	-366.125413907285	-356.125413907285	-346.125413907285	-336.125413907285	-326.125413907285	-391.125413907285	-381.125413907285	-371.125413907285	-361.125413907285	-351.125413907285	-341.125413907285	-331.125413907285	-321.125413907285	-396.125413907285	-386.125413907285	-376.125413907285	-366.125413907285	-356.125413907285	-346.125413907285	-336.125413907285	-326.125413907285	-391.125413907285	-381.125413907285	-371.125413907285	-361.125413907285	-351.125413907285	-341.125413907285	-331.125413907285	-321.125413907285	-396.125413907285	-386.125413907285	-376.125413907285	-366.125413907285	-356.125413907285	-346.125413907285	-336.125413907285	-326.125413907285	-396.125413907285	-386.125413907285	-376.125413907285	-366.125413907285	-356.125413907285	-346.125413907285	-336.125413907285	-326.125413907285	-391.125413907285	-381.125413907285	-371.125413907285	-361.125413907285	-351.125413907285	-341.125413907285	-331.125413907285	-321.125413907285	-396.125413907285	-386.125413907285	-376.125413907285	-366.125413907285	-356.125413907285	-346.125413907285	-336.125413907285	-326.125413907285	-391.125413907285	-381.125413907285	-371.125413907285	-361.125413907285	-351.125413907285	-341.125413907285	-331.125413907285	-321.125413907285	-396.125413907285	-386.125413907285	-376.125413907285	-366.125413907285	-356.125413907285	-346.125413907285	-336.125413907285	-326.125413907285	-391.125413907285	-381.125413907285	-371.125413907285	-361.125413907285	-351.125413907285	-341.125413907285	-331.125413907285	-321.125413907285	-396.125413907285	-386.125413907285	-376.125413907285	-366.125413907285	-356.125413907285	-346.125413907285	-336.125413907285	-326.125413907285	-391.125413907285	-381.125413907285	-371.125413907285	-361.125413907285	-351.125413907285	-341.125413907285	-331.125413907285	-321.125413907285	-396.125413907285	-386.125413907285	-376.125413907285	-366.125413907285	-356.125413907285	-346.125413907285	-336.125413907285	-326.125413907285	-391.125413907285	-381.125413907285	-371.125413907285	-361.125413907285	-351.125413907285	-341.125413907285	-331.125413907285	-321.125413907285	-396.125413907285	-386.125413907285	-376.125413907285	-366.125413907285	-356.125413907285	-346.125413907285	-336.125413907285	-326.125413907285	-391.125413907285	-381.125413907285	-371.125413907285	-361.125413907285	-351.125413907285	-341.125413907285	-331.125413907285	-321.125413907285	-396.125413907285	-386.125413907285	-376.125413907285	-366.125413907285	-356.125413907285	-346.125413907285	-336.125413907285	-326.125413907285	-396.125413907285	-386.125413907285	-376.125413907285	-366.125413907285	-356.125413907285	-346.125413907285	-336.125413907285	-326.125413907285	-391.125413907285	-381.125413907285	-371.125413907285	-361.125413907285	-351.125413907285	-341.125413907285	-331.125413907285	-321.125413907285	-396.125413907285	-386.125413907285	-376.125413907285	-366.125413907285	-356.125413907285	-346.125413907285	-336.125413907285	-326.125413907285	-391.125413907285	-381.125413907285	-371.125413907285	-361.125413907285	-351.125413907285	-341.125413907285	-331.125413907285	-321.125413907285	-396.125413907285	-386.125413907285	-376.125413907285	-366.125413907285	-356.125413907285	-346.125413907285	-336.125413907285	-326.125413907285	-391.125413907285	-381.125413907285	-371.125413907285	-361.125413907285	-351.125413907285	-341.125413907285	-331.125413907285	-321.125413907285	-396.125413907285	-386.125413907285	-376.125413907285	-366.125413907285	-356.125413907285	-346.125413907285	-336.125413907285	-326.125413907285	-391.125413907285	-381.125413907285	-371.125413907285	-361.125413907285	-351.125413907285	-341.125413907285	-331.125413907285	-321.125413907285	-396.125413907285	-386.125413907285	-376.125413907285	-366.125413907285	-356.125413907285	-346.125413907285	-336.125413907285	-326.125413907285	-391.125413907285	-381.125413907285	-371.125413907285	-361.125413907285	-351.125413907285	-341.125413907285	-331.125413907285	-321.125413907285	-396.125413907285	-386.125413907285	-376.125413907285	-366.125413907285	-356.125413907285	-346.125413907285	-336.125413907285	-326.125413907285	-391.125413907285	-381.125413907285	-371.125413907285	-361.125413907285	-351.125413907285	-341.125413907285	-331.125413907285	-321.125413907285	-396.125413907285	-386.125413907285	-376.125413907285	-366.125413907285	-356.125413907285	-346.125413907285	-336.125413907285	-326.125413907285	-396.125413907285	-386.125413907285	-376.125413907285	-366.125413907285	-356.125413907285	-346.125413907285	-336.125413907285	-326.125413907285	-391.125413907285	-381.125413907285	-371.125413907285	-361.125413907285	-351.125413907285	-341.125413907285	-331.125413907285	-321.125413907285	-396.125413907285	-386.125413907285	-376.125413907285	-366.125413907285	-356.125413907285	-346.125413907285	-336.125413907285	-326.125413907285	-391.125413907285	-381.125413907285	-371.125413907285	-361.125413907285	-351.125413907285	-341.125413907285	-331.125413907285	-321.125413907285	-396.125413907285	-386.125413907285	-376.125413907285	-366.125413907285	-356.125413907285	-346.125413907285	-336.125413907285	-326.125413907285	-391.125413907285	-381.125413907285	-371.125413907285	-361.125413907285	-351.125413907285	-341.125413907285	-331.125413907285	-321.125413907285	-396.125413907285	-386.125413907285	-376.125413907285	-366.125413907285	-356.125413907285	-346.125413907285	-336.125413907285	-326.125413907285	-391.125413907285	-381.125413907285	-371.125413907285	-361.125413907285	-351.125413907285	-341.125413907285	-331.125413907285	-321.125413907285	-396.125413907285	-386.125413907285	-376.125413907285	-366.125413907285	-356.125413907285	-346.125413907285	-336.125413907285	-326.125413907285	-391.125413907285	-381.125413907285	-371.125413907285	-361.125413907285	-351.125413907285	-341.125413907285	-331.125413907285	-321.125413907285	-396.125413907285	-386.125413907285	-376.125413907285	-366.125413907285	-356.125413907285	-346.125413907285	-336.125413907285	-326.125413907285	-391.125413907285	-381.125413907285	-371.125413907285	-361.125413907285	-351.125413907285	-341.125413907285	-331.125413907285	-321.125413907285	-396.125413907285	-386.125413907285	-376.125413907285	-366.125413907285	-356.125413907285	-346.125413907285	-336.125413907285	-326.125413907285	-396.125413907285	-386.125413907285	-376.125413907285	-366.125413907285	-356.125413907285	-346.125413907285	-336.125413907285	-326.125413907285	-391.125413907285	-381.125413907285	-371.125413907285	-361.125413907285	-351.125413907285	-341.125413907285	-331.125413907285	-321.125413907285	-396.125413907285	-386.125413907285	-376.125413907285	-366.125413907285	-356.125413907285	-346.125413907285	-336.125413907285	-326.125413907285	-391.125413907285	-381.125413907285	-371.125413907285	-361.125413907285	-351.125413907285	-341.125413907285	-331.125413907285	-321.125413907285	-396.125413907285	-386.125413907285	-376.125413907285	-366.125413907285	-356.125413907285	-346.125413907285	-336.125413907285	-326.125413907285	-391.125413907285	-381.125413907285	-371.125413907285	-361.125413907285	-351.125413907285	-341.125413907285	-331.125413907285	-321.125413907285	-396.125413907285	-386.125413907285	-376.125413907285	-366.125413907285	-356.125413907285	-346.125413907285	-336.125413907285	-326.125413907285	-391.125413907285	-381.125413907285	-371.125413907285	-361.125413907285	-351.125413907285	-341.125413907285	-331.125413907285	-321.125413907285	-396.125413907285	-386.125413907285	-376.125413907285	-366.125413907285	-356.125413907285	-346.125413907285	-336.125413907285	-326.125413907285	-391.125413907285	-381.125413907285	-371.125413907285	-361.125413907285	-351.125413907285	-341.125413907285	-331.125413907285	-321.125413907285	-396.125413907285	-386.125413907285	-376.125413907285	-366.125413907285	-356.125413907285	-346.125413907285	-336.125413907285	-326.125413907285	-391.125413907285	-381.125413907285	-371.125413907285	-361.125413907285	-351.125413907285	-341.125413907285	-331.125413907285	-321.125413907285	-396.125413907285	-386.125413907285	-376.125413907285	-366.125413907285	-356.125413907285	-346.125413907285	-336.125413907285	-326.125413907285	-396.125413907285	-386.125413907285	-376.125413907285	-366.125413907285	-356.125413907285	-346.125413907285	-336.125413907285	-326.125413907285	-391.125413907285	-381.125413907285	-371.125413907285	-361.125413907285	-351.125413907285	-341.125413907285	-331.125413907285	-321.125413907285	-396.125413907285	-386.125413907285	-376.125413907285	-366.125413907285	-356.125413907285	-346.125413907285	-336.125413907285	-326.125413907285	-391.125413907285	-381.125413907285	-371.125413907285	-361.125413907285	-351.125413907285	-341.125413907285	-331.125413907285	-321.125413907285	-396.125413907285	-386.125413907285	-376.125413907285	-366.125413907285	-356.125413907285	-346.125413907285	-336.125413907285	-326.125413907285	-391.125413907285	-381.125413907285	-371.125413907285	-361.125413907285	-351.125413907285	-341.125413907285	-331.125413907285	-321.125413907285	-396.125413907285	-386.125413907285	-376.125413907285	-366.125413907285	-356.125413907285	-346.125413907285	-336.125413907285	-326.125413907285	-391.125413907285	-381.125413907285	-371.125413907285	-361.125413907285	-351.125413907285	-341.125413907285	-331.125413907285	-321.125413907285	-396.125413907285	-386.125413907285	-376.125413907285	-366.125413907285	-356.125413907285	-346.125413907285	-336.125413907285	-326.125413907285	-391.125413907285	-381.125413907285	-371.125413907285	-361.125413907285	-351.125413907285	-341.125413907285	-331.125413907285	-321.125413907285	-396.125413907285	-386.125413907285	-376.125413907285	-366.125413907285	-356.125413907285	-346.125413907285	-336.125413907285	-326.125413907285	-391.125413907285	-381.125413907285	-371.125413907285	-361.125413907285	-351.125413907285	-341.125413907285	-331.125413907285	-321.125413907285	-396.125413907285	-386.125413907285	-376.125413907285	-366.125413907285	-356.125413907285	-346.125413907285	-336.125413907285	-326.125413907285



seedPosZ:58.8711900000000	58.8711900000000	58.8711900000000	58.8711900000000	58.8711900000000	58.8711900000000	58.8711900000000	58.8711900000000	58.8711900000000	58.8711900000000	58.8711900000000	58.8711900000000	58.8711900000000	58.8711900000000	58.8711900000000	58.8711900000000	58.8711900000000	58.8711900000000	58.8711900000000	58.8711900000000	58.8711900000000	58.8711900000000	58.8711900000000	58.8711900000000	58.8711900000000	58.8711900000000	58.8711900000000	58.8711900000000	58.8711900000000	58.8711900000000	58.8711900000000	58.8711900000000	58.8711900000000	58.8711900000000	58.8711900000000	58.8711900000000	58.8711900000000	58.8711900000000	58.8711900000000	58.8711900000000	58.8711900000000	58.8711900000000	58.8711900000000	58.8711900000000	58.8711900000000	58.8711900000000	58.8711900000000	58.8711900000000	58.8711900000000	58.8711900000000	58.8711900000000	58.8711900000000	58.8711900000000	58.8711900000000	58.8711900000000	58.8711900000000	58.8711900000000	58.8711900000000	58.8711900000000	58.8711900000000	58.8711900000000	58.8711900000000	58.8711900000000	58.8711900000000	58.8711900000000	58.8711900000000	58.8711900000000	58.8711900000000	58.8711900000000	58.8711900000000	58.8711900000000	58.8711900000000	58.8711900000000	58.8711900000000	58.8711900000000	58.8711900000000	58.8711900000000	58.8711900000000	58.8711900000000	58.8711900000000	58.8711900000000	58.8711900000000	58.8711900000000	58.8711900000000	58.8711900000000	58.8711900000000	58.8711900000000	58.8711900000000	58.8711900000000	58.8711900000000	58.8711900000000	58.8711900000000	58.8711900000000	58.8711900000000	58.8711900000000	58.8711900000000	58.8711900000000	58.8711900000000	58.8711900000000	58.8711900000000	58.8711900000000	58.8711900000000	58.8711900000000	58.8711900000000	68.8711900000000	68.8711900000000	68.8711900000000	68.8711900000000	68.8711900000000	68.8711900000000	68.8711900000000	68.8711900000000	68.8711900000000	68.8711900000000	68.8711900000000	68.8711900000000	68.8711900000000	68.8711900000000	68.8711900000000	68.8711900000000	68.8711900000000	68.8711900000000	68.8711900000000	68.8711900000000	68.8711900000000	68.8711900000000	68.8711900000000	68.8711900000000	68.8711900000000	68.8711900000000	68.8711900000000	68.8711900000000	68.8711900000000	68.8711900000000	68.8711900000000	68.8711900000000	68.8711900000000	68.8711900000000	68.8711900000000	68.8711900000000	68.8711900000000	68.8711900000000	68.8711900000000	68.8711900000000	68.8711900000000	68.8711900000000	68.8711900000000	68.8711900000000	68.8711900000000	68.8711900000000	68.8711900000000	68.8711900000000	68.8711900000000	68.8711900000000	68.8711900000000	68.8711900000000	68.8711900000000	68.8711900000000	68.8711900000000	68.8711900000000	68.8711900000000	68.8711900000000	68.8711900000000	68.8711900000000	68.8711900000000	68.8711900000000	68.8711900000000	68.8711900000000	68.8711900000000	68.8711900000000	68.8711900000000	68.8711900000000	68.8711900000000	68.8711900000000	68.8711900000000	68.8711900000000	68.8711900000000	68.8711900000000	68.8711900000000	68.8711900000000	68.8711900000000	68.8711900000000	68.8711900000000	68.8711900000000	68.8711900000000	68.8711900000000	68.8711900000000	68.8711900000000	68.8711900000000	68.8711900000000	68.8711900000000	68.8711900000000	68.8711900000000	68.8711900000000	68.8711900000000	68.8711900000000	68.8711900000000	68.8711900000000	68.8711900000000	68.8711900000000	68.8711900000000	68.8711900000000	68.8711900000000	68.8711900000000	68.8711900000000	68.8711900000000	68.8711900000000	68.8711900000000	78.8711900000000	78.8711900000000	78.8711900000000	78.8711900000000	78.8711900000000	78.8711900000000	78.8711900000000	78.8711900000000	78.8711900000000	78.8711900000000	78.8711900000000	78.8711900000000	78.8711900000000	78.8711900000000	78.8711900000000	78.8711900000000	78.8711900000000	78.8711900000000	78.8711900000000	78.8711900000000	78.8711900000000	78.8711900000000	78.8711900000000	78.8711900000000	78.8711900000000	78.8711900000000	78.8711900000000	78.8711900000000	78.8711900000000	78.8711900000000	78.8711900000000	78.8711900000000	78.8711900000000	78.8711900000000	78.8711900000000	78.8711900000000	78.8711900000000	78.8711900000000	78.8711900000000	78.8711900000000	78.8711900000000	78.8711900000000	78.8711900000000	78.8711900000000	78.8711900000000	78.8711900000000	78.8711900000000	78.8711900000000	78.8711900000000	78.8711900000000	78.8711900000000	78.8711900000000	78.8711900000000	78.8711900000000	78.8711900000000	78.8711900000000	78.8711900000000	78.8711900000000	78.8711900000000	78.8711900000000	78.8711900000000	78.8711900000000	78.8711900000000	78.8711900000000	78.8711900000000	78.8711900000000	78.8711900000000	78.8711900000000	78.8711900000000	78.8711900000000	78.8711900000000	78.8711900000000	78.8711900000000	78.8711900000000	78.8711900000000	78.8711900000000	78.8711900000000	78.8711900000000	78.8711900000000	78.8711900000000	78.8711900000000	78.8711900000000	78.8711900000000	78.8711900000000	78.8711900000000	78.8711900000000	78.8711900000000	78.8711900000000	78.8711900000000	78.8711900000000	78.8711900000000	78.8711900000000	78.8711900000000	78.8711900000000	78.8711900000000	78.8711900000000	78.8711900000000	78.8711900000000	78.8711900000000	78.8711900000000	78.8711900000000	78.8711900000000	78.8711900000000	78.8711900000000	88.8711900000000	88.8711900000000	88.8711900000000	88.8711900000000	88.8711900000000	88.8711900000000	88.8711900000000	88.8711900000000	88.8711900000000	88.8711900000000	88.8711900000000	88.8711900000000	88.8711900000000	88.8711900000000	88.8711900000000	88.8711900000000	88.8711900000000	88.8711900000000	88.8711900000000	88.8711900000000	88.8711900000000	88.8711900000000	88.8711900000000	88.8711900000000	88.8711900000000	88.8711900000000	88.8711900000000	88.8711900000000	88.8711900000000	88.8711900000000	88.8711900000000	88.8711900000000	88.8711900000000	88.8711900000000	88.8711900000000	88.8711900000000	88.8711900000000	88.8711900000000	88.8711900000000	88.8711900000000	88.8711900000000	88.8711900000000	88.8711900000000	88.8711900000000	88.8711900000000	88.8711900000000	88.8711900000000	88.8711900000000	88.8711900000000	88.8711900000000	88.8711900000000	88.8711900000000	88.8711900000000	88.8711900000000	88.8711900000000	88.8711900000000	88.8711900000000	88.8711900000000	88.8711900000000	88.8711900000000	88.8711900000000	88.8711900000000	88.8711900000000	88.8711900000000	88.8711900000000	88.8711900000000	88.8711900000000	88.8711900000000	88.8711900000000	88.8711900000000	88.8711900000000	88.8711900000000	88.8711900000000	88.8711900000000	88.8711900000000	88.8711900000000	88.8711900000000	88.8711900000000	88.8711900000000	88.8711900000000	88.8711900000000	88.8711900000000	88.8711900000000	88.8711900000000	88.8711900000000	88.8711900000000	88.8711900000000	88.8711900000000	88.8711900000000	88.8711900000000	88.8711900000000	88.8711900000000	88.8711900000000	88.8711900000000	88.8711900000000	88.8711900000000	88.8711900000000	88.8711900000000	88.8711900000000	88.8711900000000	88.8711900000000	88.8711900000000	88.8711900000000	88.8711900000000	98.8711900000000	98.8711900000000	98.8711900000000	98.8711900000000	98.8711900000000	98.8711900000000	98.8711900000000	98.8711900000000	98.8711900000000	98.8711900000000	98.8711900000000	98.8711900000000	98.8711900000000	98.8711900000000	98.8711900000000	98.8711900000000	98.8711900000000	98.8711900000000	98.8711900000000	98.8711900000000	98.8711900000000	98.8711900000000	98.8711900000000	98.8711900000000	98.8711900000000	98.8711900000000	98.8711900000000	98.8711900000000	98.8711900000000	98.8711900000000	98.8711900000000	98.8711900000000	98.8711900000000	98.8711900000000	98.8711900000000	98.8711900000000	98.8711900000000	98.8711900000000	98.8711900000000	98.8711900000000	98.8711900000000	98.8711900000000	98.8711900000000	98.8711900000000	98.8711900000000	98.8711900000000	98.8711900000000	98.8711900000000	98.8711900000000	98.8711900000000	98.8711900000000	98.8711900000000	98.8711900000000	98.8711900000000	98.8711900000000	98.8711900000000	98.8711900000000	98.8711900000000	98.8711900000000	98.8711900000000	98.8711900000000	98.8711900000000	98.8711900000000	98.8711900000000	98.8711900000000	98.8711900000000	98.8711900000000	98.8711900000000	98.8711900000000	98.8711900000000	98.8711900000000	98.8711900000000	98.8711900000000	98.8711900000000	98.8711900000000	98.8711900000000	98.8711900000000	98.8711900000000	98.8711900000000	98.8711900000000	98.8711900000000	98.8711900000000	98.8711900000000	98.8711900000000	98.8711900000000	98.8711900000000	98.8711900000000	98.8711900000000	98.8711900000000	98.8711900000000	98.8711900000000	98.8711900000000	98.8711900000000	98.8711900000000	98.8711900000000	98.8711900000000	98.8711900000000	98.8711900000000	98.8711900000000	98.8711900000000	98.8711900000000	98.8711900000000	98.8711900000000	98.8711900000000	108.871190000000	108.871190000000	108.871190000000	108.871190000000	108.871190000000	108.871190000000	108.871190000000	108.871190000000	108.871190000000	108.871190000000	108.871190000000	108.871190000000	108.871190000000	108.871190000000	108.871190000000	108.871190000000	108.871190000000	108.871190000000	108.871190000000	108.871190000000	108.871190000000	108.871190000000	108.871190000000	108.871190000000	108.871190000000	108.871190000000	108.871190000000	108.871190000000	108.871190000000	108.871190000000	108.871190000000	108.871190000000	108.871190000000	108.871190000000	108.871190000000	108.871190000000	108.871190000000	108.871190000000	108.871190000000	108.871190000000	108.871190000000	108.871190000000	108.871190000000	108.871190000000	108.871190000000	108.871190000000	108.871190000000	108.871190000000	108.871190000000	108.871190000000	108.871190000000	108.871190000000	108.871190000000	108.871190000000	108.871190000000	108.871190000000	108.871190000000	108.871190000000	108.871190000000	108.871190000000	108.871190000000	108.871190000000	108.871190000000	108.871190000000	108.871190000000	108.871190000000	108.871190000000	108.871190000000	108.871190000000	108.871190000000	108.871190000000	108.871190000000	108.871190000000	108.871190000000	108.871190000000	108.871190000000	108.871190000000	108.871190000000	108.871190000000	108.871190000000	108.871190000000	108.871190000000	108.871190000000	108.871190000000	108.871190000000	108.871190000000	108.871190000000	108.871190000000	108.871190000000	108.871190000000	108.871190000000	108.871190000000	108.871190000000	108.871190000000	108.871190000000	108.871190000000	108.871190000000	108.871190000000	108.871190000000	108.871190000000	108.871190000000	108.871190000000	108.871190000000	108.871190000000



objFunctionValue:682.981218016424
