Dataset 10


dvh_array = np.array([
    [ 7.72, 2.96, 19.62,  2.98, 12.52, 12.22,  3.35,  3.22, 0.00, 0.00, 0.00, 0.00,   0.00],  # Rectum
    [ 4.71, 0.50,  5.50,  3.99,  5.47,  5.45,  4.05,  4.01, 0.00, 0.00, 0.00, 0.00,   0.00],  # Penile_bulb
    [ 5.10, 3.36, 33.20,  1.89, 14.93, 12.43,  2.31,  2.16, 0.00, 0.00, 0.00, 0.00,   0.00],  # Lymph Nodes
    [ 1.10, 0.75,  4.02,  0.25,  3.18,  2.72,  0.38,  0.33, 0.00, 0.00, 0.00, 0.00,   0.00],  # Rt femoral head
    [13.68, 1.25, 20.13,  7.53, 15.66, 15.01, 11.18,  9.28, 0.00, 0.00, 0.00, 0.0484, 25.54],  # prostate_bed
    [12.29, 2.12, 24.74,  5.42, 15.56, 14.76,  8.03,  6.80, 0.00, 0.00, 0.00, 0.00,   0.00],  # PTV_68
    [ 5.47, 6.32,239.52,  1.45, 16.12, 13.64,  1.91,  1.77, 0.28, 0.19, 0.13, 0.00,   0.00],  # PTV_56
    [ 5.58, 3.95, 23.99,  0.95, 14.27, 13.65,  1.42,  1.21, 0.00, 0.00, 0.00, 0.00,   0.00],  # Bladder
    [ 1.16, 2.88,502.86,  0.00,  9.52,  4.81,  0.00,  0.00, 0.04, 0.03, 0.02, 0.00,   0.00],  # BODY
    [ 0.93, 0.59,  3.15,  0.10,  2.53,  2.21,  0.28,  0.23, 0.00, 0.00, 0.00, 0.00,   0.00],  # Lt femoral head
])



templateX:  -49.7037998387823	-50.5110220785762	-49.5862672881823	-52.5530229068543	-51.1112332025319	-52.5143852464463	-50.9914178664291	-50.4890837906812	-47.3838749779025	-45.1783708054580	-46.5031551212124	-44.7557846184607	-46.8251808783466	-47.6861554252611	-47.1316854315114	-47.6099191574727	-39.5734507641244	-42.8425371240877	-42.4984949209462	-42.8563996261929	-42.1430387846193	-42.8598380862368	-40.6512620075558	-41.0903661487255	-37.0404369317306	-37.2217187468993	-37.5817874135680	-36.6102886082420	-37.8725592498549	-35.7903798198308	-36.2238428329074	-36.8214225261818	-30.2942788703894	-29.9621119655954	-31.9813227162815	-31.1000012224588	-31.3361249905120	-31.7055954275990	-29.9628381190965	-29.4611106818152	-25.7072086833294	-27.2653713399674	-27.4692748780850	-25.8699439533462	-26.7499591250885	-26.9611821327486	-25.9739975737563	-27.2680253004809	-20.5251128941340	-22.7049247211872	-22.7806342914018	-21.8970198453981	-22.6289692724709	-19.7478314211917	-19.9367136223439	-21.5148897830486	-17.3075810084847	-16.3932513404225	-16.4430709579963	-15.3491622456905	-16.4771765608843	-14.5685083374022	-14.7078868638842	-14.5698843292984	-11.6888302273251	-11.8839797063436	-9.79638176714758	-12.1647266486115	-12.4417665199257	-11.0780288314478	-9.73071481302828	-11.4909786124965	-7.14467005448230	-7.62424624572287	-4.63412492090812	-5.78978397368305	-6.57861183083349	-5.57257439288607	-5.12716851153152	-6.73261198251660	-0.475528411917791	-2.18647956700673	0.455663148528527	-0.408420839668018	-2.31566136465078	-1.35011433115836	-0.684356947817876	0.355050663486638	3.95282395580652	4.29282604673202	4.48303179246179	5.33135689396724	2.63508506079751	3.52018834091476	3.19383155886363	4.52881191720889	10.2175731198088	8.81751394491701	9.92054784587292	8.24270174550373	9.02474257085394	8.46091073503091	10.2390670883392	9.46658584643257


templateY:  -394.976024588127	-387.490102940219	-376.898118236337	-365.188687327344	-357.119215821052	-347.756196458684	-336.347482265187	-324.596390920855	-391.958102537454	-380.881304657837	-371.616978250114	-362.781478705917	-351.123946734383	-339.980861730755	-331.968975435460	-322.714816384054	-397.012763292942	-385.562851401083	-376.722479988375	-365.567177040800	-357.829899472350	-345.362176408914	-336.506498064813	-327.758145498466	-391.454359998532	-380.368337178481	-369.650736455548	-359.431358805894	-349.433440852403	-339.738342581834	-329.845452673640	-320.072050504524	-395.932987927078	-386.409361390977	-377.430485134213	-365.584241306491	-354.851536715074	-346.914319385243	-334.934840126422	-327.627770552342	-391.549641644568	-381.936820888873	-372.340189781538	-360.666915377556	-351.768102050448	-339.518522423430	-331.130054944938	-320.290284098746	-397.830769066162	-385.756677747477	-375.857834282188	-365.049588034123	-355.583025691970	-344.801614524311	-334.717108668237	-327.342598908931	-392.201383603462	-380.106999137040	-372.662946042501	-361.511018733698	-351.825533417370	-340.305784234269	-332.510681519134	-320.101399700845	-395.135862607653	-386.012021981019	-376.988680710910	-367.627072859744	-355.685102248186	-347.789028761833	-337.658265183501	-327.421771969311	-391.298264654279	-380.522238453556	-369.879025990111	-361.130854922394	-352.704668143158	-341.777000647730	-330.629704820263	-320.123060654634	-396.863387181168	-386.132875869880	-375.010892751366	-365.792464883433	-355.997927776071	-346.717357915115	-336.434498115405	-325.096392064879	-391.674185135502	-381.256290331399	-371.588031069986	-360.496916738670	-350.888187295737	-340.594194945828	-331.156515788208	-321.480810085094	-396.204219175792	-387.642357226954	-376.436814202142	-364.483592052694	-355.142890299169	-345.323851296894	-335.195636751254	-325.227381093765


templateZ:  60.0726361096581	59.8167389748314	60.5465032505605	57.5109480489385	58.5074592942331	58.8434022779384	58.0245211639969	57.2505717745804	60.5315246306180	59.6636809265771	57.6390669063502	57.6388209508006	59.5880743468734	58.4546673284088	57.3886300545807	58.5591312006142	57.6216569393120	59.9174104218572	60.3770585709832	57.1377081725688	59.3963320349795	59.4960536136837	58.0088699462625	60.0723231950481	58.1500457097485	57.2152013445341	57.4477650701388	59.9137874030237	59.6110991917731	59.8631137434479	59.3049192540724	60.0101441102579	57.2437690478112	58.5403524030264	57.9950306434923	58.8043289457475	60.2041269461091	58.1035868615834	59.2181887825801	57.2129814852666	57.6643853319402	60.0398780475072	57.8033167853746	60.0254481228643	58.3044520066031	59.4700979233584	57.3044721167196	59.6912717323480	58.8693762223716	60.4227397811113	58.1353934572865	58.4391514944751	57.5193337657782	60.4981674754410	58.6349804852435	57.4171612034760	59.6295574440754	58.8949458283721	58.2694970943706	59.7585244938295	60.0472103861117	58.0091972329692	58.9916775587661	58.6442683153746	57.6731545099345	59.2228742128514	60.4022676601134	57.4983450257129	60.2711250215511	59.0478174691666	58.6169384038744	57.6545229062697	57.9876010087971	58.6869807779627	58.9859320319393	58.3624689700450	59.8270918429533	60.2070739985764	59.6905123271664	58.5437027222603	59.2358156096072	59.3650576808103	57.5673239260538	58.8578619893108	58.2078327442745	59.1462006235967	60.4238212796359	58.6154786324673	57.2371395440953	60.3742085757509	60.3586278796652	58.3752642184401	58.0311519071287	59.8751987596124	58.9117278518312	59.0900350368647	59.5179681745023	57.4445780837169	60.1752163846381	60.4214725807690	57.4592698281067	60.0817787682750	60.3040746519961	57.1608839919592


seedPosX:   -49.6445930794187	-50.7981587018114	-48.9291335888014	-52.2232250350737	-50.2616421455323	-52.1853293005721	-51.5659542073927	-50.3534473096470	-48.4079146728310	-46.3468321822008	-47.6599994225273	-44.6999348484280	-47.1170610749966	-48.2986114019332	-46.1452843196333	-47.2973691528826	-38.5871710505119	-44.0828892269359	-43.1606908333449	-42.5041070383435	-41.3289867548972	-41.7464056912732	-39.8979618457766	-40.7774526567757	-38.0757645989295	-36.2503024415479	-38.2448236003072	-36.6214385339272	-38.5456388603312	-35.6330088667306	-35.9180803711196	-37.3695949409813	-30.6387645868541	-30.8733940873404	-32.5072325015862	-30.3910252520138	-32.2115956654647	-32.6330628197922	-28.9968084959893	-29.0125888169861	-26.6435577917294	-26.4477415663270	-28.2420682111894	-27.0838020855555	-27.6632040535225	-26.7804948073021	-26.1746560488112	-26.2037643204109	-20.4130293979622	-23.8253579489272	-23.1933728429576	-21.0910153262837	-23.4652927840503	-18.6094070079979	-19.0353083355322	-21.0644048719285	-17.9158518312318	-15.3431443651270	-17.5095935912618	-16.3867817060279	-16.6074524519150	-15.3947536608648	-14.3733847183993	-14.6439559912209	-12.6537591381299	-11.4851099859398	-8.67046076336033	-12.8977103310592	-11.4935703086459	-10.4471936810692	-8.87610438036605	-12.2680937778666	-8.32241489031955	-7.38311689079278	-3.58681634088174	-6.28691659343093	-7.18320427208754	-6.53067251528228	-4.35269574379604	-7.13975369723315	-0.553148149527943	-1.36468600160655	-0.126024213732087	-1.19898533300343	-2.53769913792862	-2.11247602445565	-1.48298631365327	-0.154519778298347	5.01590499750472	3.04534824299955	4.93313665653253	5.38652909676492	3.87728628126845	3.83329483786528	1.96298767261464	4.55158785332535	9.08106130646292	7.68813873893109	10.6290964219711	8.45886194735130	9.59398618008489	8.87244828540570	10.3267702526337	9.89273000007244	-50.6216149768372	-50.3919152228930	-49.8405873018695	-52.4971470417178	-52.1395358661757	-52.6454876894962	-50.4678046376693	-49.4085966154497	-46.2500250458288	-44.0022330872785	-47.1525873234031	-45.2556815806883	-47.8834061928446	-48.6061282392386	-48.2263178024680	-48.6437149147740	-40.3890218060629	-42.8457961091299	-41.6720955741079	-41.7609761168091	-41.7920657230349	-43.8437853195053	-40.9834893979203	-41.4750156444818	-37.3227761463708	-36.8715255240357	-38.1568013545164	-36.0091176576873	-38.6670786314176	-35.5145041645484	-37.1947985510244	-36.5768380953799	-29.5078334352986	-29.3839152022810	-32.1007432482428	-31.7468058347901	-32.4848959513641	-31.6050577099917	-30.6905737641229	-29.0955605120832	-24.4984663727880	-26.9994820396371	-26.6441393465678	-25.2181233130510	-25.7475217344276	-26.8435293678031	-26.7378948381257	-27.3291297393775	-21.1237426895044	-23.2095925932272	-22.8543388095369	-21.2395936530361	-23.8257202121967	-19.0024059608484	-19.5141025807459	-20.4400096738567	-18.1353810801241	-16.4504154616532	-15.2766311253615	-16.4080636011603	-16.8137166126587	-15.3601665719438	-15.5737299475574	-15.0674924727152	-11.3119578592478	-11.2183141579187	-10.5717255726414	-13.4057133873431	-12.0952650330478	-11.5148058197334	-10.6726251973336	-12.3494360622228	-6.31406200922545	-8.68365112685429	-5.19929936035243	-5.29064685126102	-7.37182120379923	-6.31861357477294	-5.56769562653711	-6.65228558097701	-0.632337778985574	-2.06724028962453	1.36350004915860	0.213968199024860	-3.42035181991335	-0.557173293097516	0.497155382623925	-0.0493589226407248	4.94888569155972	3.68480583940226	5.18289906853416	5.31263633463017	2.57548879662414	3.49663489553423	3.86576374866121	4.41196006605178	10.8638389404228	9.18910544270247	9.22166845307718	9.25452404334709	9.58941696622370	7.89261380216626	10.6491126528678	10.2893593919806	-50.5134103872253	-50.5718844840800	-50.5096382947873	-52.2342567144259	-52.0207466784195	-52.4751878528107	-50.2202090940048	-50.4844160730861	-48.3347126251451	-44.0026483276777	-46.1578347899315	-45.8190143312137	-47.9959617233418	-48.5757584003950	-46.4070665347994	-47.9163843477515	-40.0612486903582	-42.1300873956304	-43.0960030911122	-43.6990247136463	-42.8374801279562	-43.9255842018814	-39.8570694408199	-40.4447441807806	-37.1243745264816	-37.4152985377063	-38.8285014185974	-36.4348031524709	-37.7288016170823	-36.6426977635164	-35.7633358747203	-37.1998614320321	-30.6817704071547	-28.8933981333651	-32.5107261327198	-30.4349278118659	-30.3311720108146	-32.7842550660588	-29.0393168902527	-29.0580878018119	-26.3374936642722	-27.9414078521285	-26.8026763849984	-26.1371853668320	-27.4894168216030	-25.9243269326737	-25.3579395728509	-26.2485279478034	-21.4754541663034	-21.8999876919668	-21.6458583491528	-20.7305067320681	-22.7851322883205	-20.6627012751906	-19.1718444715471	-20.4042473565951	-17.5328455588669	-17.0761161093099	-17.0275173640784	-15.5168989253935	-17.3928902899689	-14.5513570592958	-14.2461648628349	-14.7307266297046	-10.8999393031148	-11.1608398530404	-9.65842696040477	-13.1697537364957	-12.1524536642016	-10.4106098245696	-10.8819490523992	-11.3500661747623	-6.67185827664685	-7.47667344679803	-3.69481491449654	-5.89461662868076	-5.93542892337394	-5.92910391046671	-6.10411226980988	-6.48935678301321	-0.275512335538094	-1.84646418672734	-0.145279151195225	0.171454483231931	-2.86466885042692	-1.23237443196699	0.0359260123046048	1.07390198888467	3.15399423002790	3.15570573683323	3.25516936770829	6.34338996901065	1.77373828661994	3.68952053659719	2.75432271753123	4.66113368863693	9.91848201834049	9.00936818415227	10.1144979990465	7.25988369610094	10.2010495382442	9.01007476547821	10.1366230735355	9.17996610937058	-50.2348397006591	-50.6347018414049	-48.8608349506214	-53.6322498102917	-50.7674266041819	-51.5005568762748	-51.8562720476370	-49.3963553707804	-47.6472313739930	-44.3085904055317	-46.8106555280046	-45.5518301967710	-47.6104682993504	-47.7819951579244	-47.5862711401620	-48.2701818572314	-39.1773171242344	-42.0858806227245	-42.9300152237448	-42.2405198253301	-43.0991767800620	-42.5413151762691	-40.6260548704269	-40.5546029426516	-37.7440925789441	-37.9421288878596	-36.6835331906270	-36.6668816225799	-38.9598687488115	-35.4883849520663	-36.8988522556971	-37.7239503019325	-29.1198659181190	-28.7285424911028	-32.8884201258110	-30.9434116411608	-31.2321090282492	-32.5572786190949	-30.8704611850534	-29.5489495166309	-25.2050115525834	-26.5062011388937	-27.3481789736377	-25.1584717668561	-26.5724007161950	-26.4082913579543	-25.7368427780847	-27.3960226490327	-21.0164300976473	-23.2576689463536	-22.0402114965742	-22.0361744320672	-22.3794264267446	-20.9198302888123	-18.8277276239639	-21.6324288050408	-16.2353830067095	-16.7124206413229	-16.5960111535162	-15.4364864238315	-16.8404316055442	-13.5788582206086	-14.0846775705555	-14.6867972839947	-11.2804786933417	-10.8366032855730	-9.32111946894349	-12.2449723419007	-11.6765060513028	-11.8519385734780	-10.8386774117895	-12.3124317686104	-8.32088203517253	-7.17813931980481	-5.29396511091733	-6.60789323793766	-5.82583658335401	-4.88351008501635	-4.99043920746357	-6.04854992629219	-1.38011052102946	-2.96294613145157	-0.475868870279602	-1.33764344040922	-2.88258622676138	-1.00473807747920	-1.01667385232062	-0.426653741230266	3.34061509343247	3.08169759306660	5.63942756972471	4.10120763667922	2.28331289873019	3.62223315688630	3.23657780238586	3.65230168789477	9.11517014041514	9.37343761586315	10.3385238394762	8.48910865560353	8.86568533755774	7.78346810201338	10.2675301684894	9.08186032367268	-49.9197512058191	-50.7859517251761	-48.7729654969893	-51.7485475585567	-52.2252791603660	-52.2916263684406	-51.7447913239679	-49.7886000926024	-48.2735529788835	-45.4246047338358	-45.9849501049488	-45.9698211170381	-46.5975104409803	-46.6196039190517	-47.4431384723948	-48.5807232224357	-39.2402582676227	-42.5161547753463	-42.9573004540284	-42.5327417985885	-41.7080514795247	-43.3459735797394	-40.1336913829118	-41.5508452987036	-37.4279947539667	-36.3190396722510	-36.6421934719555	-37.4283126006037	-36.7235883091209	-34.8528414432366	-35.8568622930425	-36.4705552449704	-30.6101846815813	-30.7918953189661	-31.6626836929242	-31.5840109590976	-30.2961162222002	-32.7226577775564	-30.7327680618688	-28.5498594182725	-26.6186736850081	-27.7188370061708	-28.2190883494613	-25.7401671155387	-26.1246696230476	-27.2492168259655	-26.6897688466991	-27.4914137698307	-21.6343890516682	-22.6103934032434	-22.6782662308715	-22.6519764370732	-23.7255248529362	-20.9513248163634	-18.7521540558394	-22.1556799575253	-18.2129447329218	-15.5007146087729	-16.8221499524166	-14.9003685148539	-16.5749664190192	-15.1178452768200	-14.8463244362685	-14.8230118956055	-11.6604942635155	-12.9041448592373	-10.8052977099214	-11.4512888710162	-12.5269956363023	-11.9950968701536	-10.5641471056904	-12.4663794121448	-5.96568816906373	-7.10905217473958	-4.34338711133849	-6.94678014180531	-7.47245094542482	-6.13248085261971	-5.07161525631282	-7.15003059842373	-0.689658030511209	-3.29213132251488	1.18396460393693	-0.884513108315251	-3.33284389012133	-0.382710294392240	-0.223064722063922	-0.541838940431762	4.90938926454098	5.13021804901712	4.15213004205659	4.32962868457269	1.38876986807382	2.39132472187084	3.91844748002638	4.61194781717289	10.3742240113364	7.59058983086526	9.29637166218618	9.41007450656760	9.07593320278863	8.62890541960792	9.31873043016724	8.52627962517707	-49.3375430623242	-51.5577208214341	-50.7677701604783	-52.4546955390374	-50.5943959871792	-52.8086918743366	-50.7362395854263	-50.2594982764839	-46.5072519789130	-44.4359750946431	-47.0498780702855	-44.3441794505786	-46.8295061226609	-46.5532012355114	-47.4199854199520	-47.4025851926453	-39.9354942205029	-42.5312117915998	-43.0091413927297	-43.3721346402119	-42.5282953323273	-43.7089271315622	-40.6296138334501	-41.9368737274767	-36.1805854920966	-37.8103028610139	-38.3737984847646	-37.0435920667054	-36.7931494788127	-36.0918219277201	-37.3025761180392	-36.2623768309263	-31.0436976112970	-30.1527869630691	-31.9114042566840	-32.1457769374878	-32.5097380512608	-31.5609330242916	-31.1272945858650	-30.2878008106788	-25.4370463850133	-28.3746873006115	-27.7585640642240	-26.3064002398506	-27.2614088670394	-27.3385613110696	-25.5628923717391	-26.1571221450758	-21.2926180319426	-23.2331945953562	-21.7323239068660	-22.5027790898903	-22.4346610473690	-20.4522673787096	-20.1017601772573	-21.4518051714974	-17.4785968915794	-15.3527211451294	-17.3563058120540	-14.3655311929808	-17.6264813691904	-13.5823746738691	-15.2277571692391	-15.3175134358840	-11.4518548717034	-11.5778731014247	-10.7864536208407	-11.7932509875733	-11.3594862448264	-10.8302615355342	-10.8998939675109	-10.6354832316450	-6.29496257952738	-7.32110902869084	-5.16027537395881	-5.28604299829810	-5.95608849321953	-5.46735170427407	-5.76498139430611	-5.57477595694156	-0.382224878327581	-2.35137633062750	0.144622585943473	0.373618287469551	-2.21472202923621	-0.829072717827291	-1.56949199676859	-0.278196633674473	3.29046604342140	5.42184261215781	3.97633663698454	4.83695045845471	2.28444479595761	3.81314473959543	2.85117702540941	5.44671659665479	9.16161158284963	8.27175364690301	10.3251927011060	9.39266731443485	9.12799216932398	8.60352940267820	10.1957684680684	10.0566092618204


seedPosY:   -394.600161403980	-387.116847816575	-376.708903282879	-365.743177317626	-357.302128430455	-346.922529004882	-336.595480424756	-324.736727528773	-391.347149262486	-381.056948299254	-370.427483867524	-361.757403759422	-350.162816142121	-338.958237125898	-332.222682532984	-322.545823168590	-397.727348783272	-384.611397748504	-377.360318432508	-366.055865837778	-356.870677694981	-345.635188062903	-337.363714844869	-327.260682116567	-391.376411066561	-380.959172158007	-368.801593386238	-360.300442889862	-349.038555959691	-340.258770737712	-329.305689152909	-320.291367608151	-395.229507872072	-385.404187604603	-377.431590318938	-365.141586149747	-354.359988016030	-345.799453666704	-334.897328594078	-326.435787157758	-390.919034016452	-381.233245071597	-372.518586430028	-361.103701655756	-351.891808395237	-338.788464218472	-331.048713584085	-319.292579504390	-396.827959190736	-384.985171450777	-376.536126489066	-365.429001586640	-356.762691771949	-344.350887745047	-333.619374879856	-326.299039537812	-391.237338267389	-380.606840536948	-371.994449205101	-360.939108534716	-351.447411759327	-340.227161130870	-333.725441508678	-319.135584772925	-395.279509728528	-386.525089555350	-376.502965091997	-367.490167044852	-355.540458021387	-346.801776781260	-338.581123476887	-328.287672392079	-392.525552408049	-380.249615142596	-369.295089881679	-361.141918724818	-352.122532233467	-341.161896739586	-330.016620617234	-319.912248203543	-397.895224595018	-385.668014098783	-373.837183839884	-366.292612576070	-356.656704808283	-346.203909716000	-336.378665820600	-325.189437344169	-392.384462279762	-380.239774723607	-371.550651556619	-361.489620290616	-351.240765247301	-340.860778642765	-331.043303453127	-322.113862784290	-395.349894813889	-388.101555983211	-375.255814052862	-363.788482429490	-354.765423306353	-344.226901795594	-335.449536455229	-325.376044914324	-395.128015218273	-387.752262000605	-376.269746608523	-365.212604743216	-357.742086738320	-347.411294218479	-335.115932741983	-325.615817179882	-392.801113390410	-380.638787994667	-372.691240346420	-361.997616646174	-351.487763995785	-340.835412654918	-331.464366738229	-322.422848285149	-396.634260631096	-386.101574679665	-375.926580282167	-366.816361799949	-359.061510240408	-346.345190375777	-337.157478813346	-328.384095909966	-391.651764072449	-379.649454746089	-368.790780553734	-358.616103933609	-350.519850395514	-339.234460558646	-330.855893342464	-319.291468978636	-396.959395514220	-385.399719950417	-378.503765943316	-365.004578656932	-355.040229807933	-345.779749790508	-335.894009885861	-328.606742827880	-392.178781548453	-381.145082706921	-372.367591450410	-359.629145539184	-352.482508275264	-338.806748720941	-330.512832064944	-320.082137645677	-398.868712917085	-384.713854350285	-376.434165399102	-364.369157771166	-354.633060210726	-345.241201427936	-335.226374009860	-327.887697821645	-391.588467093387	-379.723387784291	-373.130377321932	-360.782480866289	-351.612784944306	-341.363486878654	-331.693491543707	-320.391688475831	-394.342436297554	-386.326583087064	-376.622426322864	-368.169853096370	-355.454915799177	-346.566650633779	-337.068572717586	-327.585153440749	-391.648490750642	-380.379924589204	-370.798889291837	-361.166092653599	-353.701631797684	-342.690135620885	-329.503342200022	-320.753846379797	-396.440667723244	-385.860239634088	-375.309152876811	-366.650722889538	-356.398660370896	-347.023488740695	-336.171201638777	-324.026432759151	-390.797418983718	-381.792551579170	-371.084542999375	-359.327747367472	-349.650923502856	-340.585561454595	-331.436304583030	-322.398675164718	-396.041126840577	-386.897212069144	-375.542087274483	-365.003542340087	-355.544275788240	-346.148164822153	-335.106007607295	-325.808975892148	-395.148058672109	-386.777050670451	-378.019728904637	-366.365968447717	-356.632826824328	-347.649740407897	-335.613267190962	-325.154810776184	-390.991608137060	-379.774988875641	-372.640502870011	-363.575351365415	-350.561605964268	-339.641044689235	-331.803342618938	-321.910851095276	-397.464330549100	-385.553510308440	-376.141291177984	-364.514488985544	-358.870877678979	-344.688297264759	-335.905434226612	-326.605158048190	-390.736868778530	-379.259012282407	-368.447566687662	-359.815182419873	-349.933979096149	-339.325201867152	-329.114429267769	-320.696863671141	-396.361406444915	-385.769180309843	-377.165035443841	-364.718860445804	-354.612268846127	-347.619210947883	-335.149295491049	-326.919058451537	-391.413578422435	-383.169538978947	-373.535606657752	-361.285564988163	-351.362403382406	-340.751266054072	-330.380877959514	-319.103849260283	-397.783344657620	-385.414120750620	-374.740518349121	-366.131227562943	-356.030925834943	-345.715151648746	-334.655198007250	-326.121748717334	-392.523413910606	-380.241921739980	-372.765205057582	-362.111960147970	-352.027462370893	-340.744972846769	-332.652947741568	-319.368840911941	-394.505580973379	-386.008853348308	-376.661806364949	-368.262882404902	-356.172702354169	-348.370956030916	-338.166860739669	-326.249085791591	-390.753561158310	-380.438852934047	-370.146279508300	-361.860241909961	-352.587938072712	-341.274506173492	-331.863177905353	-319.725120488079	-395.838508155861	-386.068972741792	-376.132965582973	-366.631736406136	-356.599359156127	-346.614186746400	-335.510484227117	-323.922822425140	-390.597687728458	-381.904675618179	-371.159047234204	-360.315875959641	-350.882268711420	-341.373515506478	-330.616422431111	-322.375105735550	-396.462796062764	-388.843853470176	-375.356323970121	-363.903217655858	-354.870676452426	-345.816970482570	-336.325565218299	-325.573090143145	-394.184242748400	-386.723521639311	-377.440723553371	-366.301360506788	-357.308501868010	-347.962894249616	-336.247484105761	-324.194003258567	-392.560626182057	-379.768664470487	-372.698777788756	-362.592109667878	-351.645325844505	-340.363418128226	-332.069188986429	-323.895436290081	-397.865754386133	-385.791401971496	-376.107443166956	-366.382289630523	-358.644805661387	-344.507450770038	-337.342088705040	-326.740552257696	-390.526956378763	-379.526674827786	-369.592292773113	-358.456650974119	-349.409800539509	-339.154423982264	-331.040772984392	-319.398281887251	-396.216001887008	-386.843377721775	-377.718601059174	-365.249652739542	-355.314053153983	-347.782778801230	-334.410332335523	-328.594592594017	-392.349676300864	-381.901930626869	-373.070577882913	-360.600691295755	-351.963000153599	-340.585676645502	-330.225111533745	-319.908840622603	-397.562169188780	-385.007771896987	-374.722617023706	-365.157381002490	-354.726471113293	-345.583439170270	-333.597303321343	-326.565517531038	-391.769590400991	-380.342759909586	-372.216323040743	-360.377858313382	-352.227981262742	-340.192198588623	-333.448488521290	-321.164526104706	-394.626733502833	-385.611842210017	-376.104371686381	-367.730876154946	-354.873184157608	-348.974845741038	-338.550926232769	-327.107160015984	-391.367433991157	-381.485266030643	-370.406324484733	-361.571589615603	-353.205583895116	-341.645073571308	-330.053086603658	-319.120942893067	-396.128195140204	-387.310439913592	-375.926553535633	-364.704315400864	-354.891229636100	-345.786030862912	-337.093993352924	-324.982268902562	-392.159626115982	-381.037570096827	-370.713411884509	-360.161852890817	-351.853038257540	-340.803141487718	-330.191208597277	-321.644118778439	-396.501644033428	-388.654559154604	-376.945812816211	-365.353962078189	-356.361184547856	-345.914652163024	-335.907924530975	-324.607838365945	-396.086643184254	-387.553893088928	-377.389009308495	-365.024487919114	-357.719180369134	-347.806862420087	-336.999950609566	-324.303116122957	-391.417772487027	-380.975341238867	-371.863951884972	-363.844877601959	-351.258942933697	-340.993628341288	-331.853978275393	-321.703658298024	-395.999234184225	-386.777280708902	-377.692803142535	-366.665403421056	-357.886301755883	-345.321343953247	-335.722470606555	-328.229890045392	-391.038597765796	-379.713889042842	-368.722647712097	-358.555798850321	-348.757923379557	-340.819808890913	-330.285211197569	-319.122672927178	-395.266144033094	-386.360049681993	-376.895700919714	-366.175023532925	-354.563951055690	-346.595076380047	-334.242428401261	-328.043816522770	-390.885973748742	-382.555872111273	-373.417665150644	-360.907386319626	-351.800143294346	-340.615001147867	-331.020371533776	-319.287876083620	-397.971995947577	-386.671526246613	-374.964413800998	-365.910565280897	-355.180340719639	-345.323857182899	-334.055507532563	-326.887308756307	-391.876854435898	-379.107503303864	-372.697170559284	-361.000714005690	-352.164852674381	-341.365273150422	-333.346415777756	-319.049938023569	-394.100506781666	-384.779429045206	-377.455811977356	-367.371072214830	-356.189773882714	-348.301506375402	-338.115505330580	-326.591552065793	-392.002586473185	-381.674704222517	-369.455615563725	-362.372518518034	-351.798654495931	-341.697771805234	-330.460660532875	-320.339519273923	-395.653582720453	-386.391518655155	-374.775429094403	-364.787957617564	-356.450359935449	-346.323778731509	-336.499626552913	-323.969079860945	-391.830588770275	-381.693431829907	-370.850932404976	-359.367462844518	-351.399697672809	-340.737343986274	-330.122714249327	-320.720618973867	-395.577028045887	-387.700395097310	-376.917018556095	-365.211581151208	-355.829024975674	-344.078442481709	-334.058945288997	-326.011785579370	-395.905601894379	-387.092035304666	-375.685168734265	-365.504100035571	-356.000687385035	-347.273925071313	-335.659337984841	-324.905941401735	-392.643764560493	-379.639102142115	-371.091025812553	-362.994389872964	-350.001139170613	-339.398553451539	-333.118768613373	-322.553034779768	-396.062261240438	-385.252812535233	-377.785780171144	-366.230327519437	-356.958673574710	-346.217515468214	-336.248245564665	-327.419509686342	-390.748686968667	-380.831589772728	-369.782053274185	-359.981818080992	-349.684209819997	-339.506226458108	-330.582358518382	-319.884181472447	-395.074287063886	-386.297483984484	-378.217715582225	-365.674007249039	-355.014076321201	-346.567364061977	-334.410089008194	-327.394314369316	-390.868742677101	-381.050008021502	-372.591142378966	-360.528440101340	-352.102802045362	-339.192962284585	-329.899814103396	-320.664414444080	-396.781828720230	-385.629529178699	-376.882712976842	-365.231968139854	-354.584222204747	-343.634034813127	-334.005052610301	-327.764406776870	-391.656629600914	-379.131929168620	-373.613164154008	-361.128304879316	-351.813743508483	-340.591463073160	-333.175590094203	-320.400634542667	-395.714897670242	-385.250603706314	-376.415579942172	-367.690436301357	-356.693993049831	-348.455116988794	-337.458617024063	-327.279529499005	-392.035883970109	-381.337186235314	-371.082768651814	-360.000626492993	-352.062849669451	-342.321843465532	-331.163909275702	-320.796322290546	-397.600866550624	-387.027345938707	-374.276991184397	-364.782987617285	-355.203269495493	-347.859335785398	-337.101158958563	-325.920685207454	-392.235532445621	-381.639612873337	-371.826965549497	-359.853639029581	-351.825938366705	-340.955396311545	-332.235295072270	-321.586069590050	-395.191916186087	-387.357662620536	-377.186752712400	-364.070827091818	-354.220468120006	-346.520356004482	-334.425672803401	-325.046620105583


seedPosZ:   57.6175603764975	60.9081412931373	60.2936362091915	58.3090318927475	59.7735010239859	60.3670973470022	55.6702990748967	58.6496581119676	60.8682771235384	57.5442640608350	56.3971760278960	55.8060935938954	59.9104439557869	58.6595737425065	55.2332372928892	61.0012855374006	56.3771341414537	58.9947753794969	59.3803433149971	54.8479033633957	59.5358385385217	58.2761652825253	57.5524199084802	62.3098864089911	60.2464505596716	55.3214197314120	57.9074892437181	59.2120482688441	60.7076338541505	59.9808692009518	58.1091360139828	59.9755406404652	59.0229485513282	59.6623838214706	56.4905821525856	57.0907583178157	59.5565045450057	59.9149468863572	60.1420019231308	57.8839708817152	55.8710017878749	57.9363892728399	59.6840435230200	59.6275916290650	58.2427700426550	59.2717253950543	57.3828583647571	58.5512436833169	57.5272754126281	62.4204101654715	60.1788800905085	58.9573657556463	56.8455161811930	60.9911199788638	59.4774162165674	59.3899816580673	57.5662350636105	59.0899975749392	57.9117467744071	60.3442919661247	60.3415897708959	56.6384506739678	57.0142752085193	56.1941565956230	55.4689210303112	58.3361360653900	61.7996501943545	56.6757379572496	60.8689680840659	61.5122460564873	59.3569668786365	57.8534020078620	56.6488747740510	59.8861419132813	60.9308937577036	60.1615070996080	60.3123957860051	60.9808347159774	61.7655822959501	58.2096181254561	58.1846193888184	60.0244691835399	56.5444331234836	59.4680059411475	55.9455037152318	61.6192500998422	58.9576420252882	59.1522984130027	56.4752911725595	61.4628939153575	57.9985943555218	56.2094730243293	60.1664726114831	57.8140575628006	58.0737206614084	59.2209395139698	58.2511787947939	57.6590753666517	61.5795556376584	60.5308844878154	59.6190194975367	58.3173386698889	59.8879031607554	56.0623483250547	70.5631376953655	67.4991132583371	68.3649357658173	66.6253605747913	66.4993519461575	67.1936254092821	67.3803401578277	64.9493798876866	71.5777293982858	70.3703877276320	66.0093712070895	65.4495806639690	69.1213714483623	68.2699819579546	65.9020015517672	70.4068806508599	68.1113587848477	67.5324781073144	72.3741907564911	66.9024387509263	67.1864629174624	67.5274004969563	70.5009964037945	71.9039602133840	68.7260746927148	64.8499237669535	66.5603782482411	69.7326685727401	67.6061853563796	70.2180544647977	68.4342947250388	69.7626057934946	67.6329880233985	66.4145739410256	65.7817439903697	67.8091111207757	70.3127331900205	68.4129880368957	67.9259626330097	69.2765822985305	69.2930566804357	69.7626074671018	70.2136296014475	70.4167859301751	66.9765694885728	71.0230501356713	67.0608429392742	68.4411175793994	71.1465638813400	68.6359915160403	68.1982103811885	70.7987771824098	68.2609368721065	71.0715224925235	68.4832323448233	67.8060646917097	71.6861235799247	68.2760472456756	66.9133209571188	69.3761488499433	68.9151914905857	67.7320264523025	69.6292527932733	68.8174745830574	67.1003653098061	71.0901247082549	69.4040113345986	66.9984936038111	70.3597425935246	66.8569410412283	67.2737745067710	65.7469528640748	65.9815011881646	70.6383580556976	66.6528774188713	70.0576439295523	69.8634254670348	68.2756562037992	69.6427406119765	69.0409113231380	67.1868962752082	71.7561778514487	68.3324177889441	68.6635226220597	70.0266232966923	67.9603459841506	72.0436359938661	67.7603551577890	69.4436421998374	69.0947489308202	72.6441787055585	68.4293890418640	68.3540512036662	72.3437794176172	70.2666475518879	68.1590446412274	67.3073312985847	65.1649470428126	71.7399362330008	69.9818389693408	66.8800856722209	70.1974114302269	72.2648194864558	66.6904871949565	80.5945805903461	77.7907567571237	79.7264096394068	75.7351572412450	77.2318619429489	78.2382605703787	76.8761192242290	75.8285682721143	81.2001801858362	81.1622587773224	76.1816370399419	79.6201019116180	80.8166217009013	78.6365963636012	79.7384560246782	78.8835470515012	76.2101064340309	81.7062268560853	82.1870551601199	76.2042191467510	78.5312530924662	81.1961206337756	77.9715338775883	77.8318356154891	79.5401375544800	76.8485632736494	76.3475744770725	79.0813274620894	78.9457989520063	81.3370757945084	76.9983731819102	81.1434907877355	79.1071913443140	77.4694263156898	78.7792769404196	77.4637620712455	80.8138966538316	75.9792056983500	81.5519681600787	77.7628312683857	77.0829612307123	77.6927269142143	79.5911447194501	80.5431640497729	80.0436540320592	79.4931791577401	74.8440263045867	81.7866376196711	78.4229002006376	81.5845685200400	76.3909198515882	80.0153178779105	79.5673464250844	81.8878797813569	79.9205961673717	76.9431488211799	80.6390628449317	79.2222505139790	78.6931788539879	78.9830974901665	81.0683765836150	76.3135156280828	76.4992472255999	78.9542725760793	77.9055751346546	79.4770130219578	81.3749514640851	79.6358154859849	82.4921765658912	81.0641341157943	79.1374698358318	79.7855716911873	76.0723323008563	77.8909883174404	76.6695842498573	78.5543182225060	81.0132358490787	78.6131865118478	79.3217456349484	76.5345425074047	78.2519234430013	80.7656707406355	77.7521260096502	80.2032191541832	78.9025509724165	81.1119418518870	78.2272732168029	76.9943363613105	76.8187988392040	81.5731677806575	82.3234018421175	76.0045307513852	76.2189670490115	79.4956359227586	80.2345617612262	79.2122209751237	80.7903749692486	75.7935703006084	81.0388514141948	81.0147362944989	74.9935002754116	81.2829063889632	82.7627520417564	75.3017907781464	89.3755499110348	88.2721053016942	91.6184915546308	85.9002831052802	90.9417030441609	86.4283979274464	85.7235035118451	88.7722244342543	92.3304860584985	89.9949435665651	88.9096303111368	87.7363947827394	90.0175967091228	86.9083324592631	87.4058373719729	86.3137043638942	85.4021356551973	89.0933974214498	91.0315823547446	89.0975972476344	90.2633151671498	90.4223888161820	88.9875939122486	91.5714803608162	88.9530715457460	87.3148843212923	86.6064471241421	92.0846509671221	88.3434839325206	89.9191455991598	90.5065086864504	88.7809867751130	88.9716928407350	88.7311245129757	90.0457113138061	88.0578609964798	92.3807513596871	90.2421841572460	89.6566905845598	85.2217921571693	86.9987650305503	88.9191057223472	86.6338042920895	88.6581413700006	85.8110559069697	91.4351347815394	87.0719596529480	90.0833767598690	87.9474039166257	92.8928241564423	90.5548578750515	90.7618909498928	88.3506599610391	91.6289583573136	87.8051932581034	87.5310250352403	88.4963292721172	89.9868409705499	89.6595848761586	87.6638455914748	88.6551110881509	86.5289947031550	89.6121740882444	89.7702938930600	89.3449754484257	86.8173511224847	88.9128558179745	87.3438098350534	89.6631009290946	88.2497861377636	86.4361943279897	88.9612025766375	87.5009114377184	89.5584293593461	89.2413103273134	86.1197548028882	88.8645715307835	92.5342978333136	91.8478880767823	87.9338363549648	89.8241665693411	89.6777246368581	89.2201274742692	91.1463556820685	86.0853610107282	91.0863226072242	90.7360577376325	87.0872542597599	85.8444034984684	91.4030238231460	90.8424350590945	88.8067445840071	90.3736226478307	90.2839158859679	86.9107293082184	87.4230491457446	87.5284371484378	85.6758136075403	91.0330402190363	91.1207384898241	86.8214470865299	88.3961435989374	89.7516686935166	88.6607668240455	99.5716046089531	101.092334399593	99.5225553088627	98.2109776018898	100.433045066168	97.3916188915463	97.9263036035524	95.3155095716615	98.6933728307682	97.4836922133079	95.5355538836518	98.2735917706424	99.1447441778503	99.1476157583982	99.1714148683169	99.8770063652021	100.002458420258	101.325096647304	102.554974588715	98.3334690084905	98.1644308725519	100.592305036983	98.9764330242630	101.438917949289	99.3861311381682	96.3071196786837	97.4999198561978	101.279119785190	99.9751768219840	102.132365418870	97.6627807760505	102.046319585767	98.5048661609152	97.4712285614587	98.6320823566714	98.6184685615606	98.3513231725538	98.3505101744884	101.565735398488	96.9236839339652	98.1192049810718	98.0947292830212	96.3025782427358	98.3402686382835	95.9888391430913	98.3337212431957	95.9551400662210	98.9839951762163	97.0410897172261	102.915712767578	98.2029977309482	97.8783830181502	96.2685975555079	99.8219296077731	98.1302681911042	99.5486650017243	99.6069220972749	99.4408808521210	95.7935394121552	100.197168315554	101.434522498682	98.7951131519218	99.1332510266296	100.273134122585	99.9853233568215	98.2915564964107	101.887692947487	96.4242240158019	97.8455993992038	97.0185662411218	97.7605535082716	96.6823545168158	95.5777116740726	96.9980178216304	98.7058793489559	99.6963191177306	100.733371518711	101.279757638668	99.4894167172118	100.640044759155	101.680532707927	101.528063257912	97.3749406629356	100.882472837079	97.6400910127005	99.6612833849991	100.725416323188	100.344677410520	96.1611643179101	101.190801064155	100.869918762300	99.1575789520040	97.0808223401663	99.0334177948014	97.3527144960819	97.0934520728789	98.4507879446998	96.7187091920468	100.354024875018	102.875637470975	95.1001602426836	101.129438846366	102.329859739968	98.9900308975252	108.168482724534	112.093114980683	110.251007205272	109.389749136331	110.332217508997	108.119155154079	108.680253401313	109.073318024687	108.136483303168	107.547782201492	107.022639042822	105.884789268530	107.258558825409	109.865915865924	106.524855435785	110.146512849108	105.989752190438	110.797999085016	112.255060975028	108.423485534419	108.044460607909	108.790771710109	107.324690416670	108.909538751460	107.336559521150	105.150004589042	107.205563330162	109.687107541724	107.256276740391	110.548623106732	107.102213188945	108.356124680449	108.167167759847	108.813188965861	105.525209811776	107.744754708879	109.587184769906	106.336052028412	107.090856859936	107.016695866402	107.016357228879	111.662665639563	107.990995065690	111.613028537602	108.106356139569	107.040266995269	104.829388142436	108.022405651738	108.199070416858	111.513792163360	106.432511641175	107.333008848076	108.244026004211	109.434188221295	107.744634948662	105.694245178363	109.067873147504	110.873611498472	110.208331434029	109.226591132516	110.924499096857	106.770268205943	111.241616101192	109.267679181874	106.207894217249	107.271150018361	110.731515712035	106.370012006753	108.126951321974	107.340063970169	106.364539884852	108.558941646220	109.396380070805	110.223806759234	107.811199997905	110.341965955694	110.367022283074	107.779078191771	108.910656070967	108.712026398838	109.874628494865	109.098744183914	109.122852145288	107.082001935974	110.581979619831	110.815000953378	109.624327084053	109.196673961803	106.255920387371	108.320302413134	110.466256904225	110.001721883039	109.350785019181	112.113395299118	108.079464217830	108.538726949110	107.770032573880	106.613100187011	110.443610526881	110.672942305183	105.761375052838	108.167226116145	109.796826822077	108.817799015404


objFunctionValue:   648.313063028686



