Dataset 11


dvh_array = np.array([
    [ 7.82, 2.85, 20.16,  3.21, 12.61, 12.20,  3.54,  3.40, 0.00, 0.00, 0.00, 0.0000, 0.00],  # Rectum
    [ 4.81, 0.50,  5.69,  4.09,  5.64,  5.59,  4.15,  4.09, 0.00, 0.00, 0.00, 0.0000, 0.00],  # Penile_bulb
    [ 5.45, 3.71, 40.19,  1.92, 16.27, 12.75,  2.40,  2.23, 0.03, 0.00, 0.00, 0.0000, 0.00],  # Lymph Nodes
    [ 1.20, 0.80,  4.33,  0.27,  3.42,  2.92,  0.42,  0.36, 0.00, 0.00, 0.00, 0.0000, 0.00],  # Rt femoral head
    [13.70, 1.23, 17.95,  7.48, 15.58, 15.10, 11.26,  9.27, 0.00, 0.00, 0.00, 0.0488, 25.61],  # prostate_bed
    [12.30, 2.09, 21.60,  5.42, 15.36, 14.75,  8.01,  6.81, 0.00, 0.00, 0.00, 0.0000, 0.00],  # PTV_68
    [ 5.83, 5.54,133.64,  1.46, 19.36, 14.42,  2.00,  1.83, 0.28, 0.17, 0.12, 0.0000, 0.00],  # PTV_56
    [ 5.67, 3.91, 21.85,  0.97, 14.23, 13.58,  1.48,  1.26, 0.00, 0.00, 0.00, 0.0000, 0.00],  # Bladder
    [ 1.19, 2.74,256.43,  0.00,  9.73,  4.99,  0.00,  0.00, 0.04, 0.02, 0.01, 0.0000, 0.00],  # BODY
    [ 0.93, 0.59,  3.18,  0.10,  2.56,  2.23,  0.29,  0.24, 0.00, 0.00, 0.00, 0.0000, 0.00],  # Lt femoral head
])



templateX:  -50.2208091695047	-50.1301480785868	-52.0368714251394	-52.2005111581405	-51.6155477334660	-50.3813323504509	-52.4610575631188	-51.3952046116207	-47.8425972335665	-47.6512638833478	-45.4137630782874	-45.0895170596426	-44.7141462613647	-44.7074015036295	-45.6964578164295	-47.4396061554278	-42.6823566616133	-40.1784310488748	-40.3023111471941	-40.7090821193525	-40.3479960687169	-42.1892841786168	-40.1173526145029	-39.4888353422122	-36.4293298755462	-37.0398123721533	-36.2194074020334	-35.5584309561213	-34.9165191820571	-34.5912052678364	-37.4492715153809	-35.4615760511308	-32.6195399295450	-32.5373651580239	-32.4406401645534	-31.0971405402833	-31.2136006421264	-31.3392425275574	-30.1062152727118	-31.0485505730221	-25.5588813796631	-26.2081528811203	-26.7354299197754	-26.9940286510215	-24.4918749557357	-26.9745734051402	-25.1350414624922	-26.1600932130371	-21.7770860093397	-20.7428446759701	-22.8757049124404	-22.6795666492113	-19.6797470498056	-19.7282615064604	-19.9894544985026	-19.7019730796768	-15.5227826634227	-15.1801293430806	-15.4719966247149	-17.2038367927665	-16.3164755041877	-15.1387308159420	-17.8930985238746	-15.9553128468103	-11.3834654107842	-12.6953786265009	-11.3529749647156	-9.96125656128880	-10.7359360695356	-10.3042552376537	-9.62510353177381	-11.7612493859667	-5.28886438324569	-4.84469065282002	-6.38333375525897	-6.07437561849035	-5.61552702890065	-6.25829433581730	-7.25828681701865	-7.10882677991737	-1.45799045448030	-2.84631346025434	-0.272488002528490	-2.68240247804362	-1.38893914945033	-1.00010667752320	-0.764314510917237	-1.37301483155737	2.38390551556053	3.09401589597955	2.35645937813788	4.65508699370404	3.31247842317569	4.38288400750465	3.78631664379004	3.43924329671968	8.24426600363679	7.46080527404654	8.39660889048818	8.42121095150506	8.78645968563268	9.88483403298478	9.52004349951176	10.0744309081986


templateY:  -396.082425066647	-384.882796977754	-376.246368493626	-366.948443815112	-355.672219159230	-345.905844490988	-335.981366270528	-326.498823869670	-391.403795607852	-382.395486985214	-371.852791332552	-362.849782661139	-349.610959620567	-340.743009013491	-329.753953978893	-321.402526966284	-396.474779203237	-385.936644494394	-375.788505873407	-366.103438033417	-355.820180211237	-347.410538005713	-335.209820967546	-325.596411668129	-391.646599368827	-381.781326584835	-371.915537066471	-362.352056325512	-351.705204038733	-339.959794729640	-332.057898743664	-322.633070536555	-396.143868809585	-387.447884209305	-376.466239478953	-367.556164168753	-355.353495627876	-346.677213726879	-335.893346806031	-325.584620608483	-390.591659869066	-380.422415421324	-371.821548203899	-362.576290557618	-350.658388939401	-341.942892753577	-329.745532679864	-321.824472511113	-395.372714669694	-386.719180810817	-376.598357499512	-365.802195514685	-354.707264768643	-346.949562971361	-334.551023324042	-325.289862479628	-392.859799889137	-379.897835248631	-370.440911249741	-360.906901478665	-351.693407510443	-341.710616189352	-332.604784150469	-321.271360648602	-395.575248674680	-385.873575448042	-376.468033653782	-364.603959814329	-356.613544096687	-344.558414875946	-337.769981381011	-326.331575570627	-390.422931882737	-380.414939049555	-371.089830970569	-360.732560302788	-350.263122603467	-340.070389270903	-331.696876481806	-320.901088385953	-394.881982660839	-385.813358795685	-376.096569718789	-364.888407156696	-355.482119710065	-347.503230011100	-336.118565004710	-327.808330578244	-391.326281066129	-379.700299898593	-372.719070223728	-359.567246092330	-352.244082648368	-341.580735396153	-332.157077119051	-322.540863450340	-396.360820635489	-386.903950612887	-377.522410172689	-366.129192316676	-357.038794649946	-346.651809248141	-335.921495891255	-325.957179718560


templateZ:  58.5956487568959	58.4704388313519	58.4535132271290	58.1037392700498	57.7508833448775	57.5666840867704	57.1761057856736	59.7569978925212	58.8885331571318	59.6485758392335	59.7850428177050	58.0625110785253	57.7988669393004	57.3457107634757	58.6100001108179	59.5787044617393	60.5418122580183	59.0517295620139	57.2745137182767	59.1587106980999	58.0955050722157	59.0188698715136	58.6728131268150	57.5314090055415	58.4509842725531	59.7981050979286	60.3354790212295	59.5456366947020	60.5183748537482	57.5627673830055	59.3836385993267	58.4751648439231	59.0893960668545	57.8154170414663	58.4999321033077	58.3120379122337	58.3688621947663	58.4268296137088	57.5249648093583	58.8754241536312	59.9803848721267	58.3234644796248	58.8660666886085	57.5342739391812	59.1354983566572	58.9253148598760	58.3646583806232	60.1429112596492	58.3252424339101	58.7202748349717	57.9545011911978	59.8202607807457	58.0781058265849	58.9586973953864	58.9800871044313	60.1780346527211	60.4028356180508	57.2917011800146	60.5471471981940	59.3343305234861	57.3754083428824	57.8625740412650	58.3807952817390	58.6145744802802	59.7746988111938	60.3263176834319	59.3252805237959	60.4668718940321	59.7641045299558	58.9625791037920	60.0965784927575	59.9772982368687	57.5836466481894	59.7837245899472	59.2815036383866	58.5129552653273	60.0656419439588	57.2553089749822	57.4579107481407	60.4395478268591	58.5072446508651	58.9841073423154	60.2839386759152	58.3113133440017	59.4448247572244	59.6669537275998	57.9017376019415	59.0652791115129	58.7145043453067	59.2571158829288	59.0251551332909	58.9354371864301	58.1223571144777	60.1977465716202	60.3990906294035	59.9429224868403	60.5129872448970	58.9560122277128	57.5162312728990	59.3970105360173	57.7892908871561	60.1204654234456	60.4211757536170	57.4832541490179


seedPosX:   -50.7297118015325	-50.2758611805238	-53.2130809942631	-52.0193557423506	-52.6740338260894	-51.1475948629982	-51.4007331096576	-50.2069711165645	-47.2085012150848	-46.7478121002963	-46.4082486883076	-43.9307963582130	-44.0813790145529	-45.3408423810835	-45.7911748639784	-48.2855562188955	-42.2670682773273	-40.7293049576341	-39.2255795031517	-39.9859577862626	-39.3889393299649	-41.0039681377585	-39.5609274306375	-40.2248010238555	-37.4794431168841	-36.2331856845213	-37.1290621534912	-34.7323281081057	-35.8178714372510	-34.1452979148973	-36.2541330789113	-34.5442997995057	-33.5279640724730	-31.9403059409581	-32.7393494141180	-31.6108270239262	-31.3049131035958	-31.6265528306393	-30.9387122766506	-30.4127071540738	-25.3029150878956	-26.3194722380819	-27.8415971178208	-27.5195243006132	-24.4568265620943	-27.2793246259765	-25.0481067871218	-27.1531846463575	-21.2730716605583	-21.9893553892000	-23.3253476314572	-23.4764385910206	-19.4454354674038	-20.5470858029393	-21.0989125754188	-19.6813429172355	-16.4076524339292	-15.3752591795198	-15.0364955276018	-16.5036191846171	-15.8458634125557	-16.1411496658157	-17.7978178168732	-16.4982041353724	-12.2033451310968	-12.2545216419683	-11.2237987117472	-9.64020180613123	-10.6833968423667	-9.06898465068737	-10.0066106619412	-10.6627173041220	-5.33585758979348	-4.60680113882207	-5.23445733660882	-4.91938509733123	-5.10033243700631	-5.15860199128963	-8.12018351497230	-7.19847597249405	-1.39972715512708	-2.74848257823079	-0.637391937184359	-3.05576064277213	-0.549711803892212	-2.22635737156985	0.0775535745897844	-0.669656551308600	1.51869180484282	2.55211536534375	2.94243259043869	3.86028057866469	2.74440745733939	5.14835380356739	3.25278951203778	2.80393138489068	7.17363311240636	8.67579971737534	8.58462813426990	9.03812957268614	9.22975281223629	10.0895039835573	10.3056432916047	9.36031241773436	-49.4274660350442	-49.6747794621525	-52.5877160796804	-53.3772008772712	-51.5431221189979	-51.1623115909004	-51.2701768733179	-51.0859315262832	-47.9448934297473	-48.0655900047151	-45.6877584072963	-45.1238370866516	-45.6209704325759	-43.6322684548029	-45.7340759095584	-47.5486034506440	-43.8466160066134	-41.3199809096714	-40.5879418103596	-39.4636614411409	-41.5611073228368	-42.2260605525783	-39.3096273523489	-38.2429452761392	-35.5044075800727	-37.2617212387260	-36.5487705334554	-36.5803889302508	-34.3382487792482	-34.9962122445155	-36.2356299645594	-36.4867465193817	-32.2811327095559	-33.4340165658559	-31.2228833283212	-30.0138032644901	-31.9407669365309	-31.7006830451871	-29.0842698242138	-31.3200910343619	-26.0822312919942	-26.7161621876579	-25.6908253867524	-27.6583340131393	-23.7654210784084	-27.6781148736655	-24.4529600698198	-25.8609062262592	-21.7483852700712	-21.9894845221351	-23.6961097400304	-23.5537628784910	-20.8862797374795	-20.8630677711415	-20.8305565137533	-18.9061722728322	-16.1906924305126	-15.5502938098986	-16.4363888377707	-16.7640100220836	-16.6736514650711	-14.6919738403898	-18.0440494950084	-15.7797531953766	-10.7219594850121	-12.2107400619787	-11.1762236376230	-10.2140285682209	-9.64760511724894	-10.2247951942416	-9.20480262838086	-12.5787759746939	-4.22654885772336	-4.49772093947759	-6.42597792086929	-6.16183188354036	-6.58273608461721	-6.39396694037343	-6.92375187126752	-8.20163614018437	-0.333579216042992	-3.67674418919013	0.562066328160975	-2.63760955712059	-0.785923160575495	-0.388311304958939	0.395986978951357	-0.326432762216463	1.28046945333155	2.29282148361300	3.03477616279197	4.23393688335630	4.19874697772180	4.18314283852195	2.99206096470223	2.70277746355964	9.35084701909421	8.28346369137090	7.56763943519064	9.35320057738940	7.98353136356798	11.0326529301789	10.5923826626993	9.38214077088061	-50.8203700342247	-51.1746270985382	-53.2139059791410	-52.6192644476689	-52.1077931834417	-49.9787479508765	-53.3706310340542	-51.8823005076920	-47.5244650684840	-46.4508002382538	-44.5757736426877	-46.2766997266717	-43.9989306650693	-45.2355578801077	-45.3058865786418	-47.0781905935896	-43.4954100009096	-40.0845754908969	-39.6795093235714	-41.9518627566135	-39.3056926884041	-43.1548096599891	-41.0688948120843	-39.8355518373317	-37.5323804534938	-37.6285111780088	-35.1002165035426	-34.5430543708315	-34.5101682492751	-35.6058841251970	-37.6681703099676	-35.4819883934350	-31.6768945768954	-33.0924530619927	-32.0771027891479	-30.1412991354691	-31.3960958209996	-30.2815070160569	-30.1070895913628	-29.9866580693807	-25.8729810344305	-25.3819505894197	-27.2828542268731	-26.6966114496647	-25.0958038424941	-27.2694345577508	-26.0568309140079	-25.7696088833387	-21.7775413140907	-21.5684348711155	-23.5611620849366	-22.5099506869021	-18.9828058554967	-20.7016028477241	-21.0594061828833	-20.2337154173438	-16.6053140865473	-15.8283467592276	-16.6920256692161	-17.9303704215689	-15.3019895784823	-16.1459758423750	-17.4742961623632	-16.3458317935860	-12.0495679847775	-13.0521268639114	-10.9097749540080	-11.1862101350184	-11.3860496120317	-9.64678819709487	-9.16021284261425	-11.5352537983647	-4.58550025031557	-5.85934502527829	-6.98959592165830	-6.49737994326220	-4.85840369058067	-5.31670218499551	-6.83850275475940	-7.51992167825215	-1.82815898704802	-3.44092709451333	-1.14733002872740	-2.44642884013999	-2.48237515160455	-0.314456357660073	-1.71305662343538	-2.21837957218410	2.83678578081964	1.98858527642400	1.14341047439858	3.58224228942380	2.83215394350243	4.11666085789115	3.63531659240102	4.13436962046722	7.21337530937500	6.94287929925534	8.22220200934693	8.93933629454938	7.59791895674843	10.1304976236567	9.10607722156895	9.07227604999734	-49.6667131529794	-49.0250353262452	-51.2859954552704	-52.7526615339460	-50.8966703120484	-49.6921226012573	-52.8500057984180	-51.6991073019705	-49.0389391340433	-48.3002069395619	-45.7932111268053	-46.0287313780869	-44.7425974127266	-44.1201043942702	-44.9286174628018	-46.7768360521785	-42.1340118246625	-39.8893713065521	-41.4258057517482	-41.8935331274295	-40.2849615599719	-41.9647383832488	-40.5688101160932	-39.5047182886406	-35.6486489201007	-37.3353546623683	-36.4228376662754	-35.3459318046661	-35.1426127350794	-35.0521513553906	-36.2204483269364	-35.8759339657091	-31.5635234345467	-31.3144633559484	-32.2823488725526	-31.8084014684117	-31.9148487988631	-31.8951809369687	-29.3188839957289	-32.2445354611126	-25.8478868498523	-25.0350209393455	-27.5738787599415	-26.9734329679818	-24.8243457036431	-25.7376969255548	-24.6450469912837	-27.0287429742792	-22.9111452558838	-20.5567334477303	-23.5774529943265	-22.2218470454043	-19.9269524585735	-20.3840135219604	-18.9363468592918	-20.3471836096477	-16.2681434372386	-14.7109560397603	-14.8446464500440	-17.8910346616463	-16.5197543740745	-16.1248436927993	-17.5901193806354	-16.7109062602995	-11.7269539788290	-11.7115649186547	-10.9271999159154	-10.0333909855977	-10.7461072752725	-9.84381946824679	-9.89600010955539	-11.1806353506154	-5.08579022215422	-5.15907487416912	-6.61797603108775	-5.88627425642789	-5.76142868347854	-6.08464827116925	-7.22760293553011	-7.80923409567622	-1.61161599582417	-3.29871954151042	-0.613040482868018	-1.89859177570441	-2.58327930931029	-1.50495108716047	-1.67332591242298	-0.470293944236663	1.18023018500541	3.62812872894226	3.34009836799253	5.74831294507696	4.11182943261719	4.42328480994282	4.42163480010507	3.69687094682979	8.60235127098687	7.43865837922581	9.34020913494774	9.23743996658580	7.77535254135611	10.7753776514105	10.2089116498657	10.6370802958586	-49.5508416581344	-51.2718876847362	-51.4910875148380	-52.8985388490098	-51.7023956035367	-50.3645082377959	-53.2947458234377	-51.8087864608249	-47.0454008516615	-46.4788388623591	-46.0800556005304	-44.6551062299426	-45.4648906385404	-45.1170142776493	-46.1254997712772	-46.7598199653507	-42.4646847089432	-40.9461760753155	-40.6688325539765	-41.6243639756634	-41.1221344986400	-42.5919158678928	-39.2713460926125	-38.5751087176803	-37.5170821632821	-36.9520118965627	-36.8301107308894	-34.7504283034340	-34.9797441730247	-34.6946539109872	-37.3603905367500	-36.6504917883059	-31.6783300412611	-33.0743564471923	-33.6903088056898	-31.0218705403314	-30.7796418113609	-30.6988877114526	-28.9461754284455	-30.8023316681907	-24.6318404715270	-26.3005460996296	-26.8194566780426	-27.9244729028116	-23.5006543876394	-27.7849583217255	-26.2381956802749	-27.3434434821520	-21.6194592235162	-20.1065677142144	-21.7761092765961	-22.6343470467779	-19.5018264400735	-18.6778462560513	-19.7191690451284	-19.4102233438348	-15.0787813533034	-15.8636105643402	-14.8009115431795	-18.2828862517183	-17.5364314276292	-14.3082290902029	-16.6668598595922	-15.9837849266398	-12.1028591126133	-13.1359102023169	-12.2032930675790	-11.0770212683127	-11.6815969637879	-10.0715097469882	-9.79509455446138	-11.7415361146160	-4.89108610122856	-5.72676940883076	-6.30517936314938	-5.07322387861202	-6.72477737570829	-5.28513276133114	-6.84148805190242	-7.24162943509560	-0.554446313990083	-2.89937824280673	0.959500953596968	-3.38279918116216	-0.916381476757044	-2.22754735572088	-1.49834508353848	-0.850165088015856	2.19691723891660	2.64997359843805	1.63307726143175	3.92587588231690	2.69421945041824	4.33727740571360	3.42297711666032	4.06362906587335	8.53773791352365	6.96705299403260	9.25746484422627	9.44329177565023	9.07111117325903	9.90516405129958	8.40041977280071	9.37125500807486	-49.7421764224704	-50.4810910979823	-52.5312512353544	-51.4602637221743	-50.8876214187640	-49.7825079746251	-51.3365023551671	-52.5962608670211	-46.8130944046599	-48.7230508555241	-46.4278797080236	-44.0507042432175	-45.8342325507352	-44.2294284304515	-44.7066889678290	-48.1095585508712	-41.8081220493119	-39.7728926477559	-39.4618788454213	-40.3325072490325	-41.3212320060176	-43.3983280128785	-39.1031734829582	-39.1283195638088	-36.1278957859551	-36.6754346208248	-35.9220954567252	-35.1354472856985	-35.0218016424319	-34.5334436756727	-36.8908622731174	-35.2347515114483	-32.6003542003404	-33.0599933310939	-33.3359655374699	-30.8643825778951	-31.2871032428089	-30.6962936341089	-29.8071173304002	-31.2458349156612	-25.5869308758304	-25.3758719208567	-27.7286007291479	-26.1920235902627	-24.1184780894132	-26.4479110549724	-23.9885302930292	-26.0098096030295	-21.8192918637933	-21.2216700928094	-23.2669084101173	-22.6390599907167	-19.4882581303674	-20.3570554503142	-19.0156833140604	-20.1428344430570	-15.2381207501918	-14.9267641074435	-15.1958802086153	-18.0172202715404	-17.1855938924859	-16.3560211484062	-18.3476313125878	-17.1329135523335	-11.9389403687121	-11.9942453634660	-12.4596943195491	-9.88421937231845	-10.4493630837253	-9.60031336787450	-10.0595606403435	-11.3973011243016	-4.88361415004051	-3.63826742114490	-6.60163771853147	-6.11122859393314	-6.83747589279241	-5.65439547928507	-7.51498332353005	-8.16223023066406	-1.49552792381714	-1.99879054195379	-0.517049071414879	-3.09465703844125	-0.900348041744383	-1.03129508000549	-2.00275010946136	-0.673916221973357	3.11504766680460	3.56241189448879	3.12181080067217	4.82987286623993	2.10273530015543	4.66983407399544	3.59074866616036	3.36598488640518	9.46585605031549	6.50396212209144	8.00154837147731	8.11502881713654	8.86504285593770	9.25572215185474	9.35099644513377	9.29795356371195


seedPosY:   -395.334839990159	-384.901495574118	-376.064760030172	-366.344215393646	-354.954302994115	-345.828525230513	-334.766225108223	-326.986901731555	-392.137907819867	-382.000876577252	-371.651629323267	-361.987601038288	-349.103335089852	-341.893155275012	-330.710519448795	-321.603137366668	-395.291893216139	-385.858162081795	-376.621849857759	-367.096024664553	-355.764586178570	-346.770277519518	-336.453317996856	-326.195488696445	-391.058280035370	-382.172849994085	-371.500813499174	-361.918004149730	-352.008136828865	-339.919981998665	-332.638586997025	-322.948683365414	-397.187139944663	-387.767714698283	-376.960805066847	-368.156630255015	-354.133864942758	-345.569128210857	-334.830836658101	-324.693122016696	-391.573242815142	-380.035941145105	-373.018391011783	-361.497593479435	-349.720142863481	-340.981613954720	-328.764025841611	-322.544357929078	-395.719337595732	-387.008409961183	-376.864994043032	-366.528753712059	-354.471098879450	-345.867059054740	-335.296712969685	-324.641825330661	-391.782117423667	-381.006588405155	-370.991389419062	-359.749798438571	-351.697351109931	-342.241238071071	-333.826459022010	-321.047432421912	-396.400003261357	-385.699589370775	-375.299431192380	-365.042585520541	-355.701202406468	-343.712194300594	-337.146456681544	-325.911370973810	-390.957524190234	-380.823921187540	-371.234643416271	-360.291601251878	-349.118890720582	-339.235995433719	-330.870796045073	-321.404367316758	-394.052906572979	-386.413779146508	-376.879724378606	-365.664110818862	-355.771742321069	-347.980668273045	-336.665222951804	-327.729544955134	-391.263146855730	-379.163134612321	-372.844980616069	-360.478395026311	-351.904973880540	-341.161042089455	-333.050973212173	-322.061120916562	-396.364168447651	-385.891698998479	-376.856116987768	-365.640863799241	-357.582795080567	-346.354628520923	-337.131528240156	-324.737511322181	-395.752220789814	-384.112254920488	-375.833945323853	-366.837493429493	-354.739308463844	-344.827193054180	-336.403355201565	-326.431172073405	-391.757381543580	-383.437498860495	-372.504431467689	-362.349548649630	-348.794791273768	-339.921182746271	-329.354530819011	-321.606371830823	-395.407660337422	-385.996494246202	-375.703360037791	-365.097252562668	-355.118892889263	-347.684988594327	-334.273777106140	-326.357260194910	-392.127870322243	-380.990476088481	-372.099998503041	-361.933310872387	-352.203158014417	-339.373988830123	-331.560971208992	-322.706226720353	-396.080695421596	-388.009095504755	-375.728743709310	-367.935232771955	-354.902581841996	-346.831280861114	-335.059371907381	-324.999672860269	-391.111318257907	-381.610309367160	-371.356472897438	-362.582908957265	-350.957807394586	-341.386229560479	-329.262326042084	-321.168714908707	-395.799201002225	-386.517570685253	-377.361089447384	-365.788646201684	-354.779244886990	-347.093899849611	-334.370773435504	-326.326507527965	-393.494684807930	-380.125125021559	-370.672874321586	-360.799341626789	-351.289425683752	-342.631715731461	-331.511795211659	-321.077262420697	-396.207869503472	-386.386418168468	-376.131023239852	-365.231750590547	-356.741289343100	-344.221318501153	-337.922448409208	-325.845614966986	-390.746417021153	-379.440741333122	-370.765286299621	-361.709628151531	-351.243391832182	-338.973276679340	-330.622703111620	-321.383741106805	-396.106071713116	-385.175177675554	-375.831918627829	-363.781263148503	-354.979422542551	-346.568665577045	-334.913772736471	-328.349629662014	-390.523794698789	-380.862971719173	-372.617754925382	-359.371704576800	-351.888144938164	-341.465953180664	-332.816391551225	-323.141647668868	-396.006894741618	-387.182045128846	-376.922115821681	-366.490379877904	-355.797735630147	-347.511818655618	-336.110060424337	-326.866191987094	-395.971261609173	-384.637478694438	-376.359096249407	-365.839261736223	-355.851658317985	-346.203124460897	-336.989799712919	-325.689114745008	-392.138963697462	-382.551051284881	-371.754840212649	-364.082721963321	-349.742477480776	-339.835058351180	-330.292219896620	-321.993574019854	-396.803230451683	-384.870626601647	-376.669167156861	-367.035903299373	-355.389875943104	-346.259969273669	-335.228781728913	-325.671410441759	-392.071570115895	-382.416532418922	-373.084432080207	-362.680812065161	-350.571142462496	-339.496505674818	-333.028426936894	-322.729189577108	-395.743270865892	-387.054963669213	-375.473180116887	-367.968233104411	-354.594083156230	-345.760404126514	-335.682139193909	-326.419328364478	-391.193139791275	-381.496973704491	-371.683936109898	-362.801822839525	-350.866523539701	-342.952057421092	-329.470787003821	-320.971984229752	-395.854719465903	-387.847267328222	-376.930929787221	-365.627906997324	-354.481660895974	-346.597868112826	-334.886408832074	-324.686267227493	-392.216885000500	-380.570560658585	-371.359724685185	-361.621444687705	-352.248976256941	-341.003562372675	-332.323102779148	-320.795513419941	-396.055175108044	-386.581830617125	-375.877996869430	-364.964174028845	-355.544522268279	-344.859947119238	-337.272799697963	-325.176436731945	-390.326863185083	-379.449917336778	-371.181063805878	-360.090626833571	-349.505328376233	-341.101704102043	-331.690821550483	-320.679684712389	-395.615188527217	-386.816735538421	-376.544021358452	-365.754062000909	-356.712664134922	-347.048117463235	-335.570431506469	-328.757930203361	-392.214214426141	-380.612944891419	-373.496277345528	-360.722596715829	-352.204743783308	-340.342746610889	-333.028478001471	-321.937929791272	-396.434756364285	-387.136824157823	-376.594254822139	-367.343448988490	-357.696309032020	-345.586313864914	-336.063913543348	-325.419301705390	-395.376247684768	-386.013875786352	-376.329397480191	-368.086641109830	-354.674409505670	-345.062218902033	-336.753384761039	-327.107989265795	-391.920598645901	-383.139014462938	-371.759917340910	-363.617936886962	-349.843433610310	-341.243246716073	-328.719792685972	-321.816997725968	-397.640796291801	-386.906182330000	-376.900480250287	-364.964849078917	-355.179545173352	-346.813273920813	-334.339496383274	-326.559323472606	-391.229526468728	-381.234304173973	-373.025705292969	-362.854987017515	-351.489979773046	-340.841398610879	-333.039165634121	-323.788173135895	-396.461014391753	-387.339244131571	-377.246492932429	-367.592896930342	-354.261314256970	-345.544454880424	-336.269349794477	-325.982088000752	-391.608435805508	-381.197303028391	-371.803969596336	-363.697595179480	-350.446395847836	-342.105063321432	-330.954343941079	-320.825625380417	-396.549397195720	-387.118170396671	-375.588379863575	-366.123075146103	-355.444839094777	-345.988661356493	-333.846901168369	-325.080871723954	-393.792130468203	-378.870987720693	-369.633638988901	-361.190035717542	-350.603943354704	-341.632393009084	-333.153929767281	-321.500393371734	-396.420495192420	-386.022384531395	-377.191966805486	-365.729175210456	-357.189241110645	-343.938425827719	-337.622913766748	-326.052521208984	-391.496422064608	-381.580964993756	-370.694935689895	-359.542669707504	-349.568530169570	-341.267639808706	-331.927996118711	-321.574936715834	-393.832248083677	-386.352522453370	-376.098275861044	-365.551361535390	-355.979316175758	-346.688410069917	-335.332113990590	-327.675976014016	-391.306727364754	-379.205929963752	-372.216107797387	-360.790014158432	-353.408413512976	-341.197409595229	-332.707084681693	-321.568911619207	-395.645662251725	-387.145299598914	-377.001952855522	-367.352516276030	-356.930584018072	-347.240919413368	-335.576694018326	-324.970560687594	-396.815307970490	-385.748888085535	-377.174759728899	-367.064545211389	-356.697753513943	-346.964571745107	-335.362091172709	-326.986188816757	-390.198673244417	-382.203931147042	-372.372545202954	-362.665435906703	-348.465463627780	-341.618848750232	-330.721212287474	-320.671120667899	-397.526800150922	-385.248131656398	-374.941136411320	-365.608068181955	-356.078162973484	-346.353806113613	-334.886010835418	-326.305687688926	-391.201598032707	-381.737953500753	-371.033468097129	-363.560625799989	-350.594907614314	-339.084863979860	-332.222645540766	-322.622171084649	-395.123246763873	-388.366125054364	-376.921337702691	-366.733223866991	-354.320959381263	-347.505932658660	-336.272681929149	-325.006141344851	-391.008161276228	-381.255198641993	-371.930622065761	-362.226464631637	-350.839819044785	-342.455646886098	-330.845100477268	-321.698303997811	-395.861225635292	-386.291422841867	-376.635470771559	-365.079187481097	-354.041027657562	-347.673797138144	-334.636710312954	-326.032132170242	-394.066510993332	-378.861670154233	-370.357629642975	-361.657940898231	-350.526977729025	-341.847343538730	-331.869073191335	-322.194887513078	-394.747473287870	-385.276656163521	-375.889356865072	-364.067985996620	-355.403432251712	-345.134556862534	-336.693700525154	-327.421330557425	-390.550001838125	-379.726868824788	-372.120095479353	-359.812182342723	-349.912981970027	-340.451081289163	-331.810724624577	-322.108510828023	-393.787427364050	-385.638780061202	-376.336233153914	-363.972165692684	-356.303446251825	-348.330537192254	-335.114509532695	-328.728505453925	-390.922664280503	-379.456707923424	-373.495024655783	-359.033882637543	-352.819045124147	-342.279051072199	-331.812742075855	-322.559809946436	-396.812187857334	-387.799476872184	-378.052024374439	-367.096169376987	-357.579034377558	-346.554621462501	-336.078789688463	-324.911332241916	-397.042611916886	-385.367657675978	-376.092754775077	-367.023572052289	-355.875296772465	-346.262036604576	-335.355999843022	-325.860906019020	-391.784410928019	-381.507765437113	-371.728871642084	-362.794753714125	-349.758687220864	-341.339565165459	-329.854672907019	-322.162669742337	-395.870757801630	-386.918923495494	-375.901217410098	-365.092381569844	-355.560606439362	-348.432512001931	-335.090773521096	-326.256719416503	-392.699143687527	-382.590577070373	-370.739726670567	-362.772528008373	-352.892830673778	-338.736814833126	-332.315536915437	-322.450120807779	-397.030002845522	-387.445024030253	-376.700280975319	-366.782714306784	-354.918191430353	-347.471964250424	-335.218529110462	-325.737148695033	-391.299577466602	-380.418555730507	-372.160648428785	-363.519181744381	-350.066827151806	-342.929555416873	-329.936300479651	-322.827515583336	-396.238652760835	-387.641889895029	-376.190706559035	-365.060528297375	-355.790079868539	-345.927864380969	-333.326507927912	-324.071311316918	-392.479596074849	-379.153349429156	-370.747814547969	-362.007115967021	-351.984861040371	-340.547182361655	-331.465775016883	-321.528413631769	-395.920615931232	-386.009415406418	-377.598047802997	-363.937039662028	-355.532461890158	-343.921158023679	-337.715028231776	-326.303479433723	-391.094657329252	-381.450140337377	-369.876620396378	-360.452879860791	-349.591743809046	-340.777022399976	-332.290466798833	-321.600789026838	-394.843742070216	-386.030478628645	-374.964852405749	-365.804031651354	-354.425186156772	-347.488998889390	-336.897393133751	-327.531265704025	-390.481529943390	-380.746714648451	-373.632127735590	-359.380517326644	-351.157011858926	-341.159298170490	-331.650159185029	-322.768631117714	-396.397693785672	-386.008735822172	-377.981462337263	-365.204488158329	-358.225905877058	-346.092608037801	-336.517869434263	-326.670984682968


seedPosZ:   58.5701216658005	56.1354429918871	57.8166345311341	57.3871226335048	56.6244160382832	56.3886787019821	58.3986826796788	57.9154166464801	60.4039531731814	58.6705911388841	58.9992738595048	58.8592169998245	55.4936893773662	58.7064249573913	59.5604230070998	61.7149316892094	58.3519051815447	59.9890626607240	58.4029881505255	60.8913577145282	58.3645054422950	60.7308535954452	56.4174075657586	58.8254312264362	59.3309836431311	61.6702505694800	59.4901951997425	59.6381350420032	60.2881008821851	55.9602827188919	61.1206358854819	56.2072947170121	59.2073764264606	56.4789351879516	60.5163016235338	58.5183227389726	56.3622870624416	60.2122477704796	55.2386546552461	57.0856328953873	58.5678731210959	59.7107748520395	58.1540964460530	55.1608928297374	60.8043964027141	58.2413039265801	59.8074673961928	62.0412095766869	59.2077816378845	58.9464951459637	59.9489454586191	57.8177281361867	56.0328022849704	56.6298940576258	58.1009582453880	58.5083634458971	62.8932285927606	56.8691271864274	61.8188141201749	60.3008980104981	58.7286283979228	59.9238744588503	57.4341941222525	57.1381598244808	57.6390929009552	60.7623211142980	59.5377136292099	61.1873009861489	60.2541308277543	58.7126777632018	58.4093293951613	61.3019019066573	60.0001483106285	57.9994568131148	60.9200205153666	60.4186192715097	57.9178933317640	57.1446357058726	58.6516847197189	61.6082323713080	60.0884710372308	59.1515076465944	60.5881056581729	57.5439437989501	59.6986029942631	57.2724672729952	59.0855936666770	60.7351378052866	60.3961026426698	56.9227177226114	61.0860168520634	56.9100630778546	59.8768971573120	60.3087456690899	57.9809229079531	58.0888082698514	60.9788607707430	60.0649490741157	55.2013573810754	57.7778572379657	56.4514740725062	61.1955293895970	61.7741060298335	57.9301515596919	70.4603426933666	68.2403957986825	70.8731584569828	66.9035463538577	68.7042290567791	68.0504030970228	66.0727502816656	68.6530474561401	69.8073717117897	71.2049812066297	67.6662489207153	67.4093745482125	69.3300523661984	69.6373657104005	71.0786743220065	69.2065658001030	70.2075772146480	68.2439573972518	67.0478529235352	70.5085870642504	69.3740064765549	71.4808395375871	67.1881801590926	66.9084938630440	69.4943351547006	68.1155948328748	69.4552892852944	71.0906979410509	69.1131593422666	66.7047078268170	69.1936296200065	67.7368156775320	66.9570938714980	67.8413823836231	67.3709319464174	68.6502151023593	66.0064177540685	68.9954159058094	67.1430246259771	69.6019027501986	69.0109752052779	67.2773873890814	68.5186438910107	67.7856451229891	67.2478035841798	67.0774400943386	67.0085993703331	68.1775282591390	66.2904283305517	67.1631393636848	68.8719787296606	70.0276737228622	68.1851404356113	71.1677802743567	69.6675932868701	71.2708224269832	70.0250435479639	66.0334891121483	72.7270836101752	70.8449725343505	68.6835774521699	65.6713382401653	70.4140642822332	69.3927151012030	72.0144472320710	70.5525273343795	68.3518744485589	68.4094518142804	69.3717770987190	68.3002459418173	71.8592214461297	72.3969181270636	65.3529122479538	69.0694004359974	71.7768388491987	68.0880420697482	69.4688818479036	65.2782067711004	67.9059718711858	68.6711509978955	67.8901232260115	71.1658697020696	71.2857863812521	67.0259840478706	70.6554217522572	68.8001424980017	67.2515345180651	69.0292493421256	67.2175964103275	68.1949524769083	67.9881204924462	68.5846552369725	68.0129211591923	72.3573466373080	72.0802393102091	68.8928008995950	72.8033622620632	70.0712538993125	69.3402705817658	69.5132597558233	65.5531344040456	72.4205422088462	71.2822159297007	65.3105879299543	80.9913294793519	77.4446639847990	80.7030574589216	76.4708386039330	75.2554063391427	79.4589612758902	78.9287895570906	78.9390428725511	76.8801836740032	80.2891713568390	79.2871263014275	80.2027732326826	79.7018952365877	77.9411150468546	80.5797039183805	78.1239709712884	79.3333010249186	76.5723539370680	75.2267771661069	79.6378108142402	77.0920687084912	80.3960388549780	79.3847627523376	75.9291416877636	77.3676849491263	77.9773792729378	80.6529565515703	77.7669177540926	82.2986419613375	75.2148095552480	81.1352579129180	77.1391672914711	80.3640784079836	75.5973692056243	79.5381641216585	76.7326436721437	80.8418749947136	78.5103281305935	77.7157198773303	77.7329941317557	79.3716697743808	78.3841973434925	78.9431594145084	77.3789423330467	77.4063341475914	77.5009452624691	79.0905224956000	80.6736070908072	76.7369680584699	80.5587321161938	78.0930917141125	82.1929489290253	77.0055299127374	81.2041024001406	79.5181136572531	81.5604736884887	78.2202454186065	77.7474862766924	82.5459348643539	79.3832704935295	77.5395822711302	79.3554522220835	79.1562751735797	78.4298636086373	80.0612840497690	81.5414859020615	79.3968889107874	78.5707836864947	78.6045378822597	81.0868741665461	80.5435650244902	80.1734153305517	79.7699729716463	78.5618693814154	81.3410040963728	78.7985359627313	81.2590663784240	78.1769131953537	75.6564402233331	82.8069907384538	78.1299434924475	76.8651655707636	78.3235696170732	80.6725199198005	79.7965914534057	79.5860781435192	78.6266863671142	77.6563009923248	79.6890189477916	77.9859001759342	79.6932504533309	81.2361228905665	79.2544670402284	82.5460380534209	81.7097951225768	80.0684016908864	80.2469384684699	79.6478221021962	76.5519202085247	79.1140401774861	78.6156406133726	81.7318512955607	79.5162823098750	78.2684793350980	88.6226657944923	86.7576689871362	87.4788959941237	86.1292457084065	89.6039924379419	88.4614374142617	88.8104818998617	91.9873445124079	89.5415527178002	89.7155869309573	90.0650176680830	90.4996659297402	88.4333744847664	89.1057956328834	88.5612532198404	87.1784982388393	89.2609692406793	89.3021048841040	85.2823487982935	89.0302711136304	86.4681609127512	88.1457855315304	86.7247446947674	87.1725915596172	89.5459372888932	91.1361880309450	92.4714050339245	90.8304069421375	89.6808659056790	89.4655649308954	89.5116872820047	87.3118662738254	87.4304801683184	85.5404729753230	86.8538067761917	90.4409149742180	86.4119801281182	90.0975763234014	85.7840398733026	90.6548047337413	90.4732225106516	86.8123057790900	90.3537192878623	88.9712021974108	87.1134237729585	87.2825537704684	88.8787188656726	89.2684036738108	87.1616667943962	90.1667735930284	88.5375684052495	90.7525818058911	89.0652723317250	91.1188003657240	87.0810275415244	90.7124657328251	90.3521738670566	87.4402080831847	89.1564928548136	90.5752350193498	86.1661778593504	86.3581439252624	90.2384121454646	86.2505019878694	87.4563998786943	90.0162860184170	87.1537186644997	92.8638040149307	90.4086048497385	89.7442195196761	89.2361087524814	89.8547975527080	85.1648557667618	88.2838653182899	91.0739773009987	86.3506557892772	89.1193847460528	88.8884226388707	88.0172528207661	92.5125496948858	90.4277968416527	87.7106725120102	92.5749482107075	88.0727968433185	91.3876154767682	89.4912056960514	88.3278444084528	86.6236741720087	89.8566812982508	88.8336176403959	87.1183425588679	89.4167192659583	85.6457964121410	92.3950204675416	91.3561508222481	88.8019128727301	91.7816739018909	89.7476718511791	86.4347819022062	89.5750830746887	85.5903712477380	91.0076017974312	92.5355912680225	87.3164475339409	97.9396995943190	100.557408477694	96.0113784082602	100.249915279554	98.7179710475597	99.1728692108056	98.9647902379402	97.8098823439662	99.9135301782879	99.9069079953865	99.8881817698722	97.1311698294760	96.1059415409647	96.4443496530580	99.4653331054864	99.6984584383410	101.080814562486	100.353304249571	95.5938263713472	99.1305191680601	99.4189452282010	98.0229272478196	100.367141196492	98.4304470925250	97.5932901701352	99.9894234275545	102.024563646622	98.2605211154215	98.1157951334731	98.1001606525071	99.5776037794360	97.1069122393495	101.189101127724	99.9953931491364	98.4430797710060	99.3001771036181	98.4517904338889	97.3529973413414	95.0722172340341	97.8401727304734	100.812807405111	96.5989263260905	97.4939547150856	99.4223840790386	99.6641361600876	99.6593839050998	96.2105727778694	98.7356394941437	99.7252138223126	99.3656620586333	95.8075833067701	100.606353656247	98.1764030067387	101.196345587904	96.5843404582058	101.321623848664	99.8954249196253	98.2279326551961	98.4125825249352	100.624558339527	95.1290212980300	98.5746244366997	98.3846698068990	98.7650233550509	100.965956446261	99.1991599562421	98.0154587731253	101.766587458202	102.064576733049	97.2936109060882	99.4895479507012	97.9613101416727	99.7564585982829	101.298303919404	100.432530280650	99.9865222997569	100.433490053516	96.5637597145591	95.7645790386754	102.371400753844	100.517238102894	100.277018044809	99.5928993064839	98.2924377500785	100.238252186545	98.6117876424369	96.1170233577038	98.1059447271712	97.9517108433667	97.4548081980130	97.6063477819503	99.2145456225859	95.8782758125331	99.7845097169557	101.456991444320	101.839287662568	101.020384442559	98.7808724660084	99.0933344895580	98.5076350927507	97.1712380705008	98.3105440090353	101.189137688469	95.1107140171719	107.264080487051	110.864349433164	110.668620447718	110.509058541560	105.585703173497	106.042971412004	106.793135592497	109.942380036859	108.704918902346	110.278122815827	109.797839816578	109.521396324665	108.850626553018	107.692735141521	106.895494001582	110.206721263354	112.670978876923	111.467715191926	108.390381599294	107.596502868755	109.896163697220	107.164169354480	109.890171181251	105.270801226595	109.199481471584	107.595790698108	112.434291257172	107.904259321339	108.458606942018	106.585481362275	110.241614348607	106.997381359175	111.463444419861	105.513215383507	108.458887435424	109.016702724227	107.893942873728	106.212239405534	108.176649783987	107.448330281855	110.628931944273	107.796269154946	110.346605176232	109.429458648815	110.535883968424	109.937727842005	107.968019514215	110.862190417760	106.216787402995	108.124024690259	107.642947309475	109.355017986733	106.947036768371	107.615452530525	110.169576851529	112.075034827723	111.765275710599	104.970865642884	110.818728844641	109.775202977627	106.106350897222	107.354505357024	109.914694300295	107.623752496007	109.722870765412	111.732753409742	109.075165397166	112.133073937350	110.647477453972	106.895724422674	112.500170866792	110.309440330517	106.122043597726	107.761767929545	107.094110974568	106.141865355578	109.236276653574	107.539341972585	109.187607852116	111.073318935958	109.006562700433	107.537288088260	109.053512834927	109.071181900302	108.589408611895	109.782823478165	106.025320393596	108.828760538532	111.177483648644	108.753260012630	106.834713717074	107.900243466294	108.383716239879	111.398382967941	109.491113113587	109.912213363373	111.156330453395	110.221743730584	108.485667924103	107.581413207339	109.824101410550	109.514848364884	110.569286800043	109.926329156970


objFunctionValue:   650.573865922404



