Dataset 12


dvh_array = np.array([
    [ 7.82, 2.97, 19.25,  3.09, 12.91, 12.41,  3.47,  3.34, 0.00, 0.00, 0.00, 0.0000,  0.00],  # Rectum
    [ 5.19, 0.55,  6.10,  4.37,  6.02,  6.01,  4.44,  4.40, 0.00, 0.00, 0.00, 0.0000,  0.00],  # Penile_bulb
    [ 5.85, 8.32,229.44,  1.96, 18.03, 13.22,  2.39,  2.24, 0.76, 0.53, 0.35, 0.0000,  0.00],  # Lymph Nodes
    [ 1.16, 0.80,  4.19,  0.25,  3.35,  2.89,  0.39,  0.34, 0.00, 0.00, 0.00, 0.0000,  0.00],  # Rt femoral head
    [13.64, 1.32, 17.38,  7.37, 15.67, 15.11, 10.71,  8.99, 0.00, 0.00, 0.00, 0.0464, 29.33],  # prostate_bed
    [12.38, 2.14, 26.36,  5.53, 15.65, 14.85,  8.06,  6.83, 0.00, 0.00, 0.00, 0.0000,  0.00],  # PTV_68
    [ 5.87, 7.89,229.44,  1.50, 18.97, 13.96,  1.97,  1.82, 0.63, 0.43, 0.33, 0.0000,  0.00],  # PTV_56
    [ 5.81, 4.01, 61.32,  1.06, 14.30, 13.68,  1.54,  1.31, 0.01, 0.01, 0.01, 0.0000,  0.00],  # Bladder
    [ 1.22, 2.94,365.76,  0.00,  9.85,  5.12,  0.00,  0.00, 0.05, 0.03, 0.02, 0.0000,  0.00],  # BODY
    [ 1.02, 0.62,  3.37,  0.11,  2.70,  2.37,  0.34,  0.29, 0.00, 0.00, 0.00, 0.0000,  0.00],  # Lt femoral head
])



templateX:  -49.5461018399889	-50.0380731692905	-51.4162002896834	-50.0369165700127	-51.3440988337932	-51.5689232211266	-50.4245113450725	-52.0636280199031	-47.2846565428514	-47.0663207507753	-46.9072637715695	-47.7575639390171	-45.9698760432570	-44.6010879980492	-45.1424063084108	-47.0548216589371	-40.4639200206486	-42.8464331547017	-40.2099181634798	-41.7382100190292	-41.7716791080919	-40.2208039030652	-41.5552570376236	-42.1346409136210	-35.9282071491598	-37.1276177987043	-37.3306047464334	-36.5010942617605	-37.8284521433656	-36.4183889810902	-37.8883778873956	-37.7428243366565	-32.2379000340747	-32.1951572750969	-30.7986107666328	-32.0888058343452	-30.9169168578278	-30.9722105870907	-31.7168124086331	-29.4351021628074	-27.3805770608212	-24.9203276014649	-25.1447044002409	-26.0647810153511	-27.8338980692348	-26.9777534339051	-24.4047704051338	-25.4129422749722	-22.1365182653229	-20.6541900313584	-22.4760955677326	-20.9514497461371	-20.1419457141836	-21.4490776981240	-22.6070090158722	-20.8449609148245	-15.6624018130004	-17.4617928773687	-14.8714185637176	-16.1925894373018	-16.9337720717123	-16.8096837112581	-15.5668509634264	-16.1494911613166	-11.3453496119108	-11.7602956539364	-10.9191015233322	-12.8465549342805	-10.9649170209170	-9.62444968324225	-11.2136313814972	-11.7501696567430	-5.08904853388161	-7.39770495888171	-7.62465480645351	-6.34090669673970	-6.27054826046875	-5.32145920494440	-5.45320422246059	-6.03401829272096	-2.17770330586125	-2.35044907867890	-1.49199611791675	-1.36831889790107	0.512887704042956	0.343770236499212	-1.82160990599362	0.119204668594194	4.06096104720267	4.00473354914181	5.04814415787700	4.85806360668819	3.97746479127393	2.10657190646636	3.39569919613279	3.62658837252056	9.31637433003314	7.61388645082113	9.07895017909080	8.51107456585809	7.28910189272619	7.57611208212594	8.46694934840187	8.70161003865841


templateY:  -396.713725189500	-384.874749586592	-375.750368553123	-367.185499742466	-357.373090090320	-345.189584079400	-335.590883024004	-326.677434325407	-392.677275264838	-381.404148316530	-371.262390597220	-361.001154654859	-349.975934086356	-339.381118585616	-331.536994801503	-322.210133971085	-394.402044239053	-385.495635096341	-374.603277824762	-365.647978292597	-355.604947730616	-346.536272895431	-337.777856286126	-325.799681592737	-390.315845603353	-380.589478879381	-372.658548322514	-362.339771143895	-350.230625634254	-341.139997642799	-331.530122130211	-321.866301529524	-397.223131281783	-384.559732385979	-376.482216541367	-367.388383023349	-355.980609590767	-347.768606524486	-335.955838753690	-326.487353746167	-390.212104254742	-382.305667870196	-371.237063485200	-360.797657601159	-352.576743588523	-341.135421249648	-330.156268254063	-322.407051178736	-395.424731634308	-384.967855006718	-376.079396488520	-367.858565571970	-356.626922189594	-344.469837859265	-337.369112207789	-325.163733808865	-391.611986361275	-381.889890379309	-370.973480641671	-361.450078833678	-349.654350396849	-341.626266328589	-332.481631590983	-321.982620267046	-397.330543980493	-385.029525828071	-375.671678010074	-365.567603826790	-355.551002292011	-345.959944315670	-336.874592249829	-327.534817855671	-389.966149438482	-381.772842379635	-370.779671425500	-361.234726971773	-350.571674221437	-341.961914271900	-331.879557358971	-320.456715680388	-394.468238845494	-386.886460381245	-374.886438363293	-364.720765971950	-354.943274340099	-345.242434812491	-336.968454426844	-324.560429195093	-389.910450794079	-379.927102474538	-370.155366704769	-361.217270252462	-349.896334564299	-339.623268427189	-332.790561144327	-320.323608339421	-396.243294849051	-385.806235728025	-374.429671913830	-364.910887687663	-354.456973622373	-346.668420673287	-336.904642530928	-326.767988559415


templateZ:  58.2989008994703	59.0395396838176	58.1194100932895	60.3266973552209	59.4685815395538	59.8704091145700	57.7617088273348	57.6142904667741	57.3162962754538	59.2854972143745	59.1859848628100	58.4338161342320	57.2003537871637	57.6785691345583	58.8948950769782	59.8762922077790	59.7883215652040	60.3913267280393	59.9043198537757	58.7111048663285	58.3265853926886	57.5861993112163	59.0855081295120	57.8478433667208	57.5342133151042	59.8079813224073	58.7215834897387	59.6616408600437	57.4947294932212	58.6581840822923	59.0720480334405	60.1157328887838	60.3129427422305	58.3508460560275	58.4244585293907	57.4790141168665	59.4227661671041	57.8870245049441	60.1536996047631	58.4981071120010	58.7097874690561	57.7573281566824	57.3572248522370	59.8671268444981	59.9277244397965	58.7431563414545	60.1046692017254	59.3109579774755	57.7529084959610	57.2264357331041	57.5754147189562	58.2258113371637	59.6815610231963	59.8266211113945	57.6411806794357	59.9064885421474	57.6998984717678	59.6310502049140	57.3961389201953	58.4997209330983	59.9765948020144	58.9761034512873	60.4369375798396	58.2295726853850	59.1447689242878	57.7869918365597	58.4941038945428	60.6168369920521	58.3240988041183	60.3011878685013	59.5630221934701	57.2253858289080	58.8056599277012	59.4903590195554	58.5298803978880	57.6605086182039	59.0852775735205	60.4438292334695	60.4787239826696	60.5859827967097	60.0472384239413	59.4104701299394	60.1632952862811	60.1443899115651	59.7879261928964	57.6996267625450	57.3993495490372	58.9023210275168	57.4468309189494	58.6536969509672	58.2130901838590	58.4482180643726	60.6057632852730	60.1644128028848	60.4388629593247	58.0112569474271	57.2909107134773	60.0326254328233	59.5317295242430	59.2072666218051	57.8727792676822	58.9942824904385	57.3163344497902	58.6298625684903


seedPosX:   -50.3192562568698	-48.9439304738376	-52.0237411904906	-49.4531307329707	-52.5650061876636	-52.6512437255090	-49.4846759122262	-51.5816177275982	-47.5977340254681	-46.5769499272847	-46.0238593019236	-47.3801439765136	-44.8581823210379	-43.7885425650110	-44.4082248975198	-47.9782919039347	-39.6723102631655	-42.7364545119806	-39.0889255882753	-42.8144592570808	-42.5320360149040	-39.0315161375807	-40.8618820906876	-42.1993837841209	-37.0277529078737	-38.2004387684468	-37.5960047749618	-36.8742641658942	-37.2645371158713	-36.0657379439451	-37.4456764362457	-36.9625015097600	-33.4170679004720	-33.0864621496015	-32.0442238825219	-32.2846182719124	-29.7761639238079	-30.9939103999540	-31.5261115715317	-28.2379294612385	-26.5149711918306	-25.1131380506667	-24.8893745611738	-25.6082092825507	-27.3926408522542	-27.3570195574350	-25.3870404080949	-25.5656155679520	-22.6190018450949	-21.1283490905224	-22.0800464667578	-20.5886899093328	-19.4354292370823	-21.7377893769245	-23.7582825150567	-21.6590090645887	-16.4348123278683	-16.5063434259812	-14.4209099934427	-15.3890678568140	-17.2085213459997	-15.9715471857290	-14.4853784700453	-16.5287755945586	-11.0324766143318	-12.4590359317843	-11.6206363491112	-12.3960304783530	-12.1379400759927	-10.5914652359731	-11.0110929972777	-10.8914164112253	-5.12880593820060	-7.59280945277753	-7.23362950543569	-6.60150660880179	-5.57238588691110	-4.89818024865635	-5.90374808144357	-6.70702520323682	-2.65402720617048	-1.44435889943238	-0.543379014516385	-1.05282943711537	0.0158813127848903	-0.637039175557936	-0.883767888881724	-0.993122331742969	2.95586452909495	3.69252827529165	4.21110470895979	3.92817199682794	4.32785335700113	1.14586912774326	4.20606910602173	3.35881404701288	9.91091995866097	8.79849242976444	9.38623656658728	8.20617955957282	8.01100403760832	7.37963759743504	9.48575591523178	9.32745547816185	-48.3097957821626	-49.5160158800129	-52.4678730324230	-49.9082147085234	-52.4568925444093	-51.3626484898631	-51.2113604248342	-51.8793871483947	-48.4326775936181	-47.8689486991815	-46.3195755859680	-48.9310678298274	-45.1013905202672	-44.9252911838900	-45.9675136289602	-46.8294985482361	-40.5882708792440	-42.9569377772543	-41.2785268847863	-40.9666557204684	-41.6814999592102	-40.1352635567470	-41.3396741043769	-42.2767001337650	-34.8544666302689	-37.0608614133919	-38.4439614371881	-35.7691224725789	-38.9429473660867	-36.7746919578537	-38.6662654256126	-37.2579376353590	-32.1224618544514	-31.1510856475653	-29.7724316517423	-32.4755737710086	-29.9412544417560	-30.2649691555439	-32.5750437095632	-29.1057604128643	-28.0291721057711	-24.1734858056737	-25.6403224599475	-26.7517674418412	-27.6713064915872	-27.8179957439834	-24.3009222622312	-26.3581507552042	-22.3636522290854	-19.9522607940057	-22.2715826482637	-20.8773541569256	-20.9014239590580	-21.6049191774543	-21.5680503023785	-21.3924031869552	-16.3612897811991	-18.6707489593660	-16.1153781348560	-16.0532537833196	-17.1914989931062	-16.6283449141437	-15.5085459533816	-17.2319283959403	-10.6845748769694	-11.4741390536580	-10.6275301025344	-12.1188456804825	-10.3702261884444	-10.8607240279783	-10.4366646708512	-12.8609646035149	-4.00501177597107	-6.93077320433103	-7.17549407155820	-6.18839728552767	-5.85787947265931	-6.49470201510115	-5.53553794976555	-5.80014252707246	-1.36286803321250	-2.93206652277107	-2.51081203837002	-0.824668211705009	0.203175299048475	0.386987115254435	-0.893474338607798	0.263066890170201	3.36312482986984	3.48199391090815	5.54539621290992	5.22733663257522	3.13764108700783	1.81457358042649	2.90613204721995	3.27542647330857	9.03830556847881	8.24554589446495	9.52474266758348	9.07660533237190	6.29714211988378	8.77635209592910	9.49130146123255	8.59961345993838	-49.2969322961636	-49.2429422585017	-50.8339416402283	-48.8566712099975	-52.4660316177577	-52.0320267652524	-51.5354347719098	-52.7159323252699	-46.3625805229121	-47.4850123166029	-48.0773288456217	-48.3884470293304	-46.9009100848805	-44.9045960380582	-44.1071804777263	-46.0272114585576	-41.6268507952287	-41.7695809586226	-41.3187979891726	-40.8644210398126	-41.8702152939312	-40.5127710499301	-41.4994382616757	-41.3091439432166	-36.5180607279037	-38.2951914184739	-36.3459393254929	-35.2786475861980	-37.9102032000677	-36.0244848979024	-38.4011889749892	-38.7905968225744	-31.5878766524021	-31.8336000180614	-30.2946231455767	-31.1131774062866	-31.7547343417049	-30.8926619635447	-30.5553911653025	-29.2409222795960	-28.4766765284530	-25.9218323423397	-24.3838236932035	-26.0099486368556	-27.4322776529533	-28.0738812419356	-23.2714350765442	-26.4790791552749	-22.3167533442666	-19.5962749281685	-21.3176840372052	-20.4263530020651	-19.2064440250150	-22.6110541424710	-22.2871777546266	-20.2494935096948	-14.7503353172899	-17.0689529865926	-14.8380019926612	-15.0088253740232	-16.5537481955443	-16.7731175252326	-16.6464212799143	-15.3864831215377	-12.2954065423809	-11.0151287523899	-10.7004031782436	-12.3924796179512	-10.4651404423755	-9.65158116302347	-11.7987050207303	-11.5392213304737	-3.86236158410146	-7.18245976451159	-7.50234266541882	-6.40511536008807	-6.51284985317952	-5.21773784978121	-4.80690043176256	-6.41824736033305	-2.53818550521919	-3.37280939186565	-0.346136636127137	-2.09796887270881	0.120426927318869	0.354170344286734	-1.09824853297226	-0.580345264131607	3.00106590202794	3.52902392996942	4.98388750200623	4.75817314565653	4.16261946640874	1.04612572511756	3.86459686318689	3.18590455562084	8.84225706105255	7.90281614584667	9.94074167842522	9.58171490354438	6.79656610489990	7.59416257560607	8.93339039400107	9.23687941704719	-50.2131233942910	-50.5830273763976	-52.3573386811473	-50.5909396648543	-51.1721801468348	-50.7610085355828	-51.0065845432060	-51.6578666660714	-46.7538048654060	-45.8261087149028	-46.9041003593722	-46.7636641887584	-47.0521507788763	-43.3785740880706	-45.6735697172876	-46.7284008239224	-40.0140187157677	-43.9208376929118	-40.0750982666515	-41.5237256773413	-41.4115786532370	-40.8173671725098	-41.2232912793494	-42.7999057180049	-37.1214625638687	-37.4924112647342	-37.0616004950239	-35.5401853829825	-38.8832618912544	-37.5555254176133	-38.3513001074052	-38.3242304061904	-33.0032698283321	-31.5823966138060	-31.3837549684564	-33.2163540523321	-30.5235177038304	-30.7869405430503	-31.9433772995896	-28.5998954000431	-26.4658073422065	-24.3140438068607	-23.9985695451298	-26.6647048548408	-27.8873520815214	-27.4213717739100	-25.0401453128368	-26.0689134935265	-21.6662969852909	-20.1823550706508	-21.5846222470767	-21.0502029701177	-20.7524743424169	-20.2875614191466	-23.5547993781691	-20.9534426105418	-16.1826511689693	-18.5720255635256	-14.1800584526064	-15.1728826467875	-16.8223801037216	-15.8665359433822	-14.6772723374727	-16.3804550223725	-11.9992802658468	-12.0560458198629	-11.4101124451766	-13.7286232334400	-11.1693069537728	-8.95581251389844	-10.2482782327253	-12.5234747729235	-3.94702261297054	-6.89624383799177	-6.70859307272049	-7.01477844396782	-6.91069261598427	-4.61449524821053	-6.09162071145230	-5.01448862366807	-0.999037753390104	-1.45816908503031	-0.841342237315777	-1.65810884779845	0.401567227158863	-0.172250891749754	-0.760243704980791	0.506831015735585	3.29467613343288	4.75928924516347	5.66550005564739	4.34913525913957	4.95874606470867	2.89454312219310	4.18213420959561	4.49780194466309	8.44430998697083	6.86882151988421	9.99687823224848	9.08297400961542	7.32153234358146	6.78722095303071	8.86475107730495	8.38752965835593	-50.7080736902161	-49.6606748193695	-52.3271452534213	-49.1385179144380	-52.5750798087375	-51.2945989789805	-49.2262333699613	-50.9428330986741	-47.9657431044860	-46.9161175709739	-45.9767659851630	-47.3876171612815	-46.5530254191995	-45.4739561360973	-45.5510298393214	-46.3665076174566	-39.8732111250370	-43.5288066265655	-39.2125233612498	-42.8453676064375	-41.0845563318256	-41.4064244041089	-42.1993359897380	-42.2636814561844	-36.9300593302782	-37.0937912382179	-38.5763632362856	-36.8884043522953	-38.6551146561055	-36.6068607934449	-38.6913524229044	-38.5929878767739	-31.5843027367957	-32.8258391413466	-31.8570675260195	-31.2229856427777	-30.9483683773100	-31.6888742270573	-31.0548572876455	-28.6284540435239	-28.3737297019248	-23.8231260771339	-23.9149610022843	-24.8581370973490	-28.5026556213448	-27.9018124300910	-25.3089872440565	-25.6717529603714	-22.2397231972851	-21.4780209627891	-21.7568893477976	-21.4349572308500	-19.5809620720887	-22.2331701560625	-21.4970990065401	-20.6046003527672	-14.6728330684992	-18.4780386009131	-16.0023266657887	-16.2538265668977	-17.1553645770316	-16.2846832687741	-15.6164228089493	-16.1193097907568	-11.4227220297908	-10.8700497392640	-10.3682955284375	-13.3273286089426	-12.0221505516371	-9.53891745355272	-10.4825641708511	-12.2338953453900	-5.18923362473163	-8.01849178613094	-6.85383621428536	-7.21904073120348	-5.29131164989276	-5.86439378913098	-6.55191646283850	-5.19161081612009	-2.55663108101946	-2.62215314226917	-2.67884751196567	-0.541000029917370	0.429611804386762	1.34443463255387	-0.974786076099869	0.804107544037116	3.07994220039710	4.60911167121071	4.66460849093406	4.54522961193599	3.43789695082627	2.50693776296963	3.70844993233238	4.82785960678248	9.86362513430287	6.39051220292681	10.2579586306712	7.41786657016651	6.60941829325458	6.57337627088933	9.22102109592150	8.70143119834886	-50.7470893416324	-50.1378152714378	-51.2425130119878	-50.6831055287645	-52.2155873958010	-52.3184083459899	-49.7473261075156	-53.1117455270986	-46.0913939517834	-46.3470730639774	-47.8609740029323	-47.9693696678846	-46.8212318792739	-45.4758641601352	-44.5207029960203	-46.6405683870928	-40.5906694471460	-42.6415838227829	-39.8860911173296	-42.7809786144572	-41.7055889039776	-40.3233058775548	-42.2545678917356	-42.6307586365368	-34.9366655265034	-36.7146214843817	-37.7653690576848	-36.3755652887756	-36.9656290886324	-36.8409227148001	-37.5741590240781	-36.5537016779818	-31.5015438601479	-32.2793879872414	-31.0223886151984	-31.7058059983358	-31.1289797571424	-30.9864136488122	-31.2723475800578	-29.4424087603074	-26.8859135013736	-24.4768910762917	-24.9060256277852	-25.8658273402485	-28.0156407396618	-25.7826524709656	-23.8346354729404	-25.0505308119811	-22.0667576993488	-21.3792249390622	-23.2100716437598	-21.4516280124202	-19.0720708712981	-20.8989872103272	-22.3869386218491	-19.9326437361778	-15.5421536133148	-17.3778418928075	-14.7057321370896	-16.6342452890821	-17.2492156257936	-17.4081755863341	-16.5797681877967	-15.3582894549038	-11.8512615375858	-11.8693646661376	-10.7924237745067	-13.0989209994409	-10.4244377215176	-9.02151792217847	-11.8125920408803	-12.1249162849202	-4.48095843970476	-8.18684844858226	-8.68517975754407	-6.91185735137996	-7.15417485347814	-4.74998957713231	-6.31316299535324	-5.02272943684270	-3.02904954979028	-1.59116799756505	-1.51156806241247	-0.461816219665228	1.57680731514683	0.810215130299760	-0.851762356248103	-1.04995657747854	4.45925587333153	4.18903230937907	5.38003926959847	3.75696182478482	3.77805008661421	2.44274866879627	3.67446797649737	4.56949263560408	9.94160178783232	6.87411026542442	9.93259966763770	8.39618901880089	6.10201431812602	6.72209841784745	7.80886210135471	9.13299882900325


seedPosY:   -397.144286540153	-384.006332059935	-376.057354717532	-366.479939400413	-358.068824721196	-344.675448732429	-336.147177380837	-327.579900499387	-391.837580681167	-380.916899802013	-371.775920041014	-361.504584971456	-349.273961550961	-338.790656642970	-331.774101001028	-323.061242959930	-395.575658911839	-384.686892257102	-374.702606577658	-365.591979488257	-356.108169059501	-347.372982783289	-338.174410528752	-326.799089904458	-389.411544816591	-379.632489804709	-372.808421896793	-363.508893839959	-350.596901293408	-340.461025029253	-331.565440913670	-322.926309742242	-397.389363729696	-383.789639720156	-377.491662696101	-368.050598072886	-356.301891499475	-348.349833483619	-335.905725435570	-326.085502179351	-391.244245265109	-383.452151650506	-370.658447377449	-361.895077735239	-353.059055891468	-340.569172314228	-330.775020613579	-322.189101849986	-395.586059105934	-383.927933219804	-376.887130127099	-369.020333750489	-357.872412226461	-344.038670215630	-337.532213955901	-324.955705134753	-391.902887916086	-383.135286977723	-371.517194120888	-361.964805255042	-348.526648372566	-340.650724650455	-333.408230048367	-321.448594367602	-396.496497128566	-385.481224505644	-376.851589661569	-366.102231483832	-356.089874976827	-347.030885752077	-338.097189691861	-328.619663378342	-390.810142654585	-380.865192422137	-369.623487564862	-361.454903042525	-349.566545864572	-342.783475193078	-332.451542624396	-319.950485802407	-393.283565283141	-386.587027574846	-375.368653048722	-364.385807913322	-354.735889622188	-344.496413567709	-336.599280221668	-323.464024408068	-390.537588348789	-380.143279254280	-369.050432060996	-360.578798175825	-350.379795906841	-338.484397512443	-333.660067676192	-320.416701435005	-395.304160948595	-385.246542715521	-373.574439941647	-363.914183308230	-353.434978457307	-347.741953743507	-336.622795564658	-326.566980195812	-397.549056655885	-385.707992396356	-375.415175675388	-366.504815664725	-358.506483976156	-344.535222199686	-335.500971919733	-326.415087156255	-393.251968281007	-381.334827829156	-370.218307883078	-360.190609484287	-350.051844930884	-340.442026873060	-331.107083270371	-321.790663176737	-393.672183478751	-384.509472414470	-374.264689692486	-366.095232481899	-354.689747835726	-345.802242560266	-336.824088769657	-326.816771846529	-390.519414467655	-380.112119890605	-373.057524394030	-363.573408367886	-350.795441247771	-340.437355937845	-331.763923136102	-321.042600410800	-396.192283347304	-384.263377383669	-375.497563682368	-366.147419662276	-356.321070102739	-348.197797726203	-335.357129821523	-326.237594653338	-390.756237363690	-382.088305503293	-371.746784201385	-360.784053196005	-353.654503969784	-341.109124299312	-330.131178450146	-323.267677338408	-394.940598293386	-384.626946582012	-374.892562696574	-368.387638495527	-357.338489782494	-344.302463557455	-337.828868681659	-324.866486704404	-392.431942750937	-381.849056100573	-370.833474530848	-362.515748279081	-348.973840157205	-341.868593492678	-332.750416555233	-321.286323050634	-397.159219674000	-384.807349853240	-376.322234709604	-365.053487068171	-356.454957862261	-345.363650389320	-336.712788458837	-327.977076840578	-389.084254823672	-382.604748060919	-371.830749270996	-361.337122415817	-350.736388114781	-342.105892589718	-333.103596435013	-320.952638305060	-393.428445371875	-387.396417830004	-374.321858833060	-364.418595731569	-354.616595351530	-344.866919214490	-337.390906462181	-325.738894395118	-389.196479692524	-381.034144109654	-369.809533984886	-360.260762587517	-349.479663503577	-339.140199095463	-332.416480677288	-319.291438936633	-395.798240204429	-386.557751110441	-373.702170065486	-365.722896790852	-353.663110066334	-346.039210605010	-336.633355044764	-327.903204779165	-396.010165351225	-385.567043633427	-375.306470825689	-367.406498862352	-357.834913727608	-345.207742647243	-336.603426033241	-325.971344489866	-392.367315134563	-381.976028464431	-370.339059447555	-359.787600135921	-349.893550462738	-338.671689343644	-331.884183248915	-323.162329669841	-393.390777416767	-385.270644603110	-373.647879067639	-365.476128988602	-356.685935234223	-345.935267084193	-337.785958130439	-327.007741061755	-391.211092790614	-381.116194319482	-373.500787135122	-363.261515191162	-350.555227259286	-340.206085337630	-332.098059517608	-322.650436955705	-396.199108734454	-384.516109120326	-377.619531042532	-366.956833622572	-355.974198382950	-347.458600177583	-335.782903268666	-325.393634283028	-389.814612663179	-382.033995706710	-372.406275058140	-361.303537724225	-352.332450197819	-340.157511719946	-330.954077738114	-321.186971826803	-394.777275629034	-384.037565635084	-376.587495756668	-366.855821104259	-355.805418901618	-343.454498343306	-337.187622014385	-325.143179983889	-392.511390437808	-381.657405983239	-371.611930855456	-360.409543083950	-350.628095785918	-341.673634830294	-332.759523730675	-321.265981174475	-397.550602997068	-385.647725676649	-376.829844439887	-364.750554014322	-355.921572302454	-346.499626758645	-336.212276104614	-327.438426700941	-389.293254475608	-381.045709232417	-371.838621598390	-360.360408231750	-351.229680296706	-342.289646265094	-331.206964990483	-319.288083392309	-395.235252739439	-387.353373322976	-374.540277660811	-365.137960587073	-353.956166991409	-345.086876217368	-337.341133641510	-323.753348744036	-390.954986599024	-379.038363521775	-370.594773857914	-360.781833730627	-349.039271474432	-340.223643704657	-332.959312960625	-321.458428224355	-396.426738016948	-386.448699091929	-373.472678443605	-364.754303303277	-353.781606585332	-346.386957774208	-337.944878925937	-327.272041136148	-397.170114804938	-385.498340260498	-375.330008236442	-367.816578908299	-358.494720768355	-346.347220461946	-336.085408354307	-326.363040638405	-393.237688803068	-381.903032593948	-372.181584685102	-361.656300902489	-350.311874427232	-340.101057198624	-331.525521516690	-322.477175717540	-395.326960417574	-386.632175922821	-373.626237357583	-365.569113436674	-355.836181050510	-346.263247201597	-337.129674684590	-326.327868244730	-390.837252711642	-380.215403100859	-372.018128513524	-361.351014415053	-350.165947794540	-340.398466123081	-332.191353776336	-322.760341969719	-396.389667379152	-383.950096041945	-377.448670726735	-367.948084078233	-355.663857124393	-348.517710666058	-336.495054452870	-325.843974543398	-390.419767579971	-383.380829151914	-370.769086617742	-360.208593159839	-351.648306267642	-340.982863035828	-331.070047232291	-322.747868849378	-396.577182853693	-385.565810801683	-375.964110820534	-368.726900722033	-356.897807675617	-344.421278151128	-336.331875490513	-324.152026897131	-390.906514279185	-382.607280885930	-370.481455262693	-361.177872004687	-349.021556038179	-340.641832300593	-332.023520894090	-323.112982038991	-398.545646017362	-384.011718410688	-374.753353249756	-366.042822325672	-356.275563037315	-346.603580004682	-337.380734393689	-326.974519137292	-388.962481864655	-380.989162238370	-369.809138538301	-360.918538132629	-350.714973913153	-341.422340930752	-331.284976628106	-319.601134486262	-395.361090116807	-386.231330918955	-374.987893066353	-365.702194267118	-355.825158044013	-345.541391082262	-337.734784716939	-324.824857462582	-391.081112412656	-380.393789161237	-369.928781016909	-360.428512146674	-349.672377633829	-339.485449003066	-333.944676356739	-321.287393692838	-395.673208619766	-385.211214588409	-375.157074477124	-364.627637748954	-353.308635449688	-347.416576412694	-336.306879758103	-325.577789312926	-397.143108968461	-386.026373724874	-376.403520141769	-366.149304051218	-358.007636195564	-343.978300123692	-335.292896430386	-326.993032433567	-392.506817041410	-381.951392014786	-370.398299086131	-360.441983328854	-350.920956516066	-338.961353763097	-331.242781679968	-321.627793270827	-395.502292622327	-385.579936422995	-374.492676232098	-364.911746638701	-355.582394708763	-345.347454076637	-336.775326856090	-326.892696774490	-390.644600212808	-380.889300458684	-372.114606228820	-361.948804094276	-349.927748538327	-340.697288974700	-330.561483037180	-322.871687658049	-396.237940901224	-384.316649235929	-377.065847695681	-366.928242006204	-356.338650991867	-348.446510671919	-336.215479878008	-326.424783962457	-391.341147902987	-382.018829417231	-371.295118819324	-360.617490972796	-353.534200374093	-340.530860990373	-330.938388025446	-322.817062426181	-396.417443046782	-384.614358410440	-376.398497275038	-366.864470852744	-356.860163652656	-345.590877264258	-337.567562107753	-325.129873337123	-392.397404713010	-382.998500716057	-370.516681687887	-360.382543549603	-348.729336004280	-340.520349496858	-332.645103617121	-321.921395354047	-396.184186869704	-385.515690510064	-374.785132351616	-366.425596920783	-354.930774127629	-346.075146231050	-337.577650537524	-326.955974126170	-390.203542225155	-381.569980553550	-371.903587196396	-361.256201920147	-351.039123112982	-343.050134000784	-331.681840779822	-320.838232104862	-395.614421536192	-385.970694126193	-375.707992763501	-365.938688836560	-354.114215573125	-345.224801843845	-336.799312493221	-325.028626749573	-389.423994741596	-380.184775948227	-371.269469296484	-361.550130047419	-348.860362890464	-339.809434074144	-332.540255695598	-319.662780982881	-395.291639677174	-385.627397301657	-374.345597320274	-364.749149974217	-354.605527376388	-347.600631316789	-337.517434808498	-326.710499534525	-395.771191195332	-383.674902571444	-374.814607882142	-368.141601256340	-358.474355340290	-344.268979360459	-334.511206142977	-327.752705698163	-392.623020962516	-381.879762589441	-371.298820384236	-359.961552066326	-350.716914293110	-338.236877476107	-332.270864850159	-322.911225319345	-393.301108023859	-386.376318207502	-375.392521008164	-366.363159010953	-355.188187027933	-347.247626338270	-336.802635042636	-326.424530100868	-391.266526227758	-381.020797975673	-371.844827826746	-361.977827074305	-349.993128277108	-341.861476202990	-332.122468372381	-322.712911244523	-396.162048542090	-384.275819620812	-375.309155193766	-366.709858223832	-356.857932818747	-346.896870552968	-336.091018180805	-327.347033393062	-390.950374753502	-383.244397057975	-370.554767794764	-360.337822216105	-353.134729752047	-339.973128040206	-329.594324992483	-323.442426874794	-394.545874777634	-384.151006103180	-376.140657420277	-368.246140858788	-357.801619074998	-344.779298579027	-337.794245497155	-324.276346846200	-392.753452193138	-381.076720866732	-371.675386948986	-362.537470564283	-350.258031972676	-341.695053194174	-333.573768006600	-323.061499818708	-396.611617205774	-384.004082580806	-375.848634164455	-366.659362318867	-355.001193088553	-345.486511324150	-338.099917182614	-326.544415967063	-390.481183688904	-382.615451812915	-370.937224574092	-361.891963519886	-350.644612382398	-342.233415475443	-332.775576459278	-320.825671070454	-393.538546458216	-386.301073155349	-375.131833664426	-365.518674977498	-354.138183783824	-345.319532816551	-335.762557183779	-323.748497200732	-390.039752815570	-379.182313067715	-369.431107071908	-361.493756366680	-349.486154091668	-338.660010311321	-332.502189376134	-319.656450199517	-397.204240116551	-386.765585246670	-374.725737303321	-365.976169079312	-353.304187322548	-345.584314616442	-337.965757619731	-327.807169898831


seedPosZ:   56.1097388593143	60.0153841843381	55.6297048699098	58.6109837948262	58.3413331428147	58.9465546059105	58.8318888395750	57.9732233877573	57.3922620850367	59.6721469681176	56.7106984299223	57.6949896942304	57.4240273352262	55.6388893995715	57.7565144415527	60.3299322835219	57.3114581849748	58.0450804045812	59.2878557296189	57.0386814189918	57.3577094901929	56.4360717455726	58.1215563760641	58.2679530177296	57.7268059866347	61.2613349512818	58.0851781804842	60.9216871408964	58.2576250971679	58.9178794621516	60.8266469841405	59.7419761919968	60.6849458723705	59.6921158173631	58.6220308670310	59.9003657283911	57.4506920145258	56.8920484476235	59.5529686551143	58.3616867532492	57.3226310722484	56.8610405739787	55.9914793939480	57.4759158464337	57.5050913646735	60.1624056080011	57.6979046497578	61.3245937753878	56.2359321763856	57.7716093715978	57.6897702707596	59.2594629893743	58.9475422277567	61.1210929946371	57.6690591897923	61.2353605561450	57.0125581903530	61.7561379880448	59.4016349967047	58.7582953311462	60.0817200381666	57.3712265404960	60.9815538598767	59.3693735432539	61.0244764718862	57.6536009259930	59.7551727991051	59.0220784806671	55.9307775788708	58.4475450101063	61.3632833244412	58.7089324079860	57.2436210342952	57.8464340461796	59.4077224136636	57.1599811239864	61.2629119858437	60.3250048492405	59.9899029213979	59.0361000998967	59.2325674062607	59.1153737247416	58.3532140558848	62.5460839394395	59.4861765020046	59.2188361673928	58.9876746634434	57.5599602331342	58.1531227410316	57.4427461076320	56.3336248425401	57.9835069387925	58.4442257120545	58.2132141673810	60.5866440668679	56.5687667955460	54.9207478307335	62.5032251974074	60.7549335776580	61.6184421890884	60.1296892508808	58.8523213379781	59.7540124438290	60.3944681302592	67.3442857755747	71.2982201403339	66.1876534999706	68.4130662725448	66.9720586125437	68.8861912840898	67.1076153839566	65.7159960803254	68.3758574351280	71.5730660035539	68.2974258914801	69.8787350782287	68.0577832450244	65.7266408345928	70.0147078176193	71.7893027016183	67.2907871936244	68.4010446719678	69.2562399962015	70.7845508311332	70.8215293845909	65.9386687514989	67.4485947866083	65.8631954079337	68.0649518065800	69.3674320849083	67.5004972791151	68.1700650891091	65.9331757143281	70.5770463164905	69.7291169907683	70.7278650415176	71.1042861641760	66.7362684096101	69.0537020742049	69.3612923851673	67.8137810599198	68.6148939012717	72.0743101966376	67.2506882928185	69.1408932472937	67.6916935714362	69.0526562876612	67.6255046097428	71.1250873254688	69.0157366758722	69.7520313931231	70.7095706906201	67.2362450754601	66.5125810613849	68.3727769508853	67.6966707589388	68.0739487216614	67.5980962641421	66.3767868844549	71.9155552524624	70.1121139381462	69.5515951562883	65.6198867849144	68.5580538010567	72.4442328903576	70.2889479575716	72.7670564425067	70.3789754356447	67.8272217407188	65.7746026264117	68.0429755211843	68.7727000349470	69.5969324464403	69.5417035631295	69.3119408173578	65.7220632369031	69.9882499211411	68.0071963224958	69.8706822401624	66.3669093369647	69.6539450120454	69.6726882750287	71.5918829897691	68.6720983721594	68.4511803484013	67.8797924372554	69.4660375076870	69.6663585341311	68.4168267359658	68.5449121538016	69.6854137799923	68.5606466739836	68.9659019681767	70.1446429320770	70.6892952502442	67.0072400743269	69.7508575332377	71.4761220368460	71.7226604455322	70.3176398811914	67.6403723689923	70.5751560206946	68.8571906248786	68.4250044462212	68.3727190365457	69.1224275963774	67.2411670436258	69.4081140652923	75.9901608468544	77.4891535287748	80.2631364832986	80.7415958848248	77.0456336056938	78.8387855815040	75.4880097380196	79.0879481151799	78.3731261248082	79.4673035544250	79.6199581210763	76.9885529675283	76.7699288265587	77.7576724520354	80.5865694631896	80.6758454009225	79.6942019736440	82.1551502643872	79.8119604575196	77.5725842292886	79.4825639352824	79.9335456323195	78.4636210921849	76.5408438837486	76.2477370526788	77.4026783172258	81.1348493873788	81.1747384888832	77.8121558179661	78.1023291997473	79.8346900988701	82.5842736840069	81.3817718772560	76.3626809781413	78.1609028691483	78.4429880566996	78.5875457358270	79.9957687530414	80.8161545442126	80.6590343766547	78.3393884685740	76.7597763356646	79.3023683773122	77.4539958292178	78.1680000549764	81.0389681197258	81.1770164392562	78.3432915813138	79.3933893395028	78.7658950497675	79.6216900273151	78.9398762084729	80.3249886339799	77.9189765127167	79.7360424889394	80.5263939083796	76.4878229960736	81.8875680280859	75.1271677198118	76.1043566414971	77.9168454385760	79.0653177249371	82.3302564904864	77.7404681560614	79.4513855434409	78.2777710661519	76.3693581756136	80.0742869943959	77.5990244411919	79.0251328314904	77.6031637494826	75.2868318338819	77.6416826582285	78.3223208977746	80.7102867960032	76.0913932578231	79.1224530507838	78.6818003022150	82.5822241509000	82.7332891339817	78.2309954945551	81.2683161809165	77.7250708092448	81.2545704445908	81.6808526978890	77.1368602894568	76.1315017764497	76.9609387948303	79.1807366129129	79.4519920030917	79.6114011983500	77.7410314967063	79.0264403375186	77.7153105893515	78.3684368852484	77.1585929704120	76.2950614848980	80.0654812344616	78.9647559992650	81.3937485497697	76.1704854055455	80.3928321455015	75.7036458307188	80.1563300325497	88.6108199548769	88.8899135115951	87.4174682992594	89.6855694102443	88.8829442148094	88.6519427689105	90.1218983621009	88.4171130854748	87.3427290768024	87.7756008679731	87.2079057000262	90.3758828654523	86.5151536188439	87.4471371690645	86.7188632848699	91.6301028573089	88.6854864672664	92.4509248177262	87.7031707227815	89.2909364906923	88.6463015571865	88.4275483941186	88.2627229755146	85.5368147490277	86.4631394115649	91.9642265830077	90.2208421254184	88.8170145400299	88.6818270429871	88.9953835016882	86.6523663691862	89.7433056634722	87.9598349173264	89.7717293597692	90.8285327212092	88.4287350805950	90.8211930573077	88.3769170553936	89.0767469133241	89.7293811972622	89.6791587076591	87.4699438942489	86.9528663929816	88.1209837215970	90.1291845645866	87.2249576732647	91.3505825597070	90.3892592150238	88.7753937132237	88.4078724987777	88.3588504430364	90.1812920715891	89.6369585727562	89.0355071503589	89.9547243673300	88.0312101469910	86.2429597763087	87.9059010606206	88.9341632480811	86.3365538039103	89.9296106905418	89.4681943287797	89.7620384460173	89.1723672407278	90.9293046508397	89.7901841781378	90.7515816102802	92.6170711119719	85.8567834371306	88.0108488846823	91.4174830801248	86.9473887372898	88.5183625902482	88.6433521238222	90.7282459288376	88.7247149297523	91.2798126798150	90.5986089352371	88.0877388915676	92.1879382026286	88.9847187128135	91.2473684605758	91.9643493474661	90.3975517541736	89.5741186840661	89.4497489300818	86.6382413094593	87.5946260189464	85.2015199602593	86.8284894421549	88.6037570631650	90.4700652333996	91.9615951448407	91.1851283713577	90.0509182465992	90.3005397197231	88.5688569340422	89.3626428266211	89.7848002351497	87.8144138430811	86.6525032333183	90.1705496858443	86.3940605612155	88.2418890946655	99.5411107546234	98.3049848515502	97.8517027315118	97.9963727158182	100.608653793635	100.477288402621	95.8906823240833	96.1915700824410	96.3581826217327	96.9402567611913	97.6932603244827	96.2709650821731	94.7011150350415	98.3607163847596	100.408664784055	99.3479825361801	98.6020008160157	99.3104685068094	100.972541467974	97.1818283090654	98.7269875872498	96.3235615962132	101.265042117420	98.1706275036386	99.4322587706122	102.271362014564	100.952848066708	99.5535222782933	95.6197006944980	96.4789640102128	98.5053724361050	100.406961345182	102.425088866439	100.522388363102	100.048518220403	95.8969247421610	98.8883066343468	99.9509352401871	100.324551066702	98.2554151059258	97.6377701364185	98.3711986438879	95.7660872840972	102.002856486523	100.997592569519	100.404995190592	100.087082213169	101.627042404465	99.4694794962864	95.2959235152945	99.7563110718027	99.1676330597726	98.7171199796420	101.629893873661	99.8834731517377	100.815694684795	98.0158739860156	97.8809206504395	99.8271902374821	100.074840233299	102.037694687564	99.8959329607836	99.4520915324517	99.3885597795907	98.0258206872484	98.3631854572859	97.4683644937976	100.708214344490	99.5187177226563	101.521293296697	99.0803194038582	95.5300279332963	96.4176647637478	97.5197518534565	100.689875531809	98.2382558999516	99.7516976149083	97.9772649937294	99.0530523710424	98.4909989237625	98.3545625452433	97.3694879463341	98.3339617916738	98.0033707889472	98.6321628475392	95.3999602884217	98.6197500650213	101.126486706695	96.0536336071523	99.1565238000144	97.8935564021064	96.8160208126256	99.0802331995439	98.6100169845480	102.588321233920	97.9639759562354	98.7725327854124	98.4566210059038	98.1706520999981	100.956308488289	97.8442146200197	101.422975869352	95.6774675400165	100.880377886506	107.710576361082	108.777706478500	107.418866627819	108.549032414434	111.051776120550	108.278966564458	109.426572790277	107.145768681603	106.923550319523	109.451768126767	108.837572246096	105.945922671328	108.023650844261	106.462508755351	109.354511963939	109.165540316340	110.028589963211	111.794769584169	110.198721549211	107.719566559605	108.129659515190	109.690790909749	111.016413305526	109.745212439623	109.885928774811	111.069507209979	106.299299941335	112.123350460207	107.273545321927	108.760675356943	107.016513151305	111.541255778548	111.401411896185	108.577853913904	109.645136968420	108.415630584176	109.979233921565	105.798732113783	109.538711882040	108.022955354979	109.646677463257	107.282401570381	107.629558227500	110.458454244208	109.515033212782	110.467550126090	110.362218790202	110.876706856100	106.829883504142	109.023250823690	106.162239981083	106.302589689919	107.610918560803	108.099783996752	109.152081004657	112.228849714572	106.183859156965	111.021298151853	105.028553212670	106.569115310712	108.409707719060	111.103129877229	110.685487264843	105.885438972435	111.027546107568	110.038053477436	108.408108075557	110.281343913921	108.923137252526	108.952468886314	110.565764584741	109.630348343586	107.123235917527	110.144282061855	109.238836611966	108.343144653990	111.521351411481	109.878399052810	109.287346548422	110.375025980986	108.119109633793	108.700994407896	111.590040306078	109.169967458465	110.941296190177	108.425016020916	109.096177372414	109.005372343345	106.853876683400	109.249923199828	108.736891269042	108.625991409153	111.756321518243	109.545979225917	108.547572358786	107.345868540532	108.844809289236	112.021145249437	108.765300843761	106.786781580374	105.516695995605	110.742493854199	109.514129596221	109.943391415178


objFunctionValue:   722.339472936271



