Dataset 13


dvh_array = np.array([
    [ 7.66, 2.93, 17.31,  3.05, 12.79, 12.20,  3.36,  3.27, 0.00, 0.00, 0.00, 0.0537, 27.70],  # Rectum
    [ 4.76, 0.51,  5.55,  4.04,  5.52,  5.51,  4.08,  4.06, 0.00, 0.00, 0.00, 0.0000,  0.00],  # Penile bulb
    [ 5.50, 4.68, 79.71,  1.85, 17.03, 12.94,  2.32,  2.14, 0.25, 0.06, 0.06, 0.0000,  0.00],  # Lymph Nodes
    [ 1.13, 0.77,  4.08,  0.23,  3.24,  2.79,  0.38,  0.32, 0.00, 0.00, 0.00, 0.0000,  0.00],  # Rt femoral head
    [13.71, 1.26, 18.57,  7.59, 15.71, 15.09, 10.94,  9.15, 0.00, 0.00, 0.00, 0.0537, 27.70],  # prostate bed
    [12.32, 2.11, 24.65,  5.43, 15.42, 14.72,  8.00,  6.73, 0.00, 0.00, 0.00, 0.0000,  0.00],  # PTV_68
    [ 5.56, 4.70, 79.71,  1.43, 18.26, 14.07,  1.93,  1.77, 0.09, 0.02, 0.02, 0.0000,  0.00],  # PTV_56
    [ 5.67, 3.97, 25.39,  1.00, 14.31, 13.63,  1.48,  1.26, 0.00, 0.00, 0.00, 0.0000,  0.00],  # Bladder
    [ 1.16, 2.56, 138.49,  0.00,  9.46,  4.85,  0.00,  0.00, 0.03, 0.02, 0.01, 0.0000,  0.00],  # BODY
    [ 0.92, 0.59,  3.16,  0.06,  2.51,  2.19,  0.27,  0.21, 0.00, 0.00, 0.00, 0.0000,  0.00],  # Lt femoral head
])



templateX:  -49.4299814941823	-49.6130433234894	-52.5011675758262	-51.4118175191369	-52.1589125894976	-49.7818584979528	-51.0211370565647	-52.5364127306992	-47.0153991381334	-44.7845996443872	-46.9953209270185	-44.9268649200549	-47.0880891624023	-45.3751546542435	-47.3623388789091	-47.6452950266806	-40.8805352990962	-41.6924742418185	-39.6264348338127	-42.7563513830246	-39.7880692136229	-41.7378128199257	-39.4475317493263	-42.0210557106409	-37.7769020924826	-34.8578942081103	-35.7823657209326	-36.2186774631948	-36.5220417938262	-34.5388580761692	-37.7866100094996	-36.5774723096629	-30.4475944902971	-32.1651618197503	-31.0320489968120	-31.6399440105908	-30.4037410999599	-32.8755484428664	-30.6613235126340	-32.4579439299096	-25.1889381417970	-26.0190714173831	-25.8237300839281	-27.4822424845742	-25.7584279003652	-26.1872373675129	-26.5745453445984	-27.8598344500747	-19.8909716884980	-19.7802997058115	-20.2593767614283	-20.1004802309092	-22.4323677322491	-21.9386903763170	-19.6203581351017	-19.4152984618059	-14.5690138499544	-16.1510272977712	-15.6942254774569	-17.8366448839891	-16.5972697767753	-17.8678355620612	-15.9863224326813	-16.4211712859317	-10.1732321977612	-10.2072247009124	-12.3808800317832	-12.3734947518062	-11.0223595717520	-10.9347367713752	-11.8073189268716	-12.1838536847141	-5.73246374057297	-6.27564723593098	-5.74619086902694	-7.87826542381958	-6.20530170332192	-6.69608576571668	-7.46983353849125	-6.22001602030614	-1.37199773071855	-0.526831526514702	-0.583373300856337	-2.43481289308652	-2.11038034714516	-2.43092257114778	-1.02147220266500	-2.71672768829086	2.99519748028425	3.66027980590053	2.80786058515803	5.20342183595630	4.10506156502646	4.22762189118321	3.93752843908935	4.35062238316612	8.11924322841227	8.23786530720039	9.89795312262145	9.83689773858000	9.30512720291044	8.67178621353769	7.14152308728602	7.52831052665089


templateY:  -395.226505314145	-386.330194981328	-375.385400471492	-364.521634618156	-356.981072156194	-347.487404953707	-336.510663739663	-327.002598525839	-392.058444148124	-381.050924823117	-371.540625691322	-361.891936988670	-351.009662942332	-340.643645401659	-332.169905476476	-321.256483206266	-397.506299065499	-386.636963469985	-375.537008590965	-366.229387994975	-357.219939148058	-347.771610508684	-336.040217389880	-326.531481130186	-390.941567683687	-379.574090844750	-370.919744280740	-362.517280127640	-352.093834286011	-340.208240513761	-332.682584111997	-320.607029079780	-397.285659836177	-386.070656349774	-376.888546990776	-365.601675270814	-356.520444936267	-346.436700369491	-337.642519858318	-326.546927679043	-391.027183402414	-381.288601959720	-370.809282637112	-359.490438892037	-352.546920704351	-342.671705606635	-329.839148316907	-320.440508282871	-394.913633667049	-385.776176428732	-375.116793150985	-366.613821664488	-354.733593591511	-347.429153776070	-335.861372745798	-325.351852886791	-390.360083281739	-380.386546157382	-370.113488692521	-361.155972799817	-351.589682336864	-340.125354492740	-332.568605292112	-321.407667823372	-394.377573035582	-385.843275043189	-375.208378180948	-366.568784868848	-355.945139908934	-344.702043275607	-334.695967302981	-326.291595057532	-392.704982197385	-380.254971675526	-371.037770566671	-362.079247227956	-350.076967392075	-341.741312678343	-330.040243959193	-319.380731145802	-394.824209094275	-386.726162755963	-375.590040913170	-366.989655363111	-354.624104526655	-346.335440892805	-336.067802333552	-327.509310920859	-390.426144856177	-380.752211605102	-371.040329678895	-360.590467816484	-349.412729038324	-340.091229044536	-330.620228777735	-319.781599044137	-397.122550032121	-386.389384504242	-374.480629738132	-365.571909075354	-355.783172871322	-346.787392218105	-337.846770494240	-324.428373920567


templateZ:  57.8856424453112	59.6848888305701	59.9259853140138	59.2229020145844	57.6425411441294	57.6992754775467	58.3470778487413	59.5819548333264	57.1350381852174	57.6556128300050	60.4560974935207	60.5949283460200	58.3852766438614	58.2725871363782	59.2848737471757	58.9027202410967	59.1096307931540	60.2946789457225	59.4344135391521	59.8729317806843	58.0700064627671	57.7591041071193	60.0510871587100	57.2933767094271	57.5794150413663	58.1643895650932	59.1037820975948	58.6761913582609	60.3624142687023	60.6184877048972	59.2262236849447	59.9598363463596	59.9741821746096	57.3370494455104	57.8425711511117	58.3436876865297	57.8593278178214	57.8690030544093	58.2734112246179	58.0825611648067	59.6851074538361	59.5970856539371	58.1251599189332	57.1437435352990	58.1976679039113	58.3114256406491	58.6749515391519	57.8177708293868	58.4141606387413	59.7368010337191	58.2377470621894	60.5451507451069	60.4803267022482	60.0877400084810	59.1821067745200	57.5038897879552	57.7979593507068	58.8510411900666	57.4329395170066	60.3755593843970	60.1586089307441	59.5338819764919	58.2416595341541	58.1504629713635	59.2245651106575	58.0415108760383	58.1988435551455	58.1351837481057	60.2643552161808	60.3336281935636	58.9309300610833	58.8528913029393	60.2029676830325	59.2782553429273	57.6283318268627	57.5102670182730	57.6373992974216	60.4955875375061	58.8386757432403	59.3268654206029	58.5030898868180	59.8906526519329	59.5342257691819	59.6069546089479	57.5274344241249	60.3965512600781	58.2499506992084	60.5396731815867	58.9224786436974	58.9139598709955	57.5339946891892	59.3693319767201	58.2871307657248	60.5656560264621	60.5405340137422	60.4366163976333	57.2125578771699	58.3938806724665	57.3406747548055	57.6609046297747	60.3787169460629	58.2951387226219	58.2838181091026	58.8026925891298



seedPosX:   -48.9366686528984	-50.2436936230624	-51.5456594302567	-52.2262983747724	-52.3165733732302	-49.4655681120078	-50.8312697148945	-52.4883016309388	-46.0765424579627	-43.6546074820705	-45.8533438102369	-45.6525771678631	-47.0018470552931	-46.5218730808626	-47.4419068823143	-47.4038569381843	-39.7394168940206	-40.9258560326495	-39.3119808018267	-41.8240559730923	-40.5403205617429	-41.8584833246485	-40.0416059442385	-41.7698843061343	-36.6894854179420	-34.6434056221759	-35.5350662838728	-36.0136117258321	-37.2885116236864	-33.7929532578499	-37.8384069721711	-35.7569984663462	-29.3290178063472	-33.2946456670877	-31.9737332575073	-32.8506741168428	-31.0325176812714	-33.4567069770460	-31.0313860901650	-33.4723384459839	-25.7649912473639	-25.0547029152186	-25.4065053295174	-27.6541699638488	-25.0972314593774	-26.4476005865065	-25.5837848315970	-28.2355910224262	-19.1898732090666	-18.7645738624974	-19.6256902329513	-19.6143184409334	-23.3046090698691	-22.8328403813627	-19.2083136531487	-19.9047548944277	-14.3489991838304	-15.4239803045630	-14.5904112224178	-17.7254579880907	-16.1281033240628	-18.3922848071451	-16.2348027221672	-15.5485394919852	-10.4645886451601	-10.0188685464399	-12.3666501619479	-12.8148120951640	-11.4863494605929	-11.8382360116549	-12.6923175263843	-13.1484939336839	-4.88065423700148	-7.04556852595155	-4.94501682042668	-8.39307096056944	-5.28279890996237	-7.83891264968941	-6.63244305346468	-7.29246806151508	-2.53728888103208	-1.21912400251198	-1.78591300236203	-3.14434150451728	-2.76732050391034	-2.60534533665684	0.155801772687328	-2.96703693685377	3.34047352406353	3.20497318570320	2.56048554008600	6.36059695929454	5.26087910532077	3.46304569241704	4.87281053322287	3.15182598869825	7.68407038398962	8.31679825765318	8.91861366269349	10.3085484742061	10.0066514203784	9.30826479552795	6.24134622831357	7.05658329201286	-48.6153163483125	-50.3354781919753	-52.9882300745924	-52.6124034950392	-52.0960388848738	-50.0675968714223	-51.9789571855604	-51.5726407343075	-46.4365871382627	-43.5351794989998	-47.3321375032594	-46.1578128736833	-46.4334416197919	-45.7705349302265	-48.1223695223881	-46.5838277056715	-41.5121619022726	-40.7331499345221	-40.0244425559037	-42.2231969622387	-40.2102431776930	-42.9048513677528	-38.9276149522419	-42.6349949490521	-36.9818581415399	-34.3639777506434	-36.0424884887779	-37.3287560858179	-37.5170935386322	-33.6238184256799	-38.7904148378672	-36.6161661477962	-30.4236045440465	-33.2864984719316	-31.2745583075381	-32.7699301158884	-30.2276494959486	-31.6994367002304	-30.9771682216150	-32.6396762092063	-24.3527917939595	-26.0067170921114	-26.1233884517303	-26.9151221435382	-25.1071969044256	-25.2424498811407	-27.0049856508622	-27.3773426031229	-19.8650951478035	-20.3241598134848	-20.0845268539868	-21.2224987539664	-22.9873724056908	-23.0651068787208	-20.8189001349709	-20.1284205602157	-14.1011780183690	-14.9178246558544	-15.6629200998105	-17.2611057774431	-17.5656984900874	-16.8973629256793	-16.2473876363505	-16.6168530815994	-9.11556415170044	-9.21183400363644	-11.8279568552934	-11.5629596668565	-10.1934261690871	-12.1200103146537	-11.0423694294335	-12.5966432791490	-4.50323806602616	-6.97863255328071	-6.51643995537832	-7.58316397646845	-7.05724839560177	-6.09437594927794	-8.06845729676859	-6.65989540632916	-0.242683263647214	-0.538809043815260	-1.06055215609706	-3.63553291053055	-2.60983663065444	-2.06443242353504	-0.408139185186063	-1.94539043992266	3.23208717100717	2.81099133185494	3.61873261866216	5.87795221667280	3.62693866167572	5.18786872523557	3.88151352120404	3.47794534838409	7.45556717368199	9.32235273215992	9.42012770923977	10.3318652405233	8.18462678351056	9.59196105209571	8.31004572495081	6.70891533202918	-49.2089321301382	-49.6013319100519	-53.2006065307870	-51.0611994789105	-52.2988692213684	-50.2620349798919	-51.4349507535996	-51.8890034336102	-47.9390979226989	-45.7013817418344	-46.8903932387585	-44.7113611452552	-47.6354644223053	-45.4992631732812	-48.5200362018493	-48.8419665463640	-41.9959436500439	-41.7962715282667	-39.1524699570811	-42.7846359966309	-40.5215381696064	-40.6844396965497	-38.3505077812948	-42.6786355970411	-37.5016744759598	-34.4930273224528	-36.4817365283471	-36.2939072053164	-36.4543147551212	-34.2427311871251	-38.2230079758232	-37.7087381631288	-30.3305084996973	-32.9946576321800	-31.7680850241502	-32.2585215511095	-31.4214176635054	-31.6691775144382	-30.0093978471551	-31.4377299734473	-24.3723619859045	-26.5286118768160	-26.4289910731623	-27.4426218017089	-25.8351697750990	-26.4904049562858	-26.7866932235924	-26.7450577428343	-18.9668759639733	-19.7271661375440	-21.2059511053940	-19.3921013447857	-21.4537447569755	-21.2917433558397	-19.1415920861820	-20.4874367335190	-15.6011321986092	-16.5160528155175	-15.0164609263195	-18.3603075373478	-16.5365883052652	-17.2185116404673	-15.8916060355180	-15.7704099729142	-10.8040866199607	-10.6599907664194	-12.7955396358432	-12.1541376528266	-11.0871154785056	-10.6274847044710	-10.8714893732624	-11.4680918056522	-6.95691464136988	-5.32665436931404	-6.71608218229592	-7.52510298847527	-6.89322872990842	-6.24249906054501	-6.67415765136925	-5.32520080749368	-2.18254386948082	0.458958334076873	-1.04379529807285	-2.45217510667243	-0.867293273593268	-1.60384457405015	-0.253187108779754	-3.61301907268705	2.41939706904869	3.55716224580485	3.20906892263236	4.06070980158971	3.04067715201563	3.84609808473166	2.69578986012762	4.97766578818689	8.15718260911779	8.89518241387744	10.8874464956192	10.2582036886749	10.5268130900199	8.64646052926122	7.91513734456664	6.54440976604244	-48.6150095951329	-50.4109863979544	-53.5384613299797	-51.8906803988903	-51.4208885622537	-49.6258892957917	-51.1328361734398	-53.7607525334460	-46.6161980659088	-44.4873404087790	-47.8940028319476	-43.7786257642887	-47.5376377758558	-46.3723584505274	-46.4493963615170	-47.2055886871049	-40.7070368750011	-42.5436298389475	-40.7031045832705	-42.3580974587696	-39.7951949138006	-42.6152663391626	-40.6650353080977	-42.8557260711199	-37.2561062678684	-35.3049578517555	-35.9024218408295	-36.6201038646210	-36.7372914677833	-34.7204361560767	-36.7731056595755	-36.6733208871662	-31.6860293486560	-32.3383709055716	-31.3819320465216	-31.3773252213465	-30.1110715746496	-32.4210478545834	-30.0751753030764	-32.4686570229770	-23.9698675877926	-24.7781473241295	-25.5498058667953	-26.3352104349940	-25.3539671239125	-27.2021172193039	-25.4214788611870	-26.9849167858438	-19.9284313980177	-19.2521947279364	-19.9021936676530	-19.7700559879633	-21.7738312185777	-22.3324773556766	-19.2896690994160	-20.5797173540674	-15.8124489664411	-15.9171189261201	-16.3614916367606	-18.4804216813169	-17.4860412380918	-18.5926630063414	-15.9776284854775	-15.6349362953818	-9.91326223075109	-9.82043905321686	-13.4480680189364	-12.5632053953528	-10.3888446592668	-10.5321427718573	-11.5037023847494	-11.0995314017303	-6.77357178014672	-6.37953474766788	-5.75842369634489	-8.36597410085645	-5.20110891071183	-7.61978530990093	-7.50560397451832	-6.47656370703680	-0.737941943005553	-1.77259178649965	-0.613214930373318	-2.98834658847131	-3.07781619065919	-2.50425550472839	-0.892365076213826	-2.66838458368350	2.68565890026882	2.48802399916254	2.17151920652000	6.01949275853835	4.62344590407910	3.92245831244469	3.51640158905442	5.41695695694345	8.42655389585339	8.44751854734641	10.2642316796911	8.87275918330541	8.13340924299744	8.82996750641313	7.19841953743411	8.09693086888129	-48.1957219040883	-49.7197568042677	-51.5456688289953	-50.2534671530298	-52.4309999321186	-49.3969124138254	-49.8802764941677	-52.1497987522045	-47.0129739442526	-45.1659952106954	-47.8596534732144	-44.7083872865304	-47.8056137353707	-45.4320798753674	-47.9918227640462	-48.7656544928903	-41.5555077197502	-41.0798762503623	-39.3452816097522	-43.7329624278693	-40.8595172632100	-41.0447150579819	-40.0709791182471	-41.5889240129549	-37.5967158356484	-35.9663618360440	-36.0558231274959	-36.9544747684711	-36.8539398145782	-33.3147791704644	-37.2372075691957	-35.3951612655035	-31.5145693647462	-31.7395863872366	-32.2135341467244	-30.7913702771027	-30.8258339021976	-32.4566631434999	-30.4287967308956	-32.7735783240165	-25.1631525397868	-27.0529775544958	-25.1764273031257	-26.5147000071042	-25.0030755760579	-27.0731414330277	-26.7646361351917	-28.7322579466550	-20.6714971732958	-19.2046137788960	-19.9304526939804	-21.0207448305298	-22.8058497776759	-23.1226223237067	-19.6435165519217	-20.5129893842811	-14.7947521601125	-15.9975139387758	-15.0611785503759	-17.2939544907495	-16.6758043899193	-18.1658231478614	-15.6190464191660	-16.0636618523515	-11.1341028574663	-10.6194265250230	-11.7536364023542	-11.7733875265657	-9.87021520792665	-12.0638288717919	-11.1412588762253	-11.1926726469435	-6.48634238681285	-6.90783642266732	-4.67379891318559	-8.18613141375271	-6.26771289550700	-6.21657210915973	-7.07321295049089	-5.94262660235820	-1.20325484878280	-0.925694149906848	-1.64123910386621	-1.31160144887654	-2.49854747265866	-2.35266353061009	-1.66399211081745	-2.50788930362616	2.20485909977957	3.73028237224369	2.38279868512581	4.36706925660678	3.42790300108258	3.99170964320699	3.60995428868771	5.50782209468847	7.04411212884263	7.67688757926355	11.0874627412453	9.76786346240884	8.37844515091131	8.63323996835173	7.59777749844536	6.61160147746146	-49.6422567564992	-48.6982859914835	-51.5872588233058	-50.9232429741997	-52.0042578561174	-49.5591215397957	-50.9670141965816	-52.6334564146227	-46.7807714883786	-45.9451113293740	-46.3531031595011	-45.9527645618397	-47.8261395098517	-45.0065504133516	-46.6621024360833	-47.2074370430529	-40.0939636380568	-40.7415270828727	-38.8251578506464	-41.8261913412512	-40.8152950923400	-40.6519771982312	-38.6445660297283	-41.5173439362743	-38.0960815572104	-35.1790893460623	-35.2942333842523	-36.5206609468391	-35.8492483291026	-34.1209189370699	-37.0443069043053	-36.4180555278257	-30.3449454766673	-33.0420361938763	-30.6091243280263	-32.0992253168065	-30.6787194350838	-33.9064829798321	-31.2305252538556	-32.0541098786456	-24.0646999439576	-25.9815007830733	-24.8983606024535	-27.4969585340323	-25.5184935628926	-25.6459079676243	-25.3498274434371	-27.7781516641621	-20.9322207438468	-19.9658035467008	-19.3628772421919	-19.8469166522212	-21.7782266268317	-21.4694262677947	-19.5249419077315	-18.3641835164889	-14.0670644490088	-15.5997833062565	-16.1351003553944	-17.9971263543286	-15.9720602141222	-18.7149077083174	-15.1316594331845	-17.3472124081740	-10.9153657044720	-11.3938484795583	-12.9546250637627	-12.9210702330679	-11.0591320815507	-9.79190180959884	-11.0717801358048	-10.9837969057169	-6.56423903950845	-6.85502060216830	-5.01492422706654	-8.11603657864307	-5.46020689142402	-5.67726963626349	-7.33629692785785	-6.93834917209020	-0.217141352932112	0.680803069428604	-0.373413835338020	-2.74092905297240	-2.62097922819838	-1.38399935001722	-1.98955245071972	-3.54083585444083	2.41761613898381	4.49529939045242	3.62951065729782	5.19954692157423	3.11719489844518	5.15243118020832	4.41614385419813	4.86262426436554	8.14925737812212	7.08154695233665	9.60998627152251	10.2504746677831	9.09833978955112	9.43497024146160	6.20838350204744	7.59056572148445


seedPosY:   -395.602830811670	-385.444791029270	-374.463733170929	-365.217037386302	-358.115601407037	-348.507556819192	-336.115900147428	-328.077932946488	-392.483562999281	-380.026548850446	-372.189068900891	-361.884767169458	-352.145066477778	-339.985300460451	-331.720171498793	-321.184438346565	-397.745971211314	-385.391893886626	-376.161217582875	-367.338150866172	-356.148517523718	-347.065091478730	-334.818313468626	-326.731530991641	-391.276113509294	-380.377150441597	-370.774344918790	-362.894540375209	-351.974841337583	-340.536263678725	-331.708173021197	-319.681271504125	-397.834464546838	-386.923205056655	-376.413706602193	-364.846468213580	-355.495476563124	-345.305543329921	-336.909300620127	-326.127823043051	-390.262341375394	-382.481651238457	-370.264182508471	-360.283029609605	-353.397612816671	-341.721036840102	-329.860142045810	-320.838613331829	-393.883500180167	-386.081597813886	-375.253332411253	-365.997595642506	-354.316353262354	-346.996385398731	-337.056829120484	-326.292690461708	-390.076281165687	-379.857427113391	-370.158452081288	-361.232048370345	-352.421315053226	-339.960339257515	-333.540519065924	-321.463775420576	-395.083346260778	-385.917023522685	-375.189614274785	-367.538331374398	-357.030452116817	-345.317017736647	-333.734638319849	-325.211063773348	-392.799497069623	-380.874398920813	-371.236986508352	-361.122632714117	-349.282477764084	-341.282168350830	-330.635542427244	-319.129002954783	-394.731687235980	-386.288432394096	-374.724621176008	-366.332762285873	-355.694057694003	-346.106995714375	-335.611287222890	-328.623105736571	-391.442594024021	-380.485745516222	-369.953589124952	-360.627675146256	-350.481241641185	-341.337129584484	-329.719346317389	-321.013128566211	-396.365691146475	-385.241994781109	-373.678147499440	-364.790400353695	-355.932243885775	-345.761845315012	-337.040929771424	-324.999355678794	-395.885732566567	-385.583193018152	-375.694227362859	-364.284827100597	-358.184475140062	-347.873174783254	-336.454977668619	-325.821248890991	-391.983337172216	-381.436121012188	-372.763139013717	-362.620954767795	-350.278012184907	-341.750840509356	-331.960320598163	-321.581158292529	-398.421573522042	-386.681365483109	-375.979105790508	-366.504053506643	-357.200565584288	-347.066310018810	-335.345344488809	-327.014507203073	-391.848669680523	-378.474448458609	-371.229163300247	-363.447148315792	-351.452909999742	-338.966753453434	-333.501153058687	-319.513856697921	-397.994930271418	-385.695769632189	-377.586481726676	-365.685539250442	-355.946688578249	-346.429920636594	-337.004912260096	-326.249598498476	-392.024536816192	-380.500668546131	-371.720854021573	-360.493826892061	-352.038192073882	-341.806446224001	-330.836182770807	-321.478312865358	-395.070178305533	-385.281113288121	-375.109279422136	-365.581758041206	-354.255172718853	-347.868551546958	-336.837503741364	-324.286978926862	-390.695216127771	-381.475757118064	-369.350807401672	-360.912336838290	-351.473192876279	-340.737346887804	-333.182112455367	-320.981706343940	-395.180461890388	-385.379103809396	-375.480224243793	-366.260973904696	-356.983059431193	-345.925269054139	-335.703382944657	-326.514071641673	-391.500709016651	-380.579871604251	-371.840486870493	-360.970992083449	-349.210438688511	-342.030333164784	-329.329841685337	-319.683627132616	-394.974858287717	-387.829603626162	-376.519993289403	-367.902593026627	-355.292317460817	-346.639375314469	-336.882389558086	-328.717097108870	-390.925896691697	-381.956662414333	-370.495467042805	-359.398180271930	-349.976109124957	-340.306723073888	-330.047696698315	-319.987864075405	-397.944204402038	-386.200670831649	-375.422161375501	-364.422868639614	-355.256032361338	-346.182439074003	-336.743360184653	-323.901062646373	-395.551561672803	-385.499445862930	-374.243138797166	-364.331362895513	-356.732046293882	-346.561535386449	-336.981262091412	-327.604744077048	-391.863457652830	-380.973124348477	-372.125091745798	-362.555010569582	-350.844652437668	-339.782275757030	-332.930949984579	-321.099898415801	-397.915797969376	-385.698960080297	-376.207583448134	-365.837181332113	-356.023267962236	-348.731411179452	-336.256846349824	-327.715512890000	-389.899122827805	-379.257189194550	-370.788964807934	-362.304409220549	-351.480726839932	-340.021457026914	-332.483291335441	-321.483395529146	-396.372610311599	-386.229861637639	-376.386741314881	-366.640883606307	-355.300999101190	-345.476769937098	-338.596240266380	-326.701885332001	-392.052134183215	-381.686036170267	-370.145600975458	-360.037738232534	-352.051558264984	-342.217207105021	-331.072842732034	-319.613800186848	-394.008304359756	-385.388009160625	-374.588901309260	-366.640690383496	-355.595404781900	-348.197249180689	-334.696983422337	-324.337153775566	-390.341826778749	-381.058105257361	-369.959596062139	-362.179588198166	-351.981852910007	-341.177593732819	-332.109234779888	-321.594303366538	-395.148327400499	-386.096902470414	-375.820115508443	-366.194477995961	-356.442491679742	-343.724532017061	-333.867809348744	-326.214997379081	-392.968226668508	-381.460111507217	-371.809598172017	-362.135461135882	-350.010195351909	-341.130781800247	-328.989243825620	-319.317809494962	-394.710298727750	-386.601909315096	-375.422966161632	-367.675000254332	-353.394903201977	-345.656661308526	-335.724478712076	-326.480720477499	-389.195772360453	-380.413211092858	-372.155098562097	-361.146907239890	-349.082236056049	-339.931104490485	-331.682934486434	-320.905558028299	-397.934634785754	-386.150103567056	-373.677401345405	-365.268221731548	-355.586827010872	-346.382288477465	-338.728504565396	-323.225015441731	-394.669756216411	-387.401544116485	-374.658325774537	-364.113771044100	-356.687938652471	-346.649139088025	-337.311602071806	-325.980345959985	-392.375650768236	-381.893867699787	-372.460576782575	-361.614811901819	-351.543430890237	-340.132402286063	-333.393931351203	-322.079056700559	-396.862515567498	-386.638851553605	-376.477602634441	-366.266898231757	-357.571995383647	-347.270198482351	-336.865742018404	-325.466622327441	-391.791020785627	-379.097190199233	-372.107664335296	-361.808759072415	-351.485078705631	-339.746721594291	-331.989920325069	-320.759395161845	-396.391787423184	-385.540910027846	-376.184950355531	-365.496772459287	-357.426582337576	-346.478450096827	-337.953478522984	-325.986120510133	-390.197000969283	-380.107929797798	-371.434766889155	-358.353524429874	-352.774679502083	-343.660315807662	-328.771930370375	-321.653798642620	-394.755422956196	-386.247041878967	-375.311795154280	-367.259446314173	-354.783403102409	-348.347933020501	-335.966678016744	-325.321660325272	-391.568540026365	-379.858993138943	-369.440242417991	-360.735897799203	-351.521396268360	-340.106746782454	-332.497149441399	-320.712084190150	-393.298468076563	-386.869661315886	-374.474873595144	-367.229196266110	-355.784852133404	-345.593115223825	-334.586769892664	-327.541064653042	-392.329609200781	-380.628304520827	-371.681513027266	-363.126368388257	-349.907880664556	-341.745354426671	-330.221105686168	-319.510985728765	-394.955758426198	-387.350328908573	-375.279827165274	-367.416896979576	-353.951505668984	-346.074510310426	-335.593214642776	-328.397495655752	-391.164913243880	-381.438503041851	-371.842402843218	-360.335429713774	-349.336160334106	-340.110559101906	-330.267928104839	-319.430498202349	-396.542395193794	-385.421153933679	-375.074901512847	-364.518464494562	-356.144977038953	-346.862701633646	-337.952323394069	-324.000913766200	-394.051076081272	-387.389458879749	-376.117296512746	-363.459539064082	-358.154814800613	-346.756638535876	-336.371861354741	-327.694730174540	-391.741284452463	-380.842715678504	-372.591853131686	-362.235320767432	-352.084579137515	-340.081778409057	-332.950469806902	-321.416070453684	-397.656868745092	-387.350228856303	-375.956222798670	-365.436473849640	-356.906704452014	-348.989269487947	-334.847010783949	-327.023875973378	-391.557539497910	-380.349321701483	-369.864218485481	-363.620596381437	-351.250826101049	-340.956548171791	-331.467963527013	-321.639896873010	-397.358587755934	-387.031529858240	-377.682845060541	-366.414212068142	-356.775701193159	-346.615357403645	-338.406176430009	-326.814909884722	-390.227318364133	-382.026417780722	-369.867780915345	-358.377326550718	-351.597119876124	-341.496553449141	-330.688804482608	-320.309765974326	-395.418761185394	-384.623695835197	-375.840457143580	-367.771969292461	-355.520926991515	-347.020138827673	-335.025303370250	-325.756559315610	-390.825537999652	-380.500189085027	-369.634439236370	-361.198555032339	-351.585741715016	-339.098440894889	-331.698120961706	-322.275303362300	-394.844860936537	-385.276838501440	-375.328472912609	-365.772056203878	-355.624862741290	-345.682983103220	-335.166103627152	-325.478931606280	-391.756758223247	-379.479406470763	-371.862811878490	-361.706798793058	-351.058074254814	-342.286876512748	-329.207271287869	-320.467221273523	-393.687457399602	-385.920247689506	-375.433117155837	-366.989134972659	-354.612836564461	-345.264939397745	-335.686869095415	-328.150363731314	-391.554186947040	-380.358018189330	-371.869474266544	-361.725799979077	-349.220694817699	-340.932874514012	-330.364686938326	-318.553564802070	-397.792987265528	-385.614510069495	-375.730322077422	-365.634440052048	-356.117044221427	-346.028193661207	-339.044383739869	-324.085070869313	-396.290348652507	-386.697150618272	-375.806075479719	-364.158394723630	-355.913737471701	-347.708227183215	-335.565146292818	-327.164165441973	-393.121039500935	-381.565678941478	-370.870710878461	-362.378401886772	-352.230034625113	-340.128385380191	-331.301342973716	-320.792082980965	-398.747728482067	-386.768289655176	-374.716059836809	-366.791696445458	-358.458881822005	-347.192785929824	-336.937021883262	-326.036069782977	-390.769001238541	-379.275242032038	-371.244302171594	-362.894157694615	-353.069336143424	-339.190573575837	-333.414104420809	-320.358125453475	-397.691862130771	-386.657619082323	-376.778701877244	-364.732283693858	-357.225148699976	-347.383429942632	-336.816182115156	-325.443628925077	-391.194456561797	-382.395411994669	-371.254650510879	-359.235284892773	-353.038776458549	-341.976186508275	-329.876124409113	-319.991826571627	-395.893288883377	-386.236178589806	-375.066534269359	-367.354023203147	-355.340808197845	-347.095912398044	-335.269922272999	-324.355028557042	-389.778043329183	-379.973908185175	-370.077588621938	-362.249985696265	-352.646201830175	-339.341845744055	-333.239013933538	-322.444841548971	-394.839735952421	-385.170945520221	-375.723986763429	-366.431248499844	-355.323505220311	-345.652541690403	-335.851452786576	-326.272158056030	-393.830650333028	-381.371956729777	-371.809356475674	-363.084383732630	-350.451228038536	-342.503035125319	-330.886960382361	-318.986908357302	-394.202191045277	-386.447957245821	-374.861305248951	-366.274231568212	-354.494612430593	-346.005247626393	-336.890923569722	-326.768628397695	-391.490032807397	-381.688948463781	-370.823754614541	-361.584611779032	-349.449387001380	-341.106308264017	-331.543288056558	-319.876718300443	-396.168691929900	-385.498066839032	-375.400344363578	-366.136838639229	-355.969927480784	-346.256923780360	-337.183264156865	-323.821910777191


seedPosZ:   57.1358582888648	62.1672671849860	60.0372719168498	60.6230133913633	55.2844352461190	56.4121365485710	59.4205901871726	59.2621748766616	57.0907781097484	56.0862438898948	59.1690367059916	58.4418493424762	60.4871945194721	57.1755288560315	61.7460857081220	60.9283117597328	59.9333076422559	60.8379478983041	59.8023657561675	58.5661107060588	57.1203695004890	57.4542693509062	59.8980255500717	57.4830132872906	59.4595140243652	57.9574790818685	59.8642743822144	61.1608688664485	58.2697896507339	60.1698574683868	59.6227433313723	61.3521494109014	59.0488192544964	56.4605925981866	56.2608063659353	56.5468021180414	56.2382432387754	56.5574981062818	57.0287085812821	59.1287499314048	59.8610976993336	61.1051730408753	57.7975242917387	56.4323227944290	56.7571196406433	60.2577249302613	56.3981649538562	56.9319537412904	56.6481978301308	60.2464231974868	60.3581686895106	60.0789062114053	62.8329474129467	59.6724619732400	61.4651998497205	57.2734497027152	55.6921530798948	59.9528647087432	55.9211702186905	61.5599715479554	60.6532500169584	57.6803387443940	56.1964883151838	59.0105446691783	58.8752359763747	56.8215503059874	57.6764925571430	57.1825730250886	59.4521516425605	60.4348252008931	57.5802773111560	61.3315500926775	58.0076953782322	58.5471255970633	56.5417236411200	57.1856842663663	56.8930184426548	62.1270765400917	58.8481589984125	58.5474070928212	60.4655955803479	59.8438402760343	61.8813054588564	60.6680964504397	59.4357815875430	60.8314169811613	57.8285899346960	61.2045765261692	58.5392849994203	57.9136949748121	58.8709385171506	61.0247476691059	59.8823390775589	59.4354158827957	62.0748596414201	60.1559463930692	56.8297605454782	59.5809868030068	59.6971640616240	58.7209614633415	60.3133025343868	60.1185898818416	56.8410964545517	59.8645230322218	67.1048046880317	67.9574742095979	70.9278630393974	71.3427920382504	69.0347661159227	69.6995805768914	67.6251825440021	67.2660796400298	68.9186069428067	66.8559058199088	71.6482763071655	70.3825093491455	66.6273958827727	69.6573354475534	68.3634189826176	66.9489537181547	71.5337463462612	69.3999720934895	71.8639391044050	68.3063667938786	67.0693680446209	70.1168416800356	72.0156695490756	68.1074125222317	68.3484035926801	67.4361939221520	70.0842380241279	68.7821095645733	69.1227856386129	69.8774140739844	67.6266268877692	70.8960618969400	68.4148572048883	69.1831240958320	67.1176481245017	69.4759256562179	69.5800599535722	69.6827062901990	70.5511950110529	69.9607860701863	69.2029591185848	68.2456940132558	67.9848836585052	66.8959516423586	68.0931524958508	66.6960565569646	68.0766378034488	67.1535969606729	68.0454515510843	68.4147414167202	68.8817389269089	68.4375338475460	72.3377384865121	68.9911468158997	69.1690296961280	65.5699416939907	68.6175431872962	69.2113439653758	65.6481057440221	68.2709680899445	70.1792236580497	69.6779425876393	69.5099205032173	69.3569746390417	67.6109197282696	67.0440069519865	67.1460782425635	69.5594177732105	68.9699900013943	70.5717355804997	67.5209875792331	69.6772586934730	71.5687298035778	71.5511833780814	69.0869451834518	66.7715969138158	68.3714874851551	68.3040933944742	66.8264038209010	70.2608849839348	70.5894067198039	69.4014841069369	67.9341728810690	67.4443961965310	65.3772716117940	72.4175151944338	67.8814526388652	70.1172636894240	69.1287155099744	70.4820612334256	67.4951444886023	68.8594522547294	67.5082220669660	72.5629336572199	69.3938405445396	71.4699425133499	67.0206328782769	68.9381735010802	69.4046045699424	68.4234224013473	71.1542348880972	70.5600637696457	70.7590808232942	69.5607568823185	78.9093510742938	78.2779762187447	78.3788866836223	78.1459269622012	78.3695038710586	78.2691311912252	80.2063873170559	78.4805781269252	75.8003258693914	76.4610046893477	80.8224928825399	82.7810327104352	80.5795110033726	76.5495558812748	77.5752047200410	77.6019048921192	80.6052162757769	80.3385489720861	81.8137964075466	77.8452989182978	77.2113255372207	80.2374467310103	80.0239747404457	77.1051530275568	77.3656607953475	80.5860408932032	78.2991311335267	79.5781706599400	79.7176925647052	82.0563824039710	76.9880665550348	78.0143212006460	81.2090518675833	76.4517925916169	77.7861690139279	76.2599993158801	77.3595005059271	76.2339379640333	77.3922426621600	77.5182173767024	81.0400765693915	79.2832943629191	79.0802830066516	79.6022301362914	76.2285506258881	78.2480129879023	80.2324863103735	75.6691105402961	79.0602113496500	81.6613169563855	79.9114763506787	79.8051421678213	78.7989972102322	80.2877389952068	80.4654235002263	76.3972357410432	79.3731657546659	80.0872358066583	77.2234364400830	80.3767166923065	78.4722906730362	81.8746972912144	76.2042864730991	80.2306700188662	77.2746434421101	79.3728619885595	78.1471915005070	80.3806533667060	79.8648938711022	78.8671835515451	79.7056627647764	80.4384177207060	81.9069755114360	78.1566959601905	75.3332750855428	77.2525565116819	80.0000955535362	81.5793774656939	78.7964840064407	79.5504737664703	77.4441340461167	78.2198866737409	80.3176075948207	79.6395934187254	79.8000391256479	81.0479657994453	80.1678774718923	82.2796294965594	78.1862307780726	80.1998692131275	77.1555206148398	81.3239941741405	76.9155810864249	80.9432366347169	78.7305079755653	78.4390479600363	76.9177545100941	79.2938489921039	76.8919985403876	76.7828682879919	82.7595814050786	79.1391452943758	77.0450936251779	79.6430323437680	86.4061383011200	89.3770647171229	91.6504042299759	86.7623538779818	88.1112660622979	89.8905108572617	87.2819786347287	91.2342836252543	85.3188024096185	89.1281594548957	88.7629127403889	88.2660859329634	87.1602396888785	89.5667371080497	91.3656252701615	87.9012541590312	86.7128170308298	91.2232983638973	91.8123416803023	88.6382497968648	87.4455402993200	89.0496128885753	89.4804254813754	86.5975258325398	89.0312497679577	89.4605862649781	86.9535083924769	87.6358868459729	92.0959921153781	88.2381970055895	90.4810155530537	90.6955231876975	90.6135271181024	85.8716622680562	89.1980431569834	87.5214022240985	90.3276643366334	86.2769522013965	88.5875033082418	86.2040181188553	90.0630770180461	90.5352003398787	86.2981233561225	87.2472834356963	88.6859917858115	86.5349376034953	90.7581929696268	88.4379798406614	89.6569774130683	91.1230947742075	87.9925107293343	88.3465588278873	89.6227726629728	87.7317632466785	89.4973848923217	86.5435031826230	87.5258690650831	88.9140651595419	89.3670659820210	88.4298353484645	91.1815044656182	87.8941203140130	87.1305007292576	89.2382535473026	87.5436260587862	89.0151745178510	86.7876495973729	88.3530491912702	92.7535656153919	89.1929558182054	91.3084951103568	89.9412067530903	91.5159371314261	88.4850358422301	87.1276627457158	89.3036493840517	85.6524910630356	90.0778922391983	90.2875686196051	89.4311044720924	86.7654383623452	88.2018498127321	88.6271610954625	88.8251205706414	87.0739575872725	89.8225853065671	88.3359125951393	92.7040370968332	86.5793534601101	89.1231752864857	87.5657597180429	88.8335698746035	85.8334665709937	92.9670282053429	92.5305540162632	91.5836545353031	86.7880288454155	86.1210359967356	89.1025555739894	89.1753829269188	90.4727844550976	86.8717653098704	90.5389749944013	86.9954714793572	98.6048717771994	99.2159206957855	97.5505663219075	99.4604308959372	96.5919970542808	99.9094430958933	99.6478021589252	97.2047271627106	95.4236250723635	98.0608888085117	100.887483774430	101.965164024537	97.0892365517450	98.3982103737271	99.5546387965643	98.0921551844805	101.037212910395	98.7350808284688	99.8858350525904	98.0494582937462	99.2153432486883	96.5485038473430	100.544221698701	95.0318739614243	95.6146119152272	96.6206821358940	99.3404206083620	98.8718701539664	100.325849685566	98.8625528010705	98.3457711566787	97.6554619402185	97.8236134160510	95.0108187763043	98.1600929703700	98.5063713298754	98.2930559302148	96.6016663679881	99.5377814224189	99.4526321165868	99.9123919873733	101.290829791562	96.6784195716522	96.7775184557870	96.3014010277326	99.2699107962379	100.624281503799	96.0879758592186	98.1340893016482	102.190433080797	98.5336576557978	100.659109324407	101.875272616250	102.018582674245	97.2246641790555	98.1834370598227	96.9672479465450	97.4371135129610	94.9456762583437	97.9085906598280	100.244860177387	98.7865519812958	97.0359666787986	99.7875920519658	98.0916703804518	99.3834939114014	96.1570159659284	99.1607102216411	102.043587067029	99.9089839459345	101.356550474317	99.1874954472977	99.6800233558660	100.197144324761	96.1241631309201	95.9208637461684	99.1960606619625	101.469015994217	96.7477066987196	100.141778862747	98.5570707452553	98.2324479271066	97.2940166322365	99.0956311044438	95.3891847347433	100.820387122534	96.1649203822697	101.498758225565	96.9666528656278	96.8084429847508	99.7640038815649	99.2959705161837	95.9293825888133	101.191343867109	99.2718614469969	99.8582475968157	96.2046161064607	96.6109988305814	95.4957773663726	95.4973488033540	101.891317097057	98.0761416186805	98.7896938877271	97.9698638545898	106.464538668546	109.993758832364	111.803200762194	109.022672008997	109.283930671425	108.263293485765	109.380649135440	107.694733093955	106.133031822669	108.567566962705	111.720176553403	110.823312951446	109.497685017175	108.087216061745	107.003507224053	106.655101298592	109.919654144987	112.112592568355	109.391645311912	109.506781220199	109.531531952390	107.212410789142	109.930508825453	105.625210962856	107.863479043143	105.917788862416	110.010372141775	110.886803861246	111.174033871634	108.694675416772	107.499093393596	108.927996838568	112.108075655883	108.877269563503	108.218655850998	108.661660644218	108.123951206271	110.068181200493	109.065902894359	107.198265580492	107.366191377304	111.957606225567	107.945139851549	107.598952654329	109.300865151706	105.869983461627	110.326318428854	108.454904268512	110.898376944632	107.514744125893	107.349062846749	112.970550053170	111.875471650731	111.191822446710	110.362232530506	105.540685435924	109.674671765136	110.689065354755	105.239595516960	111.751993745916	108.162987560524	110.889857993991	109.646277117932	105.816710225399	108.741631379420	106.520940162958	108.682231820142	108.916058168486	110.267379793532	109.110762578187	107.584265087646	107.598238215565	109.835030232524	108.272335156768	105.522757402178	106.003801038410	106.019890250526	108.404546871280	109.541106746683	107.963213155968	110.747613653199	108.132365111842	109.037479031427	109.154771847433	108.000582160630	110.012818777717	110.266666044007	108.084440886083	109.801280377602	111.107283237643	108.212519035615	109.739172837155	108.335440017268	109.982644185184	112.383438332692	111.008176256244	108.217892463147	110.668906380740	105.982420757950	108.799086813200	108.873940152580	108.002636416391	107.478768992327	109.647669907593


objFunctionValue:   676.708661359328



