Dataset 14


dvh_array = np.array([
    [ 7.63, 2.87, 18.25,  3.12, 12.50, 12.08,  3.46,  3.32, 0.00, 0.00, 0.00, 0.0492, 27.45],  # Rectum
    [ 4.82, 0.51,  5.67,  4.09,  5.63,  5.58,  4.14,  4.10, 0.00, 0.00, 0.00, 0.0000,  0.00],  # Penile bulb
    [ 5.44, 4.30, 49.18,  1.83, 17.23, 13.04,  2.31,  2.13, 0.09, 0.00, 0.00, 0.0000,  0.00],  # Lymph Nodes
    [ 1.24, 0.80,  4.31,  0.28,  3.43,  2.95,  0.44,  0.38, 0.00, 0.00, 0.00, 0.0000,  0.00],  # Rt femoral head
    [13.71, 1.26, 18.65,  7.57, 15.88, 15.19, 11.07,  9.28, 0.00, 0.00, 0.00, 0.0492, 27.45],  # prostate bed
    [12.36, 2.18, 49.18,  5.40, 15.53, 14.85,  8.05,  6.75, 0.01, 0.00, 0.00, 0.0000,  0.00],  # PTV_68
    [ 5.60, 4.94, 79.94,  1.39, 18.87, 14.11,  1.93,  1.76, 0.17, 0.07, 0.02, 0.0000,  0.00],  # PTV_56
    [ 5.69, 3.96, 30.29,  0.99, 14.25, 13.61,  1.47,  1.26, 0.00, 0.00, 0.00, 0.0000,  0.00],  # Bladder
    [ 1.18, 2.69, 214.75,  0.00,  9.70,  4.94,  0.00,  0.00, 0.04, 0.02, 0.01, 0.0000,  0.00],  # BODY
    [ 0.88, 0.57,  3.11,  0.11,  2.47,  2.15,  0.27,  0.22, 0.00, 0.00, 0.00, 0.0000,  0.00],  # Lt femoral head
])



templateX:  -50.0246040752731	-50.4348380468852	-50.2218856087488	-50.2156939505733	-50.0276355166374	-50.7858557825700	-52.6077795363945	-51.1026477547764	-46.0430033198928	-46.0073587585371	-46.5856195291302	-45.1220197156958	-46.6843037597662	-46.0908957454033	-46.8235401108185	-44.4029187076295	-40.9931848205396	-41.1382978770516	-42.6631619421937	-41.3703080858497	-42.2941769738783	-42.7436608023771	-42.2474744799946	-41.5134934730842	-37.3560454799164	-35.5459660240307	-37.2677140131977	-34.8511905356931	-35.2121880169459	-36.2631524811876	-36.4283208818216	-34.7039317731582	-31.8361723944049	-31.2553976422019	-29.9460137906168	-32.2620439339021	-31.5724844268701	-32.6593967929705	-29.8427677243567	-32.5697935694724	-26.0761903450661	-26.0729045277456	-26.0186872800681	-26.1529434580779	-25.9673349072297	-27.2252467134269	-26.4570939128808	-27.1765043498890	-22.2716835592122	-20.5720098190635	-20.7851287844726	-22.7793976589297	-19.4568471184353	-22.0503869094942	-21.9736519771534	-20.1402817086466	-17.7737548197666	-17.5921040728717	-15.1368391040538	-17.6799143158608	-16.9621149183142	-16.9752437098027	-17.1815203414628	-16.7661507465796	-12.8171363452954	-12.1542175141506	-9.52036778982145	-12.5011168474244	-12.0626019787000	-12.1203943348293	-10.6183883166691	-9.60039851721194	-4.82555755658401	-7.45945170708614	-7.65670776902265	-7.75994622130547	-6.67063290869582	-5.27779100143641	-4.55712960789227	-6.49354445476866	-0.448419402668059	-1.09947068941113	-1.11403661567773	-2.57447023242786	-0.793634002754689	-2.86259230450175	0.230523901797058	-2.70264512745839	2.75814785441252	2.92380880226008	2.32620115658074	2.63589245234252	3.44267043347976	2.73113050284348	2.22804953790501	2.67874044751406	7.37686117018058	9.96357747168266	7.73743530693090	10.0674143955013	7.92397906120585	7.98824465584045	10.0432362807236	7.95900732855926


templateY:  -397.144807518202	-385.165486416284	-376.822363354894	-365.141353378216	-354.742943037117	-347.220550846186	-334.949217695301	-324.836043543139	-390.306195924147	-381.421226924967	-371.227842602942	-360.631905746677	-350.230600313367	-339.698642267551	-331.913588327787	-321.596806089289	-395.166289390457	-385.645834633607	-377.707782184350	-366.852800448894	-355.953703840519	-344.712224476536	-335.403310899082	-324.424432525097	-391.499196571998	-380.906295433536	-371.861356304351	-362.035690625344	-350.371050804977	-341.065673492250	-332.785829020774	-319.705277585845	-397.105490498268	-386.936829969470	-375.056347114836	-367.652262871340	-357.192492952820	-346.369942825586	-337.784484546164	-325.631563326637	-392.786272756817	-380.880199259941	-371.729933469451	-359.434196494609	-350.462999749950	-342.085610088147	-331.749220474165	-321.618729002931	-394.974447876113	-386.822749093399	-375.787783047016	-366.064688263737	-355.993406349503	-346.604456523359	-336.095631886186	-326.068527016885	-390.458535017596	-379.418100795881	-370.304544273120	-360.397510136695	-350.684806104825	-341.318670331799	-331.378024459600	-321.167431221515	-396.309590501894	-385.707441341289	-374.852543245817	-365.554129801040	-355.551034522913	-345.674471311793	-337.575804418526	-326.144411364065	-391.475512209047	-381.946699390258	-369.707326922920	-360.071078807525	-352.415027064352	-342.246263930084	-332.864861907945	-319.560793600471	-397.408732262206	-385.853211617629	-375.759483957703	-365.121740120335	-354.854423103743	-345.994587407138	-335.773728658452	-327.405071507675	-392.366183656306	-381.229497260187	-370.335549327338	-360.273743606919	-351.661742321750	-342.671544381571	-331.417094043752	-321.216988815381	-397.676468732741	-385.677413765562	-376.551060168820	-366.718551911719	-355.688555508819	-346.713547095965	-334.725505182889	-325.111863846581


templateZ:  57.2073898232544	60.0873947486619	59.1427661917526	57.4468336516652	59.6571756346449	58.7190518325370	58.8544795866672	57.7466754406013	59.9864965859745	59.9058082177306	58.2551993942362	58.1615913029661	59.7692524168307	59.3521276157300	58.5144743972263	60.3581533501137	60.5608438597510	59.4870430751900	58.7787345165249	57.5087764980432	60.5211462654723	58.7478346093486	59.4575024997010	57.2629247543438	59.3405744643639	59.6076231837276	58.8537809384650	59.7524743178353	58.3652820577268	59.1059387037191	58.8752969590512	59.8372358188318	59.4169996840480	59.7753699540299	59.8927901163244	57.1784240883610	59.6676684543072	59.3181252320662	60.0331851121752	57.6949054674463	60.5606355111089	59.9500513634916	59.3271792737203	59.6538913031875	57.9704744649330	59.5519840526812	59.2473993243842	57.1657898049675	60.5390232501023	60.3176921049625	58.8010515688287	59.2545011525508	58.1768626963129	59.7900186187175	58.2840992582725	57.9725969166372	58.4603150525996	57.3275906431199	59.1932392949201	58.0689693203331	57.6209965155222	59.3966559791989	60.3391492765147	60.3560053432292	58.2624302804344	60.3802387859332	58.5925548891006	59.1826293597507	57.8887265470604	60.5588500097172	60.5518232668936	57.9703406573154	59.7866995607371	57.2621118962887	59.1401737357593	59.5741000994334	58.9768207898059	58.8353397879634	57.9592355773598	58.4517136826918	57.8732312175573	59.1280060857221	60.5404646348628	57.6040118436255	57.5016322513749	59.2194272760129	58.7534162069505	60.2966646923944	59.5309159276658	57.1778423313808	57.7657484097418	59.9142141830150	60.2390569719399	58.1206666134566	59.9168146582118	60.1878433748490	57.7834231775832	58.5224880214700	59.5672849145942	59.3990446848956	57.5906145536577	59.6236878860917	60.2758510895626	59.3848182427727



seedPosX:   -50.9063349021753	-50.4768203260922	-49.0735552800835	-50.1995282034879	-49.3849690689691	-51.4763782942204	-52.3921588785499	-50.2334051343358	-46.6517979763803	-46.6208340269936	-47.7608259670610	-44.9406678499481	-47.4481479100384	-46.8173105238903	-46.2622067599722	-44.0818405699021	-39.8238143368742	-40.1233871535842	-43.2899828186103	-41.3234804973673	-42.9868620083155	-41.5679083360703	-43.0945824086777	-41.1058650933239	-38.1046999842159	-36.2540758536972	-38.1628673642342	-34.8619663245529	-35.1044612563400	-36.1342468682567	-37.5006657680553	-35.7742450151982	-30.6315191022907	-31.6911963899267	-30.1426362662593	-31.3679252783465	-32.8170331148106	-33.8869450745236	-31.0608164065406	-32.8269609608532	-26.0262667536163	-25.0520370062454	-26.3805561223208	-26.9333032826145	-26.9297489370857	-26.9183270374875	-26.6051654347688	-26.1797728099012	-23.3319582032014	-19.5518043461600	-19.7136432462225	-23.2798390871126	-18.2158580075593	-22.6121154761741	-21.8869173203085	-20.0952020379761	-16.5950959675170	-18.7103228778889	-13.9291019788417	-18.2152049642911	-15.9553267706179	-17.0854853221640	-15.9756268439127	-16.8840310854953	-12.6134918032118	-11.6428505831124	-10.4580723310343	-13.7222941685169	-11.3963881069978	-12.2525369657673	-11.0819552632850	-8.39104586715101	-3.58817431079881	-8.66803699846405	-8.43225830743726	-8.30450248080842	-5.87843579005026	-6.19584930826424	-4.10434257554578	-6.13761916008359	0.0855538701257625	-0.568395265262127	-0.401475269617901	-3.80710874968356	0.450126838077161	-3.44940567138517	1.31605508765911	-3.09282497506680	3.35460707601933	2.11736602527909	2.89596648080732	1.50606856383303	2.24032653285644	2.92691225561985	1.36829028447312	2.39705604343986	6.66756783066140	10.5046325599783	8.76096468699720	9.88921488569043	7.85643138601518	7.92245761639846	10.3367279143044	7.89580169122205	-49.9695631948294	-50.0513126631655	-49.5345371230528	-51.3957521692852	-49.0972985061417	-50.5295385692956	-53.2035971072435	-52.1193648251753	-46.7254678671987	-46.4672297429731	-45.6586574544875	-44.1400654107217	-47.7783265709959	-45.3535326051779	-47.0405703407537	-44.7581340726494	-40.3114033703688	-40.1094756002765	-42.1110422452488	-40.3043714595368	-42.0335992499529	-43.2460738725727	-42.7900091696013	-42.0381051214826	-38.4322482146115	-35.7806598920813	-37.9776790701781	-33.7646726056516	-35.2671043313717	-37.0498365556729	-36.5344827722729	-35.1919530697264	-31.5731013497163	-31.5780156996882	-28.9148901626671	-32.0742016583217	-32.8087258549535	-32.4175457665665	-28.7497818395195	-31.7416502123033	-25.1767823523695	-26.8500751282665	-26.5947423961624	-26.6557340062259	-25.0731954291009	-27.7411986222254	-26.3629317235645	-26.3173449290540	-21.3089804144153	-20.6401010483791	-21.7732369396142	-21.8117418083573	-19.4962891083531	-23.1483655806880	-22.3332695227912	-19.9446162580983	-18.3914796808459	-18.2275047390212	-15.4999953344714	-16.5302987127680	-16.7027720768836	-17.7655143971286	-16.5679640373764	-17.4584806416470	-12.9455899491910	-11.3606838116332	-8.55502574436848	-13.2438203617782	-11.1741477992659	-13.0874016457351	-9.86343946366008	-9.09607209266853	-5.29285910316324	-8.41873177001880	-8.38208616514115	-6.81397528396255	-6.21713635030304	-5.82652996694095	-3.62221809041187	-6.73754025832107	-1.57358029516082	-1.56027457477044	-0.923820561023636	-3.62378704402513	0.0401104226355167	-1.85532773331400	-0.743866322529787	-1.62721873833871	3.36663753622344	2.39924292561904	3.55550332834472	2.01552932512236	4.41770941878094	2.27031131315804	1.66956921787391	2.65816995119691	6.95008304712391	10.2539948988851	7.99442182920695	10.0523252366101	8.27034345761502	7.36706654042410	10.2813034473234	6.92561502954577	-51.0791725763537	-51.6460401406592	-50.1016355854341	-51.4337996415086	-50.0129511390964	-50.7630260171785	-51.4103335054533	-51.5403128559520	-45.1659912963967	-45.4248829645042	-46.1525203505156	-45.5141398765939	-47.0794274548663	-46.7812202819554	-45.7297819778968	-43.3482647289820	-41.1154436536079	-41.1988430392983	-43.0288001521047	-40.9776299365443	-43.3942270427770	-43.3374318960152	-42.9975601029880	-42.4307427714493	-37.8212526480297	-35.4249293716554	-36.4858884698556	-35.8082262085981	-35.1354094561920	-35.4472643869585	-35.3718585551863	-35.8588070740420	-31.0416852805998	-30.4929000934222	-30.4180783282259	-32.0452044517683	-30.9349644429392	-32.3037804508502	-30.5123185181443	-33.3057755336290	-27.0879342929731	-25.4152084245339	-27.1515333267934	-26.3100878481948	-26.1256899079554	-27.2603434528400	-27.5724483049791	-26.5040865644702	-22.0618621388010	-20.5465539097911	-19.6210237881242	-22.0908461603428	-20.4112311153587	-22.4666178123592	-22.2293695644694	-19.8486650949317	-17.5522108362708	-18.3899208047618	-13.9749665633644	-17.5440170627544	-17.5382604208105	-17.9677311241358	-17.8238294534567	-17.4063349050782	-13.4053356984335	-12.4435590000468	-10.5768991536911	-12.4459170903401	-12.2703030094118	-12.0588296940852	-10.4843968394844	-8.86961232230327	-4.37399388149406	-6.22998012325628	-7.28002126689402	-8.29145184110341	-6.44591272783430	-5.59975900904598	-5.25029415823152	-5.49796100975506	0.0872542192187071	-1.77715267695574	-0.458833683061554	-3.21052390840032	-1.42660828697402	-2.10168007471595	-0.613456501068094	-3.87589476079165	2.70814808828922	3.86594350389222	3.12446968693702	2.52842089415556	2.76484825939736	2.94247331001708	2.83524872316571	2.74776019964896	6.97647136655360	10.3987566298379	8.63597421788430	11.1160035162436	7.46760619306695	8.89489566558628	10.2617420340367	7.08583104546860	-50.7548033552030	-49.6649384680776	-49.0592381345170	-49.9984179180738	-50.9578877705264	-51.5817097516364	-53.5481252119763	-50.3298355596066	-45.0402895593752	-47.0245591783645	-45.8971983785854	-44.3147690440683	-46.2201014732411	-45.7100856735773	-45.6817668892442	-44.1961924923469	-41.5239170542241	-40.2341118581478	-41.8120821118837	-42.2218026753140	-43.3641979118746	-42.4311351967008	-43.2356074782950	-41.3752247677984	-37.5714675770254	-36.0344922319006	-36.4360142862975	-35.6677897910621	-36.0285474755912	-37.1822109444833	-35.8661112206241	-35.7725101426285	-31.9314242898232	-30.6298174461590	-29.1731525492797	-31.0567068485173	-31.5754265781992	-33.2743952547576	-29.0727729276899	-32.5906384051792	-27.3071319770396	-25.0576698299976	-25.9462761029564	-26.0643358328384	-25.5546963674139	-27.0491700418844	-27.2681127273145	-25.9429231084945	-21.6473673060790	-19.7144001918137	-20.3240692049957	-21.6279750869599	-19.0043484553556	-22.2298149138130	-22.0929323544201	-19.0353382962437	-16.6198816381127	-16.7000913044781	-15.9882530393010	-16.5661305746762	-17.1909459860646	-16.7348020858915	-15.9986710765004	-17.2985374626127	-11.6080516108346	-12.4102338422347	-8.97132707591397	-12.4559036600857	-11.8833198583801	-11.3995714181376	-11.7607507596356	-10.0404674088278	-5.59548158163823	-7.50310210272439	-8.48136622664398	-7.30753412265023	-6.73063835322756	-4.84521538500149	-5.36172543155539	-6.70007689920594	0.00824370338447239	-0.107874903586253	-0.909944631358807	-3.65691921418740	-2.02510349288495	-2.20577005714246	1.04653558573365	-3.69089325213128	2.02662564224138	2.89470247053876	3.55077463814217	2.34101728134359	3.35167562691243	1.88964289402782	2.20848613021145	3.40574308044585	6.59011912970226	10.9019482940291	8.07918284396382	9.03617005506912	8.00840416796612	7.04040258158149	10.2583858641052	7.36357704162535	-48.8333526671749	-49.5068927794069	-49.2744467168286	-50.4532303719862	-49.5896974425028	-50.1789033497433	-52.6339530174013	-51.2913746295198	-45.7727532004187	-45.4926673948082	-45.8725157797996	-46.0909347379227	-47.0736890651193	-45.7172236042404	-47.4189985315305	-43.5828740838542	-41.3009270476720	-41.9765423642935	-42.4851161359259	-41.9526292827846	-41.1061402852617	-42.3105789946480	-42.4468876311865	-41.8216356058056	-36.1815590314563	-35.3902230026108	-38.1323147768792	-34.9027008347065	-34.2796554133740	-35.6360435094550	-37.0932617550104	-33.5504354303497	-31.4640937933331	-31.9593965043409	-29.4673562934485	-32.4461234445032	-30.4299014803908	-32.6769940900030	-30.2144715202607	-32.2340274569725	-25.4920366310157	-25.2215521264918	-26.9104685736242	-27.2332461132217	-26.2097034347519	-27.3925671173124	-27.3329467076654	-26.8093502182007	-23.3569700462839	-21.7009456418913	-20.7064187938239	-23.3903856872824	-18.9072892024826	-23.1991198758627	-21.5123345478397	-19.3600293381602	-18.5148401867746	-16.4485839898424	-15.4997223450214	-17.5355534529062	-16.1538094110397	-17.2285783656882	-17.2353119855848	-15.9061063036537	-12.9538427650177	-12.5360183113902	-9.07569205960228	-13.1375611136236	-11.7028440358863	-11.6829059996916	-10.3893801176683	-10.5602168668095	-4.51341190854627	-8.36688966243221	-6.87586136520891	-7.97572453314104	-6.23637147513823	-4.95677905745478	-5.66964060624428	-6.74006030654916	-1.20178328596070	-0.453453444798814	-0.279412275290483	-1.54268623670590	0.254491618985040	-3.29267294493755	0.187843761963730	-1.65006137214563	2.61788912880075	3.01317199007217	1.72791799014964	1.41607573761140	4.33398031629582	2.96274548755791	1.13036003196540	2.23014971358857	6.72043858422345	9.16920526012307	7.84919045928782	9.07505582097467	8.82012277701690	8.52068770008699	10.0826330017067	7.70222945110825	-49.9346241234219	-49.2061237945441	-50.8839044721156	-51.3741726340981	-50.2908463724774	-49.6822429202446	-53.2071891799659	-50.9956999546730	-45.5907254644274	-46.1861712564804	-45.9808762322640	-46.0566762645106	-46.8608740418542	-45.2390854828107	-46.4725353832157	-45.1651068252510	-40.4646280421730	-40.4059273331231	-43.6139834193073	-41.6840013237067	-41.6057626117218	-42.1967857290526	-41.3656843610093	-40.4037001207237	-37.4582254204637	-35.7073985189354	-36.8706828732587	-36.0034761553472	-34.8582154443361	-35.3735284189188	-35.3002219665015	-34.3835635566067	-30.7926110316512	-30.4562251707152	-28.7710948829601	-33.2786948046444	-30.6581752633163	-33.0997559903766	-30.4963865044306	-32.2704365875032	-25.5648280852162	-26.9817175547423	-26.1028504007137	-25.0343199867021	-26.0914691220829	-27.2561585239160	-25.6925151675719	-27.3273954729007	-22.2697291949206	-19.5067751061173	-19.5774047338729	-23.1408306742228	-19.4987883219984	-20.9038584546316	-22.4624425035277	-21.0027168790481	-17.6616909705438	-16.4788803992553	-15.2174559258847	-18.2073732051812	-16.7114749638109	-17.8772166569436	-17.4795515955975	-15.8112857779459	-13.8474204002463	-13.0987890605393	-10.4110206884806	-11.9837455905539	-11.5921515598099	-11.7036970316979	-11.7432806687263	-8.62071300033801	-5.01390162606611	-7.75868700897169	-6.97056261790252	-7.66703376534640	-7.57991861135825	-5.99766151138461	-3.68323037243363	-6.06992305829143	-1.13459712731361	0.137482001423072	-1.58097291547994	-2.06909920877021	-1.76704926927662	-2.92460557822875	0.482675317027546	-2.84460826233497	2.98086952501889	3.53900028452787	3.07008304568160	1.93332298708220	4.07978693284484	2.48454056256909	1.06531789082505	2.06355379898536	7.33676610634078	9.80177065573083	8.24997852423651	9.14584958204608	7.70292233038164	7.14026023790509	9.03970805224125	6.76534805688308


seedPosY:   -397.593235607577	-384.443682301903	-376.879116208295	-364.938353474704	-354.036232216477	-348.076790573061	-334.901610104060	-324.691151668640	-390.246733961116	-382.319838594462	-370.749399467317	-360.557945361122	-350.347671336532	-339.755382128381	-333.066413938285	-320.875016840543	-396.383730210279	-384.585041316415	-376.541815539280	-367.500703260485	-356.070813323467	-345.638308254570	-336.631543932672	-325.307640925621	-392.066351490507	-380.685578922866	-372.342193306529	-363.264196355526	-350.642958918996	-340.688129345397	-332.008121688148	-320.691062637176	-396.885687688700	-385.701860863384	-375.649888675083	-367.407445099277	-356.301305853898	-345.604722465357	-337.667487768499	-326.160230408434	-392.908127386781	-382.012533751069	-372.457869023514	-360.170156623057	-350.842357395838	-342.812918410094	-332.221535397108	-320.702908984887	-395.193472661586	-387.845507396205	-374.839610052929	-367.300138396096	-355.787857218792	-346.431216395857	-336.682324590605	-325.153420967867	-389.537492763733	-380.084734049007	-370.444249855210	-360.204837332446	-350.925764777242	-342.546362431225	-330.380229987751	-322.412178520121	-396.471309795489	-385.329775418063	-375.087377571447	-366.340339335024	-356.450723094737	-346.028500674631	-337.706854298022	-325.622414080413	-392.391604478462	-381.344023555117	-370.069456416086	-360.295697540493	-353.144392974206	-341.403249716883	-333.503618497489	-320.655322595938	-396.165120302669	-384.703291159932	-376.386784182835	-365.013275365732	-354.550557111192	-345.727228314293	-335.629506713238	-327.564507015503	-393.030163040861	-382.086400218841	-369.895534603520	-359.780073445592	-350.883611552389	-341.713816065049	-331.306354145416	-321.493265245853	-397.691729206220	-385.836403541201	-376.668332537385	-366.725241647718	-355.315430605309	-346.713033497193	-334.137320643493	-324.384184010448	-395.914282729208	-385.076823906626	-377.063798458383	-364.243405325962	-353.666816065138	-347.968033997898	-335.935510302643	-324.294627103714	-389.576475170012	-380.600252587181	-370.855499107912	-360.353647705566	-349.664694391640	-340.298581401104	-330.813949867159	-322.687461725041	-395.951748564686	-385.594427212515	-376.675626624383	-367.164363320550	-355.697620373211	-345.011300604975	-335.490086771306	-323.601793563044	-391.794276257064	-380.961541920105	-371.065371129381	-361.108522754977	-349.183271313373	-340.799325720878	-333.546888914250	-320.160647969113	-397.192113425922	-385.840180326836	-373.889292774146	-367.830791060338	-358.379361683277	-347.290261611350	-338.258279257718	-326.798131720834	-391.773485656112	-380.843285080721	-372.617573859574	-358.539884409826	-351.365009875213	-341.161291192522	-332.507996056285	-322.064669081082	-394.867587339639	-387.862363732931	-374.930993556403	-366.099172044148	-357.100258334195	-347.371811181800	-335.011300225570	-327.179214314979	-389.814766966624	-378.201540392871	-369.257674217170	-359.268270562236	-351.327818830054	-342.170593907555	-331.600419906947	-320.685961067169	-395.949133890776	-384.715836576716	-375.292414881475	-366.668474487203	-354.747941169226	-344.514771186905	-338.628554181282	-325.394111132977	-391.160463555289	-382.990702571184	-370.572666917017	-360.334793904295	-352.026032453100	-341.427057993203	-333.392196536667	-318.776650852251	-398.417177386767	-384.844870862808	-376.582612992384	-365.004513888276	-355.748212087984	-346.265406745294	-336.265977290793	-328.402059966105	-392.549025257944	-381.807653921259	-370.798259701618	-360.411737161359	-352.719691343957	-341.623465142200	-331.107721706808	-321.200918869407	-398.887800687655	-384.469883185171	-376.523190303847	-367.443641747500	-355.094251559420	-346.326676033743	-334.627879636445	-323.889298548494	-398.173445367605	-384.029865249597	-376.557485791032	-365.018527995026	-353.985281432360	-346.575791011243	-333.915904399107	-324.712275841159	-389.746807390545	-380.317708447699	-371.256897358212	-359.711069567297	-350.604274565337	-340.778925267107	-332.413302341073	-322.292963071284	-395.841550715084	-386.217332392416	-378.048648285344	-367.403672590649	-356.281239473499	-344.910797707936	-334.698744483923	-324.818922827653	-390.551952303235	-382.014609285268	-371.463850680015	-362.587075529940	-349.790368405550	-341.742133699182	-333.117194219229	-319.333049958635	-397.302853559166	-387.669664222426	-374.124833444775	-367.022746357000	-358.372433975004	-345.887721789624	-338.308293260569	-324.773661285753	-393.559506074810	-381.593053940749	-372.533382344335	-358.930280825007	-350.881207667832	-343.308156619687	-332.105987020459	-321.332866639938	-394.463013560843	-386.632001052325	-376.669195289063	-365.590696494869	-355.345723254927	-346.162672752552	-337.011837681089	-325.327243827938	-390.296649477079	-379.389278643667	-370.186334490191	-361.162975821702	-349.611029792102	-342.109668490596	-330.766382858013	-321.388796823976	-396.383986912235	-386.435469092092	-373.750378567879	-366.103518229262	-356.139573406565	-345.909968702199	-338.149020463061	-327.314684504837	-390.544044801243	-381.204794126610	-369.619578741832	-361.075021500782	-351.379235579986	-342.785891594045	-333.982023942700	-320.312259594745	-396.830343838942	-385.382289073637	-376.134348176571	-365.813739423258	-354.277263868961	-345.302530155779	-336.155794324211	-328.567613871046	-393.556045094093	-380.783593519775	-371.095740090009	-360.401318295420	-352.634600493103	-342.474547247356	-330.735240661035	-321.571813913815	-396.671849749100	-386.113034947043	-376.042274450773	-366.449008636372	-355.667202814771	-347.944004573802	-333.853524109686	-325.523273519171	-397.128900750329	-386.358705761602	-377.206023466950	-365.656546963571	-355.988637062567	-347.793336967991	-334.353734363832	-324.751218180578	-391.322998043926	-381.177226211871	-370.338965209888	-361.145268850796	-351.167295158346	-340.266581038215	-332.125364582249	-321.092883087347	-396.080830018403	-386.127301341131	-377.601018536327	-367.113049834427	-356.849090912944	-345.839773476288	-336.148807983124	-324.303469643111	-391.792291566762	-379.729798159366	-371.194533447647	-363.243519922798	-350.527559830542	-340.327148777300	-333.813977780885	-320.905039941889	-398.040580731152	-386.576213552462	-375.068548745045	-367.920473712538	-357.517714028718	-346.844282139604	-338.220885686351	-324.465954538901	-393.393431810704	-381.048129110439	-372.378994091318	-359.607377041122	-350.105792133129	-341.559487701544	-332.878304103559	-320.687489551221	-394.184905685577	-385.859220054296	-376.027625154855	-365.321971554959	-354.926213019117	-346.620958875756	-337.317610834128	-325.361741372493	-390.416281091420	-379.059829593590	-370.145901113320	-359.184366943259	-349.559911935169	-341.711323846232	-331.498256738275	-321.433944475625	-397.255552213355	-385.161534748954	-374.395494925905	-366.609153074913	-355.850082622118	-345.087504130787	-337.395694655259	-326.347760585697	-392.224745873125	-382.598213428080	-368.622979881944	-359.424854208940	-351.305732720859	-342.305496040115	-332.446905630838	-320.484969514962	-397.258341354888	-386.445115123097	-375.576861557415	-364.681644246612	-354.662597067568	-346.365530116980	-335.016595959271	-328.494912707982	-392.958136072144	-380.560423615293	-370.703372976843	-359.095763577445	-351.669154967554	-343.774418840640	-332.254982464682	-321.838773610143	-398.158878209540	-386.695183358750	-377.402405868151	-366.063902301510	-355.168248453732	-347.015894068207	-334.422288773204	-324.479636957928	-397.502699886170	-386.211588464663	-376.181974500498	-364.855434956357	-353.849094670644	-346.340807812334	-335.967907691703	-325.460739221000	-389.409631780129	-381.043186436117	-371.438829209154	-359.876483986173	-349.723314232003	-340.946969866814	-332.580733229986	-321.566017265401	-394.803208323693	-385.449802878908	-377.862600984554	-366.373503641584	-354.939913337589	-344.495476803660	-335.309124943391	-325.378375085281	-390.857135066345	-379.857801378211	-372.257215904926	-362.605990331198	-350.549273916828	-340.091689326742	-332.028266211141	-320.547603906934	-396.814672639545	-385.719639153615	-374.721599373591	-366.801213794769	-356.051446291610	-345.678675554022	-336.803830210276	-325.421377390299	-393.162631904722	-381.960729333207	-371.987387715335	-358.760776130424	-350.480978395074	-341.634372240916	-331.456267617920	-320.551315206398	-393.853997553016	-387.646616205600	-376.684404767473	-365.087261860141	-356.246705126469	-345.417764236033	-336.234380408431	-325.042309155099	-390.248894573582	-379.981361158110	-369.205464239375	-360.071016494784	-349.697600730529	-341.425068831331	-331.627675208092	-321.565406345104	-396.293616875145	-384.500137971388	-375.629047348788	-366.561404843120	-354.368288169168	-345.557499496442	-337.069366146820	-327.152007837410	-390.511075064275	-381.559707193300	-369.582307604171	-360.625881632917	-352.146524305388	-343.124495579569	-333.798108772097	-319.502499889960	-397.493979708939	-386.074714779185	-375.869603747267	-366.128371959320	-354.552870703448	-346.672133773661	-336.787469140811	-327.653368161140	-393.448516365552	-381.094390837536	-369.311707689565	-359.710476140145	-351.604115463732	-342.681877064951	-331.068219181927	-319.984178833177	-397.306995154190	-386.142990365882	-377.001416650970	-366.066672996925	-356.287871676707	-346.819652637753	-335.158551041151	-325.070167946131	-395.962217657489	-384.405343214186	-375.710768658343	-365.330012891371	-354.509208416339	-347.095085755658	-334.564604894995	-324.183595846669	-390.271363980694	-380.559003929185	-371.164693366304	-361.610128396815	-350.336129696258	-338.692798825653	-331.217751647754	-321.137639269028	-394.522923103113	-385.214577936040	-377.176189621930	-367.526177587655	-356.096821604078	-343.532342645060	-335.890044088957	-323.321528589635	-390.792302690757	-380.798802516983	-371.764484230577	-362.668881740310	-351.182471082160	-341.235431998178	-332.502764220845	-318.804422040322	-396.975673799238	-387.044356191762	-376.291695998993	-366.667365680003	-357.429663726509	-347.037258110432	-336.643091453416	-326.738634292481	-393.372758794781	-380.510516869093	-372.374096957991	-359.496035276073	-349.764408801790	-343.032907399111	-332.527782380492	-321.600132516884	-394.661511225828	-388.051315792333	-376.543174138024	-364.850497876425	-356.823496826931	-345.412698337653	-335.679761395340	-326.246150594233	-391.155894323642	-379.506640691622	-371.364445278905	-359.574921846494	-351.178192978512	-341.639012545077	-330.232301024571	-321.910362734828	-396.414353390938	-384.940738878603	-375.524558668146	-364.857296864383	-356.505114961451	-345.631734181819	-336.553454925657	-327.102578225374	-391.211373413200	-382.566982018405	-368.539349669692	-359.379127387578	-352.886590182271	-341.668077589505	-332.867593598398	-319.735564153983	-397.912878534940	-385.053421793957	-374.668273869437	-364.216652989736	-355.526965530598	-344.949550798454	-336.387974389859	-328.244853059037	-392.305663358242	-382.117510031511	-371.176188729224	-361.475667131489	-351.875024064659	-341.893398355808	-330.950193829578	-321.691799214856	-396.857217764336	-386.138609431198	-376.455194205085	-366.065575013246	-355.039540336017	-346.304027500828	-334.046375001996	-325.642673677154


seedPosZ:   58.2368213156896	61.6483574982917	60.2487073025621	59.0714349544281	61.6018307206468	57.9375301923003	58.7184752212960	58.6116174140673	58.0374201804304	58.0920629795232	59.9500485934061	57.6313405294884	61.4213142468464	56.9598092787224	60.8873348694238	58.3887100049460	61.6400613994841	61.7693300903064	60.4587523282816	56.9988941665547	61.9292787142545	58.6054543965158	58.5891102643621	55.9548384023339	57.6820379323622	57.8099287981019	59.0160296964904	57.2881015600621	56.2241145024213	60.8660848141038	59.3904485135110	59.3161150002665	60.5523303734588	57.4358820509452	60.0847802888107	57.3419292267498	57.5426956175597	61.7432823016119	57.6915119084228	58.5549093643328	60.1036515310866	59.2276036051695	58.1123727720868	58.6221227669589	56.8451633171745	58.2906151219725	58.2664526298492	58.3857152179313	59.1581400122586	60.3702737125151	59.3768265262652	58.0605409541812	60.2297528954375	57.6728481078884	58.2573236029863	55.6178370262535	58.6297409954907	56.6697183288087	57.5828006979523	56.7838781480800	57.9672957354918	57.2278700139095	58.8480720715068	62.0512053429171	59.3823854975004	61.6899055451177	57.7079904473676	60.2782307223445	56.4515580677895	59.5344494660770	59.6324526525507	56.4398937723595	58.6360145637206	55.0723646654789	58.7432257078802	61.3128402552846	58.2326723163256	60.9621901015151	58.8018060694356	58.7773011121479	56.2274445303349	59.0778138378067	62.7668216850385	58.5070349141776	59.3415415507388	61.5884482025699	58.4154183910632	61.7268418943197	60.0203857305046	57.9501327871450	55.5722532381924	59.1954361421176	60.0453508048501	57.3143012160239	57.6145887991367	59.6917058256302	59.5058883721364	58.3048346283216	61.0734157954600	58.7869700341860	57.8827097622360	59.1383210980251	61.4806409564175	60.8434405565096	67.9701541168641	72.5167526968037	71.5568243332009	67.1852147379362	72.0589185471995	70.4485470724784	66.5326285708012	67.3655173386418	72.2766815736155	71.4510234986544	67.2527496072000	66.7914956780725	68.1622520686814	68.7879023655798	67.2418302830135	70.3477157997425	70.0974139797829	70.9613606281042	69.0966264062442	68.1899099478036	68.6697761367360	68.3620059141013	69.0192875204778	65.9351912257781	68.5156768409568	70.1409578111615	68.8544469628774	71.3465477451563	67.0546421695374	68.4134810438946	68.6811463949464	71.0466016350589	70.2370837992687	67.8022074266887	67.8883334653229	67.9824911664685	70.5728402072163	70.1548220213223	69.8445783991512	69.9245661266259	71.2008722072021	67.5694124162719	66.9138912144393	67.4196977426778	69.3150013031355	69.9993536544122	68.8252723143056	68.7520433836150	72.1385781137657	70.0400635462931	71.2079618535183	69.5766796764468	70.3694901513338	68.8103428499864	70.0131317301355	68.0144434822147	70.8721218243401	66.4863268812320	68.7841178975862	69.8603002451835	67.5410465075663	71.8559964147260	70.8955706246441	69.4036979134109	69.3408777405057	68.6887674965635	67.1421144693954	67.4976823352779	66.9879602731178	71.1806291089092	68.3632860759131	66.4948868473165	70.5413629120096	65.9437141588028	67.4797833639534	68.3796657701998	67.7891639677680	70.0678053048987	66.0821297444595	68.2339296370326	68.3241675506633	70.8400445767862	72.3726168684653	68.6895540267531	69.2364474080256	67.4118855722324	66.9244369291598	69.1138432186677	68.3166449354672	65.3500636496788	69.5833733685238	70.3234469335882	72.4445493201335	68.1082074592602	70.9811099833398	67.9958302265906	65.5097740516888	70.6734658265162	67.0986630224910	68.8440320980860	67.4312365189148	68.5471041429021	72.0411890484486	69.1655700823065	75.7180545667675	81.7577955446458	76.6540185465054	79.2116797071226	79.5026261997348	79.8702291486767	79.1697037175496	75.3966222565094	81.8507191631203	79.5978143894616	79.3313865184635	75.9931338218206	81.9803445582914	80.7694676265723	80.7676605692869	79.7248187232192	80.9156959984366	77.0839732072435	78.7048028254918	76.0037948856368	79.8438839510517	78.0687783361799	79.6446964765202	78.5999127299792	81.2874859889679	77.2230510518847	79.2903613330568	77.3340163029338	76.0976881676246	78.5109027523092	79.7670860909232	79.9285090379433	81.5879048502068	82.0578851765945	81.4718318095776	76.7455837974830	77.5641974958101	76.8314831225850	80.2433878481112	78.2523711746825	82.3708848625236	79.2306740845859	81.0631694916161	79.4139880635505	79.2513125056276	81.2060306774810	79.1751377658623	77.4884092849418	79.2617862245355	82.4403822619249	78.6381949163254	79.9797912484454	80.3272298248778	79.0294954233931	77.5652799120874	79.2636517098109	76.6250155724696	77.6144843509070	78.5527171798229	77.8142320551951	77.4540382271632	77.7958400612685	79.6016804707632	82.0180527540858	75.8279531335661	81.1329834939553	81.0048857210340	78.0264601888137	78.7326248193406	78.5580582036345	81.9228848693327	75.5063334992468	80.3499066590200	76.1423612745341	78.6809896625972	81.9938499896925	80.7967582749757	81.0103006862416	76.9719695737954	77.9464539911656	78.1815552881894	77.2327183750728	79.3296489176996	79.3776706842001	75.8934529192992	81.4499592418341	80.6481458504320	81.3041085861136	79.1475462911934	77.7891411150747	79.9985040149612	79.6361913198111	82.6979959163854	79.8112642625497	79.8576534226783	82.2689003824429	76.2805724626943	78.4570824482841	80.0733741754262	79.6863660478202	79.4553619077581	80.8347475873102	79.4015673683763	77.1024808930414	86.4794225350774	91.3864925706051	91.4766567023121	88.8027180607452	88.5858213473632	88.0319572394208	90.0317732798652	86.3720482815239	92.0178267726988	87.4892143746649	89.6587129456122	88.8017283436199	89.6494201517754	86.8570136796672	86.3820484268813	90.1509696516073	91.0218454021183	89.0733135891289	89.7906843571021	88.4817923598119	91.1086214004110	88.2929959622524	88.7621526972944	84.8277107962700	91.6665231928274	87.8094927874177	87.4531330153772	88.8213557161867	90.3152923595319	87.1722692587263	87.1757560637536	87.5996563414770	90.9498660915554	91.3763428312414	89.1325934232467	89.6639481765957	88.5586376503446	89.2391537277088	91.4493377376050	85.9985110160085	92.4165910058411	91.2746908428000	89.2973879680368	90.1556650070990	85.7869606834641	88.1306595468602	87.5860032915334	84.9068841849319	90.7450007683134	92.5633346405458	87.7580141237904	89.1468258120537	86.9356826045366	88.8909203372082	88.8505874985470	89.1546579924090	90.9171964358882	84.9267436988794	91.2277378991765	89.2398874015509	85.9652428912191	91.6090132484340	89.0299285004623	92.5359589554209	87.4645238656227	89.1143632295544	89.1853901250034	91.3074645309436	88.5730978461923	92.9547604721167	92.0625403904232	87.8830471076085	90.2197255467654	88.8107021463313	88.5642859441805	90.3688389891304	89.5269595955626	89.0703431118201	86.4719510090997	88.6046173814721	88.2728357001295	87.7942477784960	93.0336608119910	86.6784301596486	86.0149099083581	88.0293053282917	90.3348327562557	92.1828067283932	90.2286536771503	89.2335850029750	88.0898343083121	90.2714718118391	91.4224572481804	86.1918803722584	89.1659647169482	90.1205934831156	85.8517267653554	89.6981302848664	89.7892417437575	87.5458914444569	85.3852476280160	87.6478068241388	88.1200031394235	88.6860063331940	96.9245393889673	99.2414446602814	97.3896828862448	99.3183885281259	100.029506492255	101.193337468670	97.6882768740887	96.3945686400996	100.014333780708	99.6353997129119	98.6822186772828	99.8537990862242	99.2570858469293	100.853955690094	97.4451496608469	98.5623673838145	101.740977280921	97.2911471102525	99.7776350262724	98.0091984967063	98.1891215913710	100.907540911712	101.832278133534	97.3162462679242	97.5579628000639	97.9228783398144	96.9259725289395	99.5156222554146	98.5417401321478	100.706271598257	100.592619387118	98.8500857710621	101.255100423397	99.8066205816562	100.258485180781	95.3477576742746	101.805122952977	96.8534538829891	98.5342208955933	96.0639835415989	102.929012566284	100.523902490798	99.2536282433702	99.8875735559932	98.9604061155811	97.6921889493560	98.5425871683290	96.0886840354392	102.471184754009	98.6251655049657	98.3560377100569	100.261339932448	97.6320185578394	101.454496965773	100.076554277352	98.9610471987324	97.5300113204230	99.0760073218106	101.053014862978	96.8185090625410	99.8201777840041	96.9946240922899	98.5270016841626	98.6800461059649	95.7727694804875	100.384742752131	100.463313137927	98.1084762207919	96.7533926570116	100.441563729178	98.5379466487069	98.8831493519063	101.701560364202	99.3660832667506	101.457099703763	101.393509522082	100.963571273781	98.7828744895314	96.6143397272812	97.8237503498252	96.2972455508192	98.2952584197938	100.653406276097	99.0489827480363	98.0174586903996	97.0472263818502	99.6406042920581	98.0606604738245	98.3148407781260	99.6236096698301	99.3047637139565	98.6605551274542	99.7782742022367	96.5147678956283	100.963638174457	102.017284968327	97.0155847732837	97.5021076819833	98.1720275865906	101.473394272107	96.8826940867222	99.5789836560624	98.9031327221483	100.369683064036	108.754801270677	110.368872632388	107.934763326221	106.096313840972	108.466894068548	109.316225415838	106.800574401606	106.815593093628	108.865542675869	109.772449262840	106.083321969245	109.567927092965	108.680955668184	111.528515933646	110.593776328610	110.735010586838	112.964264176382	108.293483438176	108.164871932768	108.920448740783	112.888017310592	109.550913180393	107.416459530175	108.665902672325	109.529486545055	110.813788795940	111.290284458130	108.152720548873	106.403385043111	109.341880004402	107.401668344258	110.266389670829	111.273816519114	110.500562816925	110.060905563236	105.779795228468	108.669643914493	108.654273726837	111.676201909048	109.323159491528	110.927852476045	107.496521171237	108.985919886813	110.402417368696	105.731867070498	110.622916909536	109.615889372029	105.155855495642	110.859662393655	108.588113872567	108.574114179619	110.384788604788	107.399666140833	108.777508966103	105.974390747973	108.179967730871	107.052472674360	109.680791592291	106.930102160010	108.146753742235	105.138401459255	110.753564103744	108.615627525030	112.436691304519	107.632019147584	110.330588200634	110.588423213050	107.939420005277	108.360254492221	112.145549694175	108.618841192956	108.148799813622	111.390083112950	107.970343683066	109.524569653977	110.463885394613	111.308416431402	106.607984855028	110.061129454502	107.443168227032	108.317144923068	107.606131849007	111.101067705164	108.285767631372	106.347421410543	108.990110321940	110.090444799184	111.860426891463	107.674384245861	106.839058553932	110.031332406631	109.688647281950	108.161274917951	108.737060127813	111.523509975873	110.933603456588	106.012425997791	107.806619239950	109.456375933415	109.707626646967	106.000772631672	110.995157735946	110.623886382031	111.858070787101


objFunctionValue:   670.069261655249



