Dataset 15


dvh_array = np.array([
    [ 7.59, 2.88, 18.03,  3.02, 12.40, 12.07,  3.34,  3.23, 0.00, 0.00, 0.00, 0.0542, 28.85],  # Rectum
    [ 4.53, 0.49,  5.28,  3.85,  5.26,  5.24,  3.90,  3.88, 0.00, 0.00, 0.00, 0.0000,  0.00],  # Penile bulb
    [ 5.11, 3.44, 31.62,  1.85, 14.65, 12.42,  2.29,  2.14, 0.00, 0.00, 0.00, 0.0000,  0.00],  # Lymph Nodes
    [ 1.13, 0.77,  4.08,  0.24,  3.26,  2.80,  0.38,  0.33, 0.00, 0.00, 0.00, 0.0000,  0.00],  # Rt femoral head
    [13.68, 1.30, 17.94,  7.40, 15.96, 15.20, 10.87,  9.09, 0.00, 0.00, 0.00, 0.0542, 28.85],  # prostate bed
    [12.33, 2.24, 31.08,  5.26, 15.87, 14.88,  7.89,  6.66, 0.00, 0.00, 0.00, 0.0000,  0.00],  # PTV_68
    [ 5.56, 5.74,168.41,  1.42, 19.04, 14.15,  1.90,  1.75, 0.33, 0.23, 0.16, 0.0000,  0.00],  # PTV_56
    [ 5.62, 4.01, 64.66,  0.97, 14.31, 13.60,  1.45,  1.25, 0.02, 0.02, 0.01, 0.0000,  0.00],  # Bladder
    [ 1.13, 2.53,168.41,  0.00,  9.34,  4.70,  0.00,  0.00, 0.03, 0.01, 0.01, 0.0000,  0.00],  # BODY
    [ 0.88, 0.57,  3.04,  0.08,  2.43,  2.12,  0.25,  0.20, 0.00, 0.00, 0.00, 0.0000,  0.00],  # Lt femoral head
])



templateX:  -51.1799853815128	-49.4027833357658	-51.4732753844523	-50.3275044573772	-49.7619669772944	-51.1632887477745	-50.8845833950105	-50.3226062080807	-44.9661850373334	-45.6358558978343	-46.3297840249012	-46.8747211609994	-47.5856451120868	-45.3816708525868	-44.7945775620859	-45.6528575956044	-41.0607881606290	-42.2413667075360	-42.0060300383720	-40.9759335494498	-41.7552942538831	-42.3335146700087	-39.7085742819794	-39.9720726328900	-35.5443142130208	-36.2890910223943	-37.7123442173763	-37.7359914594047	-36.9921293339325	-37.3650712027510	-35.6392743595243	-37.2312200168335	-30.1726673277386	-32.1109403555555	-31.2947860127809	-31.9883085058743	-30.2187636460957	-29.9776597874563	-31.8425602653335	-31.4801935038441	-24.6372595446132	-27.1950439176479	-25.2098416454145	-25.6973648038915	-27.0320427031150	-26.5426464250813	-27.0032513482815	-24.7615244807818	-21.5073486268510	-19.8517475632193	-22.5294021083254	-20.5860651657793	-21.2041873235580	-22.5245053705174	-20.5868148284132	-22.6596533510991	-15.3847394911407	-15.9774936912112	-14.4549717226875	-17.6910969842308	-16.2654911874490	-17.7478497113635	-14.5163761489024	-16.3803678465945	-12.5273187630893	-10.8675530375358	-12.7029331557173	-9.78229772482304	-11.9385404691769	-11.2445368189226	-10.3927885955009	-10.9769104200857	-7.18912531252883	-6.17843932240208	-5.57504933883697	-7.49076138639230	-7.12770807690233	-6.36399860676743	-5.48247168846438	-6.31271497151759	0.363986134906392	-0.194562917448739	-2.86410727766328	0.342887368701363	-2.53920841943634	-1.46781809415885	-2.66391180791650	-0.356752436293267	5.40633052809438	4.44942947681162	3.72018791135011	2.64135320886209	2.37145789675687	3.70117578359679	3.49980753921392	5.22985806240392	8.99261309268121	7.99992653170254	8.84917269910459	7.90337483977042	7.68432366915786	8.21143320902729	9.21231330316405	8.75141803612137


templateY:  -395.159802905343	-385.001443899428	-376.891390742057	-365.574185266918	-357.448269379419	-345.224956296344	-337.798326791069	-326.258927453988	-392.005656123645	-380.347904824912	-369.895907333850	-362.653824526034	-350.538419129738	-340.508668751887	-332.745541159086	-321.278173281552	-397.450799416559	-386.301574604485	-374.716555478459	-367.817098015399	-354.684813152677	-346.795191957588	-334.897050761929	-327.639761307255	-392.020362389855	-381.663938388024	-371.314900301075	-362.433258010710	-351.044328461340	-339.920608035011	-330.525429569140	-319.626408921419	-396.312212410075	-387.215917305114	-376.444139131187	-367.491427411993	-357.395496508067	-347.479256774392	-335.088856228369	-324.648455872748	-391.335516640720	-381.638399219594	-370.245329938089	-361.190455972353	-350.891402258833	-342.221809511176	-331.454281326451	-321.576056132304	-397.529751355779	-384.623607025578	-375.240538283849	-367.559771488775	-356.667420010830	-346.950477070738	-336.196471739479	-326.147485068485	-389.652755824594	-382.299006111062	-369.939186666523	-360.191923476490	-350.991326210456	-342.371095864239	-330.770881668668	-319.722745385988	-397.062685999946	-385.765129480195	-375.451290709994	-367.762386753945	-356.744342116088	-345.789836694102	-335.927590500281	-326.966815625179	-392.020930360974	-381.716223270169	-369.783295879491	-361.262639814428	-352.706980308949	-340.682767863522	-329.600282918516	-320.661584217058	-395.377060766795	-387.751185951127	-376.271974924136	-366.863295585415	-354.497009527113	-346.411289200604	-337.713559713147	-325.707031261487	-391.254516973037	-382.082922434319	-369.534290903679	-360.757559994133	-349.986446008949	-342.349202931904	-330.794744670822	-320.229177848225	-397.444052177971	-384.417326491571	-377.635486956341	-367.178963103408	-357.075145850366	-346.765015877372	-336.093208823993	-326.524972670903


templateZ:  60.4558098267268	58.2835949537307	59.4474923370400	59.9426026575052	57.3931133988974	57.3974464159939	57.3233886724621	58.4197412803157	59.3190767359864	60.0374830921466	58.4637139716965	58.9086393191970	58.0822039131104	58.4997161151042	59.9010226682897	57.4721287604273	57.6630543355226	57.3068310319419	58.6669206106777	60.5700943851615	57.4662548954175	59.9820472982266	59.3205856376577	58.8358934142417	58.7414031889194	59.0064466244337	58.3959726426531	59.5117376653494	60.3913944448397	58.8381441827305	59.1449651173506	58.1497736821059	59.3960147790216	60.2508322288328	59.8874977447154	57.1610102361864	59.3436209936767	57.3360393484943	58.5618737816026	60.3913664079490	57.2453902723123	59.8486534375211	59.5560585829068	57.1219747309730	58.8272713191863	57.9796126248914	59.2224377040336	59.3501700829812	59.5315680415578	58.3947469598567	59.3830433976634	59.1669079738909	57.1469458976854	57.4864731889226	60.0761093541525	57.6487115946918	57.5190098906584	58.9398615758259	58.5789321813571	59.5295022103639	59.6120036154246	60.4929427888201	58.5456549933193	58.9756511928510	59.5981131668281	60.2285632754705	60.6139363366661	58.6150722818910	58.3006218966629	57.7479985489739	58.4435071205635	59.6219465314460	59.2957886675472	58.1705058657439	59.5152284856861	58.0302514364071	57.2743149799466	57.8936731434294	59.2689539542088	58.0267390234420	58.3040648517077	58.7386913935114	58.2405880386593	58.4073557950114	58.5740307613644	60.4896070949684	59.1989247536970	58.6900699514631	58.0782297202713	59.7687348674286	58.5221981920086	58.3911148069608	58.5731363546579	59.0180737113791	59.6915433609205	60.5479444579847	59.7133803520216	60.5400508671331	57.6174647531340	57.8759138688953	59.8119105033380	60.4063565663993	60.0295311415659	57.9456729556005


seedPosX:   -51.0537714330221	-48.2487575661776	-52.2167817662269	-50.1436074939777	-50.9103415614963	-51.6871998608951	-50.5352444591068	-50.1739346496618	-43.8122815951830	-45.2869206300378	-46.3376256261865	-46.4463415911772	-48.8019721636816	-45.5558287202061	-43.5928095506563	-45.9450469256933	-40.5137365892317	-42.4006110761153	-41.0001446981028	-42.0332151099446	-42.1978995290251	-41.8017928651470	-40.1764770886491	-41.2081116992961	-36.6797969598694	-36.9290124103483	-36.8113829889075	-36.6281228861770	-35.9180056298260	-38.3799148497082	-35.2958419432292	-38.4792550280196	-29.2237702047446	-32.7877188983371	-32.1342731859424	-31.5998780285841	-31.0541482982682	-29.4442468769471	-31.8959007490501	-31.4381976880056	-25.3952012965272	-26.4832772323320	-24.9578948258598	-25.0212486222670	-26.5447217397925	-25.4749460702160	-27.6385538690325	-24.0697541813462	-21.4540874187386	-19.3556184907583	-22.2320930370449	-19.8877866115830	-21.2820778501529	-22.5797614034490	-20.9725356219353	-22.2758402307891	-15.1783647461100	-15.6258309307485	-15.0009752253457	-18.4701433846584	-15.5748270473914	-18.1010387286822	-15.6068848337516	-17.0125461885261	-12.9363227054118	-11.1911268512503	-13.0277252791009	-9.52768871214559	-12.4061034243996	-12.1300736721639	-10.0736427676426	-11.0250489252434	-6.23400669782324	-6.35463516571938	-5.05068416621844	-6.79856943745406	-7.71372555016439	-6.63322561042927	-6.45969486401459	-5.19550369045456	-0.791994926429014	1.01624939867770	-4.10167631440400	-0.237965877603783	-1.89147696282025	-0.357223292551010	-3.78318908810198	0.550881894242484	4.27890725896677	4.30441569883160	3.60767372609824	1.49444994331361	3.11230611669811	4.21584229899629	2.43472201882262	4.76890653553744	8.07136680245124	7.54121519160597	9.24587706330807	7.87882123337294	6.67172325040906	8.72891171072588	9.77982252624075	7.76800442792926	-50.3508391661686	-50.0618570722999	-51.7582997290499	-49.4247260823205	-49.6037139719426	-51.7564678015205	-51.0111571951283	-49.6020852692598	-46.0526558967474	-45.4868173663248	-46.1717015733309	-46.2526213019006	-46.9784679520301	-46.1690477816057	-45.3778539736177	-45.3517491171792	-40.2034403272116	-42.0522020790962	-41.2512530868957	-40.2838826379165	-41.1583603987036	-43.0962811349185	-39.8318405858554	-40.4149154224997	-35.3654534653082	-35.8717016071342	-36.6012734999480	-37.1268558203367	-37.4927294344476	-36.7447446454523	-36.7346537953448	-36.9576780181820	-29.3525316462446	-33.1289940915061	-30.6683949295659	-32.2569273915189	-29.0359993310476	-29.2359897858276	-31.7256179939144	-31.0212439952947	-24.6274114796614	-28.1814850230334	-24.7675480680339	-26.4235569164017	-27.8534249872999	-25.5952272390994	-27.0247159727612	-24.8251418547283	-21.5243372103520	-20.9784937627176	-23.7589749450739	-19.5364669501364	-21.6669371699655	-22.1682238042890	-21.4978916444130	-21.8592000417068	-16.2687289267405	-14.9649320069980	-14.8337480296876	-17.5157817046842	-16.8969602701954	-18.0818588100842	-13.9344546782586	-17.2126744899266	-11.5285185085378	-11.4402923647031	-11.9133656555164	-10.4901896270563	-10.8551031158153	-11.6066225715311	-10.8889497523807	-11.0576278518427	-8.21445501660912	-6.13088549999539	-6.56134461342547	-6.62590616297499	-7.57556866723116	-5.49539626751206	-4.98228421819665	-6.82824003231023	0.702614300929914	0.154751110539743	-3.70629900142754	0.747339580468356	-3.25540993123395	-0.887185976852349	-2.28100632931534	0.791157187571180	6.64189673678487	4.66109067451462	3.16905430647462	1.58142835051378	2.76042394360423	3.44048713304690	2.47085664214914	4.87008134947438	8.91336623761245	7.65207748919462	8.66543903082099	7.45584601598381	7.08042190645672	8.79865853396365	9.82620610878099	8.14171114097331	-50.8855165132811	-50.3299999599589	-51.5134895815310	-49.9105462540053	-49.0167001461987	-51.3595638221939	-50.5859440432938	-51.2982167415105	-45.6799097491064	-45.2698377272730	-46.2294165456757	-46.5912788704875	-46.8890616512940	-46.4417730430967	-45.3984258961474	-44.5563218689468	-40.9555142845016	-41.6380469909700	-41.8106875651142	-42.1141573171061	-42.7332780814520	-41.4673141706412	-39.3990055737081	-39.0566613493814	-36.3515303031403	-37.5240593239210	-37.1886012962736	-36.5549633380095	-37.1205728275977	-37.5410770347804	-36.0013199084487	-36.9031659322559	-31.3766395552485	-31.9391184287237	-30.1551449417608	-33.0965725209593	-29.7423390667159	-29.9474929996096	-30.6661413759706	-32.6055774386844	-24.4453129368124	-26.3724045513781	-25.4669059832177	-26.8059649735703	-27.7646231917940	-27.3478160980655	-27.5933738410102	-24.5531404419459	-21.1043539754323	-20.6965020806921	-22.2539382082189	-21.6609391794599	-20.4709416989123	-23.2882852554115	-21.3768968192407	-22.6022058229659	-15.5757339126426	-14.8857691796019	-14.7937803951585	-17.9673683342728	-15.0951514534171	-17.5148599517474	-14.3801587196515	-16.9565158288926	-12.2526940547274	-11.0189649355263	-11.7714145814512	-9.12962080127819	-12.9955365920107	-10.1494154599030	-10.2760108770483	-10.8156269914504	-6.33020500244618	-6.93148090842321	-6.64129494704236	-6.99808348304754	-6.80211908941943	-5.59262118681562	-4.61717474300514	-5.78129598420955	0.537501437273998	0.116981737462036	-3.59960515039897	-0.861355072889797	-1.53602498406521	-1.62570047271597	-2.89687992861744	0.00310062265339017	4.64240030397675	4.00716267470003	4.36281406056262	2.74290117320636	1.31725952508659	4.18527414052566	2.60827003681127	5.34916516585263	9.46584936133143	9.03705931702260	8.94368806101035	8.66687070541877	8.29058820449824	7.57160686855884	8.87788533449038	9.62385085466357	-52.1633188049502	-49.2501467850985	-51.4285081341485	-50.4074008526589	-48.7691432497300	-50.7623242295536	-50.4846040127292	-50.4976218973699	-45.9705650304442	-44.4606354033595	-45.8485240397872	-47.2966717925441	-47.2633476875306	-44.9500488611384	-43.7243997091283	-45.7148724267299	-40.3990001003393	-41.1292625810785	-41.5568739894243	-41.2633184267469	-42.6229961653030	-42.4886071898524	-38.5589169763941	-38.7985676848221	-36.2625710863883	-37.4192724712867	-38.9478910680274	-38.3651619216393	-36.2100868413341	-36.1885944756847	-36.2149097484049	-37.2292876226369	-30.3351791713063	-31.8396600268605	-30.2730984052668	-32.1670393460605	-30.1221164703141	-29.4200309468243	-31.4194668110922	-32.0712517594469	-24.2211332550234	-27.4649567379932	-25.7766896396602	-26.5448952119797	-26.3760557368818	-27.6372296848983	-26.2795304015253	-25.0922905182115	-20.7561040431246	-20.1409689531582	-22.9540644083962	-19.5001973581466	-20.0629217543424	-22.5125791990104	-19.9472247385572	-23.7151641991221	-14.6452933304849	-17.0534571682277	-15.2633966227527	-17.8389071437736	-15.4657042421588	-17.8434421595770	-13.8621258506506	-17.0983305421410	-13.4839783254970	-10.2125098062467	-12.6646725666588	-11.0232794019439	-11.1852276615766	-12.4113711581757	-10.2307506000943	-9.74721383639319	-6.56011320353042	-6.14197412163012	-4.93174772274852	-7.53194287207031	-8.34473880454667	-6.61974111312387	-6.22112509216079	-5.78918668585982	1.29090003169106	-1.36119956107840	-1.84709838134833	0.611491947862417	-2.81105608096776	-0.245353379055583	-3.62241593855881	-0.0217383665382649	5.23709080625359	5.42206539032001	3.71053913664232	2.24145220627701	1.49314194905978	4.67628581376081	2.71788759641303	4.75572806560866	9.55953241017829	8.59372874356588	9.86006623575102	7.44492983787947	6.77827711919959	8.30931377596389	8.80668838713922	8.75657517161744	-52.3845584471573	-48.8488320049945	-50.3560885288228	-51.2408351460607	-48.6790152304185	-52.1184153697545	-50.0548899520156	-49.4867034914905	-44.6897583897322	-45.4147007551986	-46.5707436806559	-46.2751964888696	-48.4763650064128	-45.8255904003548	-43.8430956873542	-45.7259445768108	-41.5735310416874	-41.2253805248242	-41.4606737907683	-40.7261185155408	-42.0603061670790	-43.3991755648050	-40.1761323719013	-40.7143981112081	-34.7148380675516	-35.1659251771687	-37.6002296332740	-38.1362481726607	-37.2257221547015	-36.6293961276768	-35.6395112373440	-37.0798205445928	-29.7874431785555	-31.3122973528074	-31.1199351008416	-31.2153020203949	-29.5902827045188	-28.7732828931501	-30.9836347967911	-31.4656937826465	-25.1400972841686	-26.0120552503215	-24.8356140583003	-26.4645856568726	-27.6550298751387	-25.7583199385998	-26.3448901842045	-25.7817610677190	-22.2336628704207	-20.4608346585174	-23.6764564705738	-20.0448799102717	-21.4136415450931	-22.6939936391165	-20.4401243150796	-23.2651208150746	-14.9080077066577	-16.9393260735537	-14.5260950976102	-18.0800876338419	-17.3376437007763	-18.5893888167542	-14.8310448904396	-17.2359793646260	-12.2377262331285	-11.7579824537949	-12.1249208825319	-10.4009616326689	-11.4746560860848	-12.0124424115954	-11.3208471277495	-9.96538028939067	-8.24674277878957	-5.76081957088898	-6.62469406220270	-6.43789780828518	-7.73036312228378	-5.91758868462977	-5.62752248672138	-6.25803332503359	1.58299104744309	-0.00117007019933041	-2.11707454288106	-0.134554232735600	-1.65083848362503	-2.22937675042839	-3.66315117511235	-1.50090278744987	4.80766690485829	4.72349389092296	2.64160126295369	3.09049880706665	2.54275672514983	3.41740014517786	3.16492527321772	4.44095223193858	9.78088757563112	7.63210319479007	7.85274500662563	8.21233419318061	6.65401431918496	7.17179428600587	8.35435652709659	9.50583283485230	-50.2409559191481	-49.5126081060646	-52.3486270682838	-50.3478262945393	-50.8756594889646	-50.2188413929583	-49.7321289211220	-49.2905071369587	-44.4098936069398	-44.9217544183946	-45.6023287621019	-47.3391190713509	-46.9814274774757	-44.8865533476123	-44.1289747955166	-45.5553501128218	-40.3100290068839	-43.3438184399323	-41.9344389791228	-40.7879368519856	-42.6172164609040	-43.2165262128665	-40.2235860589287	-38.8768839899141	-35.6409067959584	-36.5385750456694	-37.4321148606962	-37.5765220245525	-37.2616922521750	-38.2767605430460	-36.5700303093994	-37.9176447280785	-29.2315743687933	-32.4344883597252	-31.2945444534614	-32.3959930703771	-30.5940507528880	-29.6091190885930	-33.0358047354191	-31.4750900817834	-23.7973231622615	-28.4031145640221	-26.1636668661870	-26.5435325080418	-27.1573295013075	-25.5111436360227	-28.1965323125513	-24.5805813038985	-20.5457570722872	-20.6577299768126	-22.2228747542373	-20.6028163587029	-22.3687899335746	-23.7682875243158	-20.3032974227246	-21.5662433800496	-16.1804869286231	-16.6696535799153	-14.9347312673070	-18.5837281415853	-15.1639810529183	-17.8894181690833	-14.9607481961377	-17.2657196398668	-12.3060317375929	-11.7028396608771	-11.5304201663842	-9.70274653380371	-12.0148352932931	-10.1797135555671	-10.7651727317143	-10.3586777681223	-6.32873370438480	-5.54392727827694	-5.96934346647764	-8.10743208435678	-7.69617128243728	-5.16225328953684	-6.57902490545799	-7.38778041259211	0.675792100427692	0.507252525922068	-2.39886546016592	-0.527869743630053	-3.49336154021383	-1.27072094083946	-1.67931581803864	-1.41359847169253	4.67709656664254	3.29951506183015	3.00784138390199	1.54539540055047	2.97170182602833	3.73048636778395	2.90074322099956	4.73217240540367	8.61111859355029	6.97218918862177	8.88466150550575	8.44783912298598	7.87540717619387	7.05605001837776	8.99929516664913	9.10912706543187


seedPosY:   -394.857944780802	-383.861611614452	-377.410034261780	-365.562708155457	-358.145437661658	-346.377504121079	-338.160479167048	-326.980194280816	-391.843135366673	-381.580012485401	-370.349641334417	-363.594053944923	-350.458453057227	-340.053828682822	-333.152479794092	-320.661557112052	-396.240528760050	-386.165393393783	-375.675447187635	-366.960512744134	-354.769522925811	-346.913213487221	-336.092738552222	-328.722376967844	-392.017317210527	-382.007751496654	-370.253677787254	-363.654429893453	-351.603651552464	-339.128743769556	-330.347315006475	-320.129983613952	-396.463665648584	-386.636997589164	-376.280002489096	-368.639024418171	-358.276915310504	-346.574285566322	-335.118849654164	-325.010923259515	-391.784674848868	-382.735174477517	-369.607978737606	-361.846186967325	-351.322263776412	-342.203435646294	-332.449231376099	-320.583193930630	-397.670735737268	-383.478495747901	-376.388713380651	-367.316354374597	-357.325330375686	-346.318689078518	-335.183549502683	-326.082057403057	-389.417207464070	-383.225940114605	-369.062396972677	-360.650104171838	-350.914294624830	-341.358811659487	-330.090965027304	-318.821900465878	-396.015805570189	-384.714160331295	-376.177223191213	-368.449345966140	-357.392381272028	-346.100731606133	-335.246401816083	-328.086472284385	-392.338101394769	-382.449861938819	-369.695733683413	-362.151370914988	-352.663910494805	-341.605578300866	-330.555186052799	-321.093300040402	-395.631590958031	-388.385236457999	-375.846864884132	-366.698597519792	-355.325348294333	-346.573884879147	-337.956909164099	-326.831551400001	-391.733077636502	-382.286502479826	-370.306540734608	-360.436421971929	-349.836857703360	-343.028285269070	-331.048743290878	-320.848622360372	-397.316542906170	-384.907603070070	-377.864392195043	-368.173698309352	-357.719139839077	-345.994277017828	-337.237713973413	-325.275618815486	-394.264736085625	-383.769350215351	-376.505694029680	-365.794022498585	-357.418962662168	-344.408798526410	-338.077354546682	-326.612878439201	-392.651776977890	-381.351162429929	-370.812338251660	-362.365423921071	-351.375217111650	-339.424969344029	-331.818445425753	-322.350881555880	-396.872431123631	-387.520933076500	-373.571501128827	-368.229197082668	-353.454553249827	-347.579397721755	-336.074128799834	-328.072299690916	-392.251033478599	-381.841851315079	-371.347914535554	-363.280803283498	-350.468810253509	-338.762922889211	-329.697754166459	-319.939899881435	-396.852678954953	-386.997001164411	-377.070746476117	-367.323193761919	-356.327725182312	-348.221791141099	-335.770355876935	-323.742626813836	-391.385935320244	-380.802360754618	-371.306968028696	-360.615871485672	-351.391916302148	-341.507954069112	-332.523316538881	-321.296318552755	-396.714141410653	-385.116762866503	-374.421702490154	-366.442323209711	-355.953553892953	-346.576270353735	-335.191434009334	-326.802288749788	-388.908254045195	-381.864085242265	-369.012584406894	-360.903167358213	-352.143935704132	-341.976394858447	-331.818691346724	-318.824442189133	-396.081221546937	-385.482375746404	-374.823939190678	-367.809293914457	-356.475031183676	-344.614046564986	-336.611323901956	-326.468680135227	-393.192510534823	-380.761105420537	-369.132430563903	-362.288253028731	-353.538848400605	-340.721083449984	-329.585383733577	-320.340770599696	-394.705902776835	-387.263093461926	-375.112527116672	-367.524505634836	-353.297534576692	-346.481897313451	-338.405139549117	-326.314890653169	-390.396365197364	-381.392682981442	-370.164859723627	-360.426957637204	-350.531109819598	-342.082780732361	-331.114452153935	-320.474447547754	-398.342894836118	-385.364556687084	-378.468657201882	-367.790802147301	-357.011404937247	-347.755947986061	-335.861648168267	-327.596623322583	-396.227518356059	-384.248624791714	-378.003817050661	-366.689525917181	-357.144462675364	-346.117058115536	-336.968571698650	-325.632353580142	-391.528051457595	-381.097873760656	-369.987586259949	-363.430046010891	-351.006508302728	-340.231164700849	-332.215801400777	-320.716438219779	-396.453407824180	-386.334845483818	-373.724527755961	-368.747994720653	-354.747276238353	-346.218422845973	-333.647851749343	-328.735188203115	-391.387872436801	-381.042789043225	-371.788744638707	-362.191781901219	-350.279681672910	-340.624224368877	-330.286373189960	-320.305843166408	-395.884646768878	-388.261041521523	-375.640916174873	-366.344104472320	-358.057340609820	-346.352047419362	-334.408706830470	-324.596065959482	-390.740133521115	-381.258595852806	-370.553739941285	-361.438262053643	-350.130095502235	-342.518375400253	-332.655113891538	-322.245041350139	-398.686260197156	-384.543734845232	-375.131916819988	-368.566981412449	-357.180817019938	-347.737549650072	-335.486294762464	-325.475738049150	-388.892992743094	-382.329053763848	-370.139437042443	-359.784321301335	-350.364338240077	-341.175650547659	-330.131991490247	-318.846836505402	-397.067389047427	-386.543499605821	-376.468810889394	-369.000570165981	-357.672426893516	-345.116367737633	-335.181088721152	-325.961622168059	-391.186624214790	-381.349312876340	-368.793477505384	-362.009586349278	-353.909626550776	-341.891003157210	-330.449718474149	-320.981898929335	-394.239107258999	-388.844283040335	-377.342018679684	-366.766004093749	-353.684950638591	-347.420083937759	-338.003060741164	-325.548806227205	-390.961314468297	-381.149641407112	-368.904143591573	-360.659773808622	-350.373264014068	-342.912478829615	-330.504499336460	-321.233242477584	-397.916160141596	-383.718551623263	-377.879881847294	-368.006952810840	-357.611203187635	-347.358810327829	-335.095480113556	-326.495620319429	-394.915938051080	-386.230029473234	-377.477891559771	-366.275897383440	-358.200206374742	-345.929705538001	-338.360062430673	-325.044045616655	-391.330243582794	-381.305470783770	-369.573811253940	-362.311073897169	-351.199856969744	-341.065453012085	-332.221690337825	-321.500294222419	-397.943848091794	-386.323346876986	-375.158605793393	-367.755070682598	-354.640726481723	-346.178363991408	-335.042505625175	-327.639403793926	-391.997745802422	-381.055448058037	-371.154658004928	-362.583441957757	-350.196738714028	-339.802956508176	-331.743330039593	-320.259658431282	-397.532143167512	-387.781455102657	-375.549282610958	-368.195904747980	-356.933205169127	-347.800393282739	-335.851749058328	-324.359414185182	-391.229315106383	-380.602019075783	-371.283341093958	-362.357905890140	-350.495925167045	-343.178632753306	-331.645848477034	-320.898260163523	-397.771248470961	-385.278099908133	-375.212678449980	-367.932957981771	-357.007741392581	-347.615266723829	-335.464114030283	-325.075570511337	-389.448639327737	-381.931662109508	-370.750583245586	-360.925255936465	-350.303807538079	-341.323994456601	-330.653609002847	-319.579252509398	-395.932045209833	-385.945001021949	-376.016815118912	-366.963142050155	-356.187784839832	-345.427111612826	-337.166523508072	-325.882670504457	-391.490219207114	-382.879075760272	-370.444390201234	-361.866214407215	-352.324364006573	-340.878534200348	-328.866405964093	-321.721840931244	-395.584189991870	-388.029521942969	-376.223108118167	-366.338436566997	-355.015156252588	-345.423819449655	-336.732839431578	-324.587326374026	-391.423856333219	-381.121594384228	-369.998425751298	-360.771552894455	-351.143082700190	-343.381254085348	-330.376234033067	-319.329851749210	-398.556088253356	-383.931496951372	-376.585049235202	-367.262689495246	-358.089906577176	-347.672451155610	-336.464236736605	-326.088649798912	-394.560337006049	-385.633788790705	-377.851049630120	-366.449680880427	-358.302459275587	-345.561430217098	-336.660387021618	-327.299128636713	-392.750252686264	-379.285399971261	-368.800737446101	-363.738657611654	-349.622254042917	-339.851464881239	-332.732436109649	-320.815981281982	-397.063481162691	-385.544370162939	-374.231600707423	-367.456012507256	-354.396208428346	-347.521995533990	-333.949596236364	-328.249634809313	-392.168039253588	-381.438405120126	-370.886159920103	-361.223855678684	-349.902816754988	-338.799552972850	-331.498286223181	-319.276081828940	-395.565829699843	-388.023991336054	-377.429840295579	-367.945380112208	-356.320245743647	-348.587634719883	-334.637807914383	-325.160002447037	-390.266899199743	-380.439211162494	-371.109242209416	-360.094651792500	-351.588186920420	-342.368286874637	-332.328609614845	-322.384926723593	-397.453154575739	-383.430050372995	-374.525721362615	-366.961558029470	-356.624794383695	-347.752421074363	-336.716129478934	-325.895607563697	-389.709485793673	-381.948854462166	-368.689254737039	-360.866927280939	-352.166348552259	-343.065710246421	-329.794992095507	-319.540696959615	-397.313985107064	-384.853609789880	-374.918616096577	-366.638256798201	-357.468754659460	-345.411232684629	-336.908385711361	-327.554580524094	-392.511648019252	-381.389084676620	-370.114893273165	-360.472844366269	-352.970584250645	-341.920243926175	-330.613043373640	-320.928701453801	-394.982992242848	-387.093726215347	-375.249592302772	-367.695968226956	-355.052149606373	-346.622272734828	-338.937984670664	-325.522222186807	-391.212188974370	-382.889213198458	-368.409313565721	-360.182670420590	-349.999111277550	-343.413377387629	-330.133292144470	-320.181570471167	-397.498083338033	-383.689159024283	-376.783919598492	-367.546146279826	-355.849387208175	-346.009231069689	-334.943551350348	-327.472889497483	-394.241644680577	-386.143396537123	-375.665948786600	-364.497990093429	-357.925113285331	-346.382995118009	-337.773044066517	-326.074527124769	-390.996619969924	-380.134255538842	-369.275179655371	-362.648433618556	-350.452430419807	-340.066414818346	-332.408843169241	-320.998181649357	-397.164160978247	-386.695170518968	-375.128671917824	-368.484440674144	-354.033336212531	-346.913293111509	-336.123302198982	-328.651259535636	-391.521393014945	-380.691357824475	-370.123948356060	-363.238980815693	-351.673868177726	-339.102271389468	-331.516272468646	-319.507810868083	-396.732182330778	-386.500656027490	-377.468125257665	-368.584063349980	-356.883458917032	-348.370808430090	-335.867194120571	-325.381719386714	-390.903105818746	-381.682542913601	-371.075619578924	-361.557816992092	-350.035658119809	-341.565096673035	-330.387759646094	-320.586757194373	-396.860220721382	-384.724995535500	-375.313494331430	-367.090047930002	-357.689419267340	-346.143566432841	-336.369481281094	-327.332017589163	-389.833193481587	-381.826021937923	-370.064012700061	-359.412143999438	-352.207028357016	-342.234164120426	-329.842719591485	-318.612262939084	-396.677551119914	-385.387993802284	-374.584079455130	-367.686579726708	-356.111632410994	-344.792642693523	-335.045553731823	-327.650070735889	-392.701390204717	-381.958179756366	-370.663137795750	-360.485720181314	-353.537666890065	-340.234649812835	-329.661756956826	-320.944952588634	-394.378530546577	-387.550893928759	-375.042417099394	-367.303988183735	-355.512451392575	-346.482835758573	-338.573174272208	-326.132232163253	-391.975215950207	-380.875737173010	-369.786486776671	-360.890432157216	-350.874178451379	-341.573535730426	-331.604545739284	-321.228011899338	-397.340051117146	-384.068732102314	-378.859350942016	-366.694517774247	-356.304851367457	-347.213900836217	-335.192259317954	-326.787418851554


seedPosZ:   59.8549240240945	59.1469896283141	57.3230179891590	60.5442967783646	57.9031755442182	58.3044247675869	59.7039075808584	58.6426183795538	58.4510004168509	60.7539534461270	59.4681016531477	58.3282184107623	60.0834726971094	56.4334241308770	57.5903344045050	56.2702030529027	56.7836924846894	58.4882370556132	60.6468154667379	61.7813720340574	57.5942276671502	62.2872013523585	58.0593680339129	59.1608989984314	59.2322230678009	59.9164812662261	58.9034111924921	58.5262585292961	59.5080263019652	57.1263904982032	59.6304686553018	58.5367131857273	60.9795182816835	58.8359537248768	58.2498157352562	57.9791177171816	58.4017552117803	58.4332347560081	56.7505480120654	60.3843159804072	56.5493850051609	58.1459108429361	58.7781899652315	54.8524562912417	57.9168665698657	56.6537904921667	58.6406225693242	58.2344348074800	59.4144779462990	60.6195519813727	58.5657826328846	58.6874372453205	56.5640805905959	56.6806007577020	60.4897110845463	57.6399284330785	57.6916428864000	57.3818918710077	60.7008519793516	60.8370353564344	61.5281658440954	60.3144022004272	58.9678858336162	58.8240501417809	60.7919556942470	59.1389145100418	58.7847385085000	60.5156225391529	56.9874753945030	59.3822688606695	58.1015633621609	59.1838912016412	61.2337099510981	57.2204336714268	60.7805388515153	59.6600192073120	57.3240866819763	56.9864757311083	60.8306630385232	59.8723521496014	57.2331824951776	56.7126729993761	57.9628473267356	59.5210121449593	58.0144443320896	61.9449342331822	59.9053675832930	56.3243969419796	55.9996093875173	60.1161155072748	60.6544242106936	56.6146469660382	59.1622871792763	58.3424496264729	61.2756664427625	60.8901929125278	62.1451123262694	61.3055101544789	56.1134860643147	55.8017973163492	57.9439728369081	62.8414500918417	62.3425290395599	59.8120532189950	71.7944807960571	68.6288736371111	67.2229439238901	71.4485911212898	67.2677190441422	67.1015799229622	69.4423337182532	67.2089638162921	67.5884364375109	67.6729741266778	67.1409213286856	70.4340370916519	65.8661139967591	70.4229812723206	69.2685193939637	65.9703168969526	66.6949577405707	65.3166796085002	67.2440355105936	69.7263412695240	68.1644024915185	70.5293845633283	68.3989332105280	66.7234436686886	68.7716226650986	69.2525821725986	69.5946762437942	71.6904952329059	67.9224061004897	67.1457889949736	71.2293001046050	66.0677547915501	68.6657808568232	69.1295512604117	68.3636190051966	66.4497891693402	68.2733196086391	65.2843403877480	66.6839173800157	70.2434174437674	67.3612593683662	69.0648665815843	69.9707960585870	66.3292955641852	70.4860639612685	69.7868664275870	68.0283907126429	67.0304786801790	68.8722792997753	68.2500903169249	68.5423699425978	70.1612065038976	66.1476600943826	66.2356296640977	71.3332868722200	67.2773814711712	68.6861995942915	68.7655237476987	66.5831446123242	69.9126459613412	69.3690376282750	71.3655781298851	67.4759130980960	70.1145762404823	71.4903007863127	67.8963790029223	71.8386849769187	69.5747865637429	70.1768690327897	66.4538755809271	70.0749177631218	71.1189607367480	70.8055067443890	66.1450982232344	70.1801235877909	69.9519834727845	66.2465407139589	66.6872283648361	69.5626926898969	69.6775014261497	69.5059705866406	67.1585862482215	69.9966439704296	69.3745555612858	66.4215590723015	72.6739131309464	69.4627734529153	68.8510949147378	67.2041690904945	70.9308677847663	67.5330237343875	66.9468107051544	66.8284256683285	67.0152171193945	68.0956655433890	72.2416761872548	68.9038757812161	71.7968501284395	69.6340037928290	67.9548199911674	69.4560415558872	69.0504955529944	69.4152229901268	70.4229667105890	79.3940823362274	76.4411773470502	79.5057710051664	81.1108894879616	76.4748335635646	75.2141820071477	79.1582358964021	79.2138420289067	77.5462583918711	80.7857487562883	76.9325041504346	80.9096853672696	80.4836001014535	78.6974544514085	78.7124180413177	77.2219866742911	75.1876284178768	76.7356403834383	78.9293054096560	82.5284632014994	76.2736738127290	81.0777729979490	77.0846216274044	80.2068551349956	79.8754237241741	78.4641817382121	78.7615965385503	78.9101302758841	79.7335685932381	79.9717756167876	80.9202244927846	78.9703510797704	80.1217647226983	80.6796211655478	79.0229873712471	75.8278359018557	79.7458331051517	78.6859680217064	77.1001714316420	81.6128347464405	77.0939117858183	82.2755080499422	78.9774348963539	79.5465660043505	78.9213383057572	79.0842433704897	78.0162358560093	81.6719574110778	81.6687096786286	76.6988807898840	77.2528794676010	77.6871868790906	77.3622108545822	77.3303355779117	78.9984280854836	79.6840524312808	76.7463640185773	79.1423562643858	76.4509178960081	79.2480890280409	80.5669913350426	78.3222039959059	78.8928225286906	78.7263415565405	77.1870424094530	81.5638497584583	80.8872263790910	76.2098776850208	77.5057776908149	78.3357451021591	76.6634435706751	77.1936480173279	79.6994382646090	78.7741206546720	80.0136477237184	77.2075638540162	78.8521670169480	77.3487306663996	81.1756625853294	75.5477181216033	79.8921596064573	77.9665005808213	77.2772109198179	77.3847745462170	77.3195321298331	82.1020797643956	77.9562022461346	78.2135125393193	78.8441790974610	81.7738428346026	80.9203236394066	78.5919844788666	76.2759019463476	81.1395015893216	78.7991317563740	78.2979381128261	78.4143113048154	78.4072614438787	78.1309117577442	77.8203004098967	81.7325111039805	78.9528562973137	80.9001603704127	80.2515254536529	92.1712103100819	88.7495635167865	89.9508328618039	89.9040580386270	88.2269798676681	86.8212512619665	86.1083725946007	88.5032656761109	89.2184149707930	92.3558233117155	86.3995705088512	87.4343720908733	86.5137520402542	90.1295676530190	88.9245172159159	87.7562811955111	89.6156329765703	89.1912050234320	88.2219534245792	88.3980500295047	89.2029872429245	88.6623801261597	87.1034999471226	90.5408369992882	86.7244051556944	87.4219850427342	86.2160788676474	89.8255732723376	92.2777343449815	87.8641514120328	89.9064693016948	86.7672224681744	87.0711932327135	90.9725672551989	90.0848268559077	89.6414163116277	88.9397934294602	89.5909968838570	91.0252297985153	88.8871088008490	89.0966657694396	90.8394986866836	88.1837417767147	87.6224080080184	86.4234024846265	89.0458550819000	89.3395833728188	90.5060780756181	89.6887861583059	90.2258084169102	88.4162360502106	86.6950646486356	85.5906250061634	89.5422143935021	92.0525204476295	89.3503626082249	86.3081651664963	87.4833539358873	87.8198256751987	89.1864853505744	90.0994735770932	89.8798177299706	90.8720097613129	88.0992147059453	89.9878890728478	88.4786413861622	91.3070447940505	89.1691643420428	87.5004434878435	85.3772537916908	89.5980333874469	88.9524979277879	88.9605741145746	86.2883707673616	91.5916051252384	87.1406215277876	84.8652658553132	90.0212165016697	90.0217432038712	87.6941327429787	89.5392065750730	86.5464697397359	86.8247405750402	89.6823461518369	87.2107450638797	92.2338783917337	87.5941736714399	87.6429135623431	90.5394884544794	89.2690012901763	90.7164448936902	90.8326877359833	87.5235809537609	91.0207841109966	91.3574159985485	91.3764532225406	90.4907492085225	89.2690238070846	85.6756060903711	90.1419449379851	91.3066580921215	89.2020139529187	90.0325558747783	85.7069250180985	100.024933090585	97.1728085708868	98.3148255851128	102.063649700884	96.1970678417304	98.6493566880734	97.9725720973368	97.5973801489820	97.7265040793088	99.6853557946648	100.841810748976	99.7786543727800	99.2966415690229	96.7304974164911	99.2319617249897	95.0512601846880	96.3822308714772	99.0423984929266	100.686257344867	99.7128445360070	95.4103819670742	100.536616323238	97.8805272784205	98.6509131197193	100.297792755955	96.6232554303525	100.847117745585	99.1580997501863	100.195682372290	99.6708186826457	98.2027059087274	97.6351742174902	100.855769386792	101.265152874789	101.118207613357	97.5321310540168	99.9479897785341	95.8337750124728	100.563092716873	98.3812959537712	96.2223514791315	101.838567537676	100.942834363859	95.5009189367272	100.949193205202	99.6867585610681	97.6885165952838	99.1742567956746	98.4959763221438	99.2973622887899	98.0468486553935	100.079558192319	98.2865842557695	95.4447701071072	100.449224380305	96.2588687232586	95.4619229363933	97.3963264218176	101.054999519364	97.0462825255416	98.6955636545117	101.492458615567	97.3221740570550	98.0430555053364	98.5680935211540	100.616585617577	100.244584793704	98.7586869221592	100.398029399205	95.4379633155754	98.0874202888166	97.6748815361145	97.9284926039413	96.4935294659147	99.3288501050742	97.2601355151709	98.6016190132209	99.3868751658674	99.9505044299515	96.8045378360236	95.8117276850796	100.486222215244	99.1144716076673	96.0099992973719	97.7473203233244	101.819207072285	99.2788538698935	96.2872491702338	97.1780686149862	99.5620816533654	98.7948696557411	98.4312130090549	99.4093291676934	99.3262026471704	100.755959953641	102.901711425161	101.793526180124	99.9568987588245	96.5666986096014	96.7530428364197	101.205087453911	99.8455728766320	101.789485287833	99.7045163820392	109.122043264871	107.231354759698	107.723841652716	112.355888834045	109.049834811406	107.897108179587	106.879730830705	106.787948886872	107.182272345045	112.381260101000	107.391176330049	110.530087916793	109.884402776180	108.667203691383	110.664589171794	109.782155211108	106.955077097018	108.883001190538	109.559444863404	109.279161766235	105.016798226024	108.067225573981	109.463276432926	108.565097829910	107.421914880836	110.445462071369	108.674585658561	111.968275339053	110.329014360924	108.302891558755	110.618625877545	110.555282584603	108.322402223223	109.989660521859	111.790004327182	108.638865650709	106.884333458245	105.022407544325	108.785229679538	110.522426724994	105.912067740768	109.222656635711	110.360293292206	105.244303322647	108.780577582281	105.922229930235	106.741902749831	107.953845184709	110.239785930514	108.741708986104	109.685962275944	106.824949539995	107.777378492002	108.207508829345	110.303776018472	109.379133657668	109.012719838836	110.824727371566	109.635139618235	107.866402471701	111.676663894146	111.842988585113	107.720689921133	110.931232409772	111.308759535370	108.736040032044	111.945623680716	108.800127978007	107.744977721861	105.789347067079	106.869657289522	107.356022715604	109.076365115490	110.346586241719	109.675333331245	105.661452586092	107.903629515836	108.655095078871	109.750395277836	108.060313872057	106.144433277203	106.961069593204	110.131099386657	108.381111763242	109.090214497319	110.515337127337	108.320108818859	109.393333846255	105.747157521901	107.570280370146	110.494384837297	107.825327153213	106.731472416130	110.485212042258	111.239151427230	109.243650670619	109.584742956805	108.677473758782	105.179614194919	107.420455807723	108.376133695329	111.842801747102	107.570455428900	109.675170721023


objFunctionValue:   667.800217703817



