Dataset 16


dvh_array = np.array([
    [ 7.65, 2.96, 15.10,  3.09, 12.78, 12.33,  3.39,  3.31, 0.00, 0.00, 0.00, 0.0443, 28.09],  # Rectum
    [ 5.12, 0.54,  5.96,  4.30,  5.94,  5.93,  4.37,  4.34, 0.00, 0.00, 0.00, 0.0000,  0.00],  # Penile bulb
    [ 5.46, 4.73, 71.75,  1.91, 17.42, 12.96,  2.35,  2.21, 0.31, 0.13, 0.09, 0.0000,  0.00],  # Lymph Nodes
    [ 1.21, 0.83,  4.35,  0.28,  3.48,  3.00,  0.42,  0.37, 0.00, 0.00, 0.00, 0.0000,  0.00],  # Rt femoral head
    [13.63, 1.30, 18.77,  7.49, 15.46, 15.01, 10.80,  9.00, 0.00, 0.00, 0.00, 0.0443, 28.09],  # prostate bed
    [12.39, 2.10, 35.09,  5.65, 15.51, 14.82,  8.15,  6.91, 0.00, 0.00, 0.00, 0.0000,  0.00],  # PTV_68
    [ 5.50, 4.94, 99.98,  1.45, 17.26, 13.82,  1.95,  1.80, 0.24, 0.12, 0.06, 0.0000,  0.00],  # PTV_56
    [ 5.83, 3.97, 26.63,  1.08, 14.35, 13.65,  1.56,  1.34, 0.00, 0.00, 0.00, 0.0000,  0.00],  # Bladder
    [ 1.24, 2.99,383.47,  0.00,  9.91,  5.16,  0.00,  0.00, 0.06, 0.03, 0.02, 0.0000,  0.00],  # BODY
    [ 1.02, 0.63,  3.45,  0.12,  2.74,  2.41,  0.33,  0.28, 0.00, 0.00, 0.00, 0.0000,  0.00],  # Lt femoral head
])



templateX:  -50.9944785570358	-49.4145411790015	-50.4148820294545	-50.2095201234483	-50.4238340551356	-50.3793390640429	-50.4110456007562	-49.9092411725315	-46.8708918730652	-44.9487204054012	-44.4847418209903	-45.5816426110877	-46.4614224555404	-47.2978938132668	-46.3155796116898	-44.7279166855449	-41.0763180647107	-39.9089314248739	-41.7629810800401	-39.8784549913221	-41.0745741077533	-39.6992927129949	-41.9241483322214	-39.6580238704490	-34.8863804827668	-36.8013359888522	-37.4624776067970	-35.5577943222421	-35.1569702076220	-36.5494453565790	-36.5451136097602	-34.9189824239543	-31.3280754813362	-29.9997939270164	-29.9752701115559	-29.7757507414022	-30.2697813192832	-30.5386449951939	-32.4788574902970	-32.7965015747486	-25.7523032355533	-25.3378463824244	-24.5661243824490	-25.7074983545908	-26.2589149447086	-26.1983921726474	-24.8677624797934	-25.0378053146113	-20.7704883997906	-20.9110871971209	-21.1254984059488	-19.8723545617491	-20.5472295865841	-21.8897920905017	-19.7293608243027	-22.6917367633381	-16.0500902903689	-16.1209886138120	-16.1919501644891	-14.9257912885251	-14.8065801030101	-14.6396870012128	-17.3731215984196	-17.7904155990779	-12.2140998151759	-10.6704269269750	-10.2719058170061	-11.8189147547200	-11.4099806899627	-10.7040474857148	-10.7166000084340	-10.8413037093039	-6.82368289985023	-6.76138292368409	-4.59444644629347	-4.86226809786429	-5.68385565199819	-5.95204792934308	-6.60565008911684	-6.04067625889135	-0.465832213168229	-0.325738384034977	-0.650316582289995	-0.202318679152231	-2.11374210080167	-1.38842937554732	-1.91789317863346	-0.0126766884742808	4.08696159685158	4.82217007593123	3.50901953375002	4.49967182125256	5.00585313959578	4.93839140367369	5.05125850012521	3.31946940398219	10.3859272856347	7.35441138896143	7.77039161006857	9.02274198004559	8.75590365209924	7.36605536103524	7.19700758271219	7.28094544374844


templateY:  -396.495387141559	-384.472432277460	-376.622651969093	-366.021102492188	-355.235090787710	-346.611242031079	-337.120678465999	-327.824315133673	-390.524265369132	-382.233486098529	-370.998409195285	-361.955109926640	-351.730878171774	-339.452213161178	-332.177342175834	-320.066692059255	-396.274261956839	-385.871806298818	-377.225016385839	-367.457601754120	-356.962949134712	-345.712411279488	-336.135882822874	-324.416696380230	-392.374681638730	-381.636429240061	-371.024293212262	-360.477690591701	-351.070027458704	-342.557809120215	-329.519289180532	-321.313395118178	-396.730596305094	-387.748468917980	-376.078782860517	-365.056831217813	-354.599462144170	-346.178798349751	-336.230939410892	-324.920339392396	-392.451050563406	-382.345992611294	-370.549419724982	-360.014564862091	-350.028830360906	-339.821607937262	-331.436129134177	-322.468447347326	-397.784542820112	-387.384486864472	-375.506163064484	-364.930642165710	-355.760211052820	-347.279527357653	-335.887942752147	-324.918561786253	-391.518681502042	-380.725238474814	-371.085370979299	-361.398171347876	-352.524367473538	-340.160085375607	-331.961539303878	-322.680040609651	-396.607070584751	-387.158841433062	-375.481853630964	-367.450562550916	-356.137626166792	-345.586826064779	-336.015619178321	-324.533358209436	-390.385336467535	-379.904360573033	-371.249414163245	-359.963704540879	-350.943286653735	-341.602848895143	-330.505833212748	-320.195590719522	-396.257358266927	-385.716310716427	-377.191927678124	-365.507720420451	-357.187497406339	-345.893704725190	-334.546997738118	-324.507162040280	-390.142362444550	-380.175464592605	-371.129258283521	-362.484331005270	-349.671427072955	-339.881941731403	-332.193385605287	-321.548573822333	-397.176963648631	-385.659189422331	-377.486982479057	-364.477292526822	-354.573806309587	-345.621889746605	-336.375533523236	-324.948925753303


templateZ:  57.6273196455189	57.7029390189393	60.3218601935599	58.8061597651138	58.5182803403139	58.9411866691276	60.3307586588369	59.4520441034985	57.4714060552166	60.3725380440561	57.9120781747506	60.0193693280539	60.3570191773258	59.9580212061627	59.6511528210748	57.6203835863801	59.6599739914262	59.8218032606571	59.5213946871872	60.4345470253094	59.6238431738904	57.9802179088169	57.7691950722172	58.0342497912918	57.3960270758550	57.2298088560980	58.8151056427921	58.5461417021378	58.7615310546061	59.3189985778366	58.1456462621909	57.4902795978623	58.9856404459814	60.3223274371139	59.2608363486894	60.2130406574157	58.2510010802676	57.9045271874564	59.6754338703834	58.3521922438049	58.4352057605835	58.1439646433416	58.2982747475269	60.0427272505375	60.3795584746433	59.4325731955393	59.9227382765956	58.1355222574365	60.5516034495394	60.3925030105025	58.0063017681737	59.5782393084306	57.9164045253572	59.5802871480692	58.4245481400024	59.7964409657631	59.1470481959564	58.3343652270481	59.3888236502133	59.8865581880379	57.8713046469993	60.4959489614444	57.7667091921852	59.5307814585195	60.1936465560015	60.4828776954829	58.6893585221182	59.4317520259000	57.7438714299553	59.1169014569726	60.1849669117107	57.7825591793059	58.9434074146843	58.5663575355816	58.4888487419899	58.7342078099458	60.0679360992701	57.4904464154085	59.1645402189341	58.5829250644302	58.1217630913611	60.1062745934604	58.2515414367328	57.2868842344619	59.6998163561994	57.2123908982077	57.1421153886472	58.6107992831876	57.5212808161265	57.5087606727921	59.2225057812141	58.4202971335945	57.8133559845954	59.0265122628942	58.5407882863819	60.2242617437056	58.2596305194796	58.4166587531879	58.6637262297502	57.5091341496869	58.9780893588282	57.6084651076231	59.3904844232954	60.4727862742701


seedPosX:   -50.5838475207585	-49.6049545465177	-50.4572277078711	-50.6919532698429	-50.3330107143675	-51.1948340895530	-49.6065062895584	-49.1517876930391	-47.1687493076000	-45.7388735345339	-43.8372729402936	-45.1246025170767	-47.3085481339554	-47.3534921219477	-45.9340748996911	-44.4192451366342	-40.9417729797244	-39.8476458491874	-41.6836367053225	-39.2005794424737	-40.9691364962034	-39.7693325695355	-42.7355756358355	-39.1463831447755	-34.4834224119501	-36.2164888638969	-38.3048299783153	-35.1452202301044	-35.1881522862536	-36.1352992586702	-36.2316072714059	-35.3354130845157	-31.6754930915132	-30.7884633396480	-29.0807024766016	-29.7333841807437	-30.4845390410032	-30.9203743982107	-33.1510632670153	-33.5354836161203	-26.5480349375116	-25.9519727602221	-24.3919977853985	-26.5688253666194	-26.8261655239694	-25.8468060628381	-23.6870903160621	-24.3745833592993	-19.6054705014931	-20.7938160453187	-21.8731332196767	-20.6631618631933	-20.7030734507398	-21.0398432837106	-19.0644897976511	-23.9142857179338	-15.2644846017396	-17.2363760923687	-16.6957899957602	-13.6869861930968	-14.4956509748501	-13.5467991581533	-17.9401835776179	-17.3662379041459	-13.0463124921699	-11.4019909094377	-9.13868275973266	-12.9521682691791	-10.6382509607283	-11.6342726962824	-10.4378734044110	-10.3898624593456	-7.01370516894550	-6.90746257567064	-4.47995018124768	-3.84988869448596	-4.73090255212106	-6.63765841944843	-6.67636814174812	-6.92056971058725	-0.773738395397980	-0.706822902481330	-0.635004607121863	1.03008470373148	-2.58153821307722	-0.665908359633483	-2.86821265813467	0.992584577827405	5.11392180344638	5.65731474371993	3.72401176905092	4.14821029170740	4.54074653596856	4.29594257110996	4.88127652308843	2.30695128139561	11.3188133480305	6.45833053716723	6.73473143975184	9.08153479273538	7.82657181526026	6.22976014888973	6.14252895324661	8.16425190139625	-50.2401854884144	-48.8951783402822	-49.9042061654891	-51.2383787456759	-49.7409167147651	-50.7449635478489	-50.1499743702292	-49.5376234461513	-47.0611036442832	-44.4259516574193	-45.4864816708770	-44.6712530415212	-45.2602252887205	-48.0734060016125	-46.5990183160265	-43.8966645194014	-41.2455956194830	-40.7856889536728	-41.4585570065038	-40.5465205326174	-40.8514646674076	-40.6173313457994	-41.3717203900092	-38.6972910178908	-35.4483410379801	-37.1251529880432	-36.7010659911033	-35.1081289001207	-35.8770158321128	-35.5743457329119	-35.6804398944134	-34.5722329989142	-30.6079018783315	-29.8227129275532	-29.7172057670721	-30.2550855146789	-30.2844780305386	-31.6598120045064	-33.0630840439860	-32.4366955438108	-25.0332898309497	-26.2190387486568	-24.4658314380650	-25.7505536204423	-26.0928169123436	-25.3906573068565	-23.6687545130626	-25.7376633175573	-21.2846770620031	-20.9053551351311	-21.1466684928713	-20.6808939227246	-20.1714345267005	-20.7972879553450	-19.3291244290587	-21.7847867101814	-16.3107022616091	-15.9295504945101	-15.1650264060983	-15.3216921988868	-13.9076440861110	-13.4710810337515	-17.5940796023752	-16.6111476325194	-13.2002679090502	-9.70329673045588	-10.9220106482088	-11.2504140522372	-11.0170632394896	-11.9428595542998	-10.4123981469589	-10.6964456745230	-7.51780834606217	-6.51291246789888	-5.46800042867353	-5.55006493151772	-6.51689071372724	-6.36456139740464	-6.70330077867031	-6.97386930154791	-1.38479468757809	-0.00259247474740065	0.436627560515673	1.03595241094183	-1.79271034552718	-1.55798209653723	-0.898732025872244	1.19862589239121	4.64524093477671	4.29915261097065	3.23350952009127	5.19807878577473	6.18561647347496	6.06573452368915	4.72651514642547	4.27367698908413	10.6316815853759	7.14738849319239	8.82434446669085	9.74015505408005	7.75762866527315	8.48462247165855	7.75182324401404	8.19351083207550	-51.5933586968585	-48.5312125686131	-49.4345331968883	-49.5240875729831	-51.1724367934309	-51.5047062623723	-51.4369807512351	-50.3914794002976	-48.0936621217364	-45.3464198626634	-44.7477104851866	-46.4852418858909	-46.9167900387369	-48.2785217629086	-46.5344465573591	-44.8919433437633	-42.1280057039407	-40.2531890416263	-41.7012963768497	-38.9059499805755	-41.4087809956378	-38.7338368558041	-42.8187342175660	-39.7597378158846	-34.3773379239939	-37.9866293793986	-37.6397299952841	-36.4074884774412	-35.0377161973750	-35.5611504977713	-36.9725575411365	-35.6788608061185	-32.1346948434030	-29.2473734437585	-31.0176945389226	-29.6407457846655	-31.1079109742083	-30.8320556589132	-32.9337829731426	-32.3417195091226	-26.4889215443952	-24.2257589617241	-25.0487174618949	-25.4636484364359	-25.9766730537270	-26.5597949123636	-24.6569095860897	-24.6125016029413	-19.7209470701632	-20.1358464308433	-22.1083924165955	-20.3507185071084	-19.3581615443341	-22.6841055332987	-20.3642332563711	-21.4697731023969	-15.8947689069234	-17.2381087438151	-15.1174763486190	-14.4216639001962	-16.0152761068197	-14.6971824654786	-16.7257221867244	-18.0313073448315	-12.9592571089461	-10.2755102714218	-11.4825927813154	-13.0066700817629	-11.9064930384916	-10.7211983232415	-10.1814294742734	-10.2965775905203	-6.31565552301476	-7.98971426938543	-5.61143041319580	-6.07222029761400	-6.76092546378158	-7.00919144056361	-7.49074357082854	-6.14291172547741	-0.906661412383234	-1.18080425276104	-1.31296521684364	0.508310288941961	-1.50734429555254	-1.87763810534028	-1.80719964344424	-0.700806401738790	3.05656877004822	3.70841878630792	2.73351065231930	3.52211106826292	5.39950606559376	5.96895100396969	4.94443160857152	3.28829732052275	11.3926589031888	8.26767929903582	7.39861792637263	8.20028625249285	8.72765813067191	6.80946026210988	7.83552790762356	7.24001617657766	-51.2978254249555	-48.7453411659885	-50.0584185285852	-50.4281129614587	-49.8788444166415	-50.6628492476658	-51.4835913506341	-49.5702008054328	-47.5505636069217	-46.1061304617255	-45.4388702238814	-45.0212663701316	-46.0467742796814	-46.8879533861692	-47.4400059543559	-45.6171082981563	-41.6316515145797	-40.4943815075169	-42.3424096556707	-39.3525047500423	-41.7379904187502	-40.5624976114636	-41.7737074957082	-40.4603946558329	-35.3622989804995	-37.2762009457604	-38.5023213380356	-36.5144241282777	-35.0395543225928	-36.1098982895260	-36.6305604190515	-34.6151101466296	-30.7253994229682	-29.5570703602445	-30.9835296543270	-30.8901804144211	-31.0554628998551	-31.5878446728019	-33.3267541738303	-31.6212289788573	-24.9929905000508	-24.3854938378658	-25.4267032201557	-25.4181984102527	-25.5812238325463	-25.0105106185316	-25.0435721405295	-26.1434815611347	-21.4296583974509	-20.8813945001515	-22.0331977715318	-19.3264287900183	-21.3936645473361	-22.8380302519038	-20.2979337827077	-22.2496819619123	-16.0928895591753	-16.3545157045827	-15.2548313660696	-14.7138914857348	-14.1885065959782	-15.4291855233434	-16.4403422682448	-18.3002541947885	-11.9952706761181	-11.4752165588544	-10.6357636445524	-11.6355625755386	-11.4631358991698	-10.4887318863131	-10.9857758760657	-9.69062748125122	-7.26184043929509	-7.01998666648502	-4.32701616305005	-5.48477929211449	-5.03621864727676	-6.99046404975409	-5.90602182691159	-5.25447873896708	-0.467049733995171	-1.26409494382893	-1.23144915295011	0.714227295651115	-2.51051025705166	-2.37265899253987	-1.88736549957445	0.199168755314527	3.34722116142081	4.78589029007003	2.41745099901156	3.85559183468534	5.12331550140372	5.51118140782694	4.47313135946924	3.97959805251972	9.42350259526719	7.14569516819790	6.83228822684864	8.68110728000016	9.19073149527099	6.49281384379139	6.59059424560243	8.15639995217744	-51.2121549551900	-49.2953322567116	-50.7566089592373	-50.3376361342113	-49.6534635715605	-50.8821848634899	-49.9006431335466	-50.2169054676606	-46.2876412962696	-44.8166316675404	-44.0237973666171	-44.5315509703946	-45.8192391109131	-46.3274791086215	-45.9416582038485	-43.8179946878542	-40.0595375447812	-39.5668223146186	-42.0028152939027	-39.5858796133795	-40.5255235360997	-38.8162968930112	-42.2695515582199	-39.6198796043780	-34.3844613094607	-37.5268660094831	-36.7107495301147	-36.5598229867111	-34.1626269214586	-35.8905399634884	-37.4041756146384	-35.2824290245319	-32.3966321984559	-29.1033090912417	-30.9629036557865	-29.9725226820158	-29.2315177862395	-30.3094920713268	-31.5753576694547	-32.5758701878574	-25.1575181319303	-26.0459443883700	-24.3256498225953	-26.9328605548537	-27.0415536932966	-27.2209770422131	-23.8058377874095	-24.7159514840989	-21.7990216719837	-19.9127198735809	-20.3397584601513	-20.7766071615829	-19.6129290582575	-22.7120611537461	-19.8116604908563	-21.4761129811445	-15.7073464750370	-15.1146255731733	-16.0538738252109	-13.8931189849262	-14.0982362804438	-15.2713437243483	-17.2865553085283	-17.0404654135708	-11.7200407608310	-10.5314951340771	-10.5613900761583	-11.3693324056088	-12.4806733410722	-11.1505852834781	-9.99196050636010	-11.0907991893533	-5.94266383892538	-6.31017204204869	-5.46734623110695	-5.56673346987793	-6.12586188313758	-5.69433282905732	-6.34162252062833	-4.79869728340187	-1.03706877650400	0.575716713886515	0.143670084980105	-0.208833432301504	-1.58729489868496	-1.05967853525915	-0.709238407572174	-0.894406068993471	3.37244937216225	4.96808580022810	2.38067332445390	4.36106672012591	5.90501786014975	4.57421239551629	4.81783517126906	2.62538367214952	10.9434423172634	6.84694872306804	8.42407051580411	8.98774123439543	8.75717603172937	6.84953803810264	7.70425417153554	6.42519237892250	-50.0990868178483	-48.9345264065786	-49.3684834079041	-49.8753076480053	-51.4468920984741	-51.4190967680405	-50.5063305692002	-49.2910143038147	-47.0002929377315	-44.6999403028476	-44.9542607275760	-45.0342474493832	-46.3281726323820	-48.3862955204424	-46.0022168352186	-43.5237040590995	-41.5686500904439	-40.2886419995357	-41.7301840190242	-39.9368734602510	-41.3917795545401	-40.8642085061487	-42.3428842439964	-39.2845930882918	-34.6759388170024	-36.7465849314463	-37.3625321192922	-35.1073374626359	-36.0701477395608	-37.4900544458173	-36.9876211504325	-34.0930835585487	-31.9850474028831	-29.1762852865756	-31.1066076644726	-28.7805417727955	-31.2760858133280	-29.5528766158494	-31.6677670805622	-32.4705025471776	-25.8572887754215	-26.3738333916435	-23.7981293287907	-26.2606102260550	-26.5243351028899	-26.8830186722547	-25.8949672465036	-24.7703725005219	-19.7739695228124	-20.0848922289405	-21.3847626203977	-19.3186889867323	-20.4110817864553	-21.2554485812350	-20.9274184379851	-23.2927804027857	-16.6784473516854	-15.6376673834240	-16.7893117695236	-14.0753737644182	-14.2555509665795	-15.5141997174466	-17.6189174041388	-17.6670376568186	-12.3297259653000	-10.8843438781560	-9.25182130765865	-11.3060970129182	-10.6371629675508	-10.2370022904219	-11.7322896844303	-10.1660104174367	-6.53092316682897	-6.61001812745649	-4.02588121456434	-5.97898144615376	-6.72831087806037	-7.08701518717100	-7.10268309265743	-4.89416639167247	-0.480855542007062	0.526285554223275	-1.88137287246436	-0.892350705267679	-1.41854086222255	-1.27131197563058	-3.02749519771503	-0.488818447317295	4.97671163498442	4.10476205478731	3.10130920182728	5.63795288523329	5.53500122433528	4.08841459676492	6.22877713478943	3.70749631024374	9.45260920719083	6.71057163541386	8.59899597471939	9.06560057014220	7.86866106293111	7.86322521844043	6.32780282093138	6.27112061652434


seedPosY:   -395.755878558946	-385.355952227513	-375.798009465325	-365.020491865223	-356.318213343366	-347.692802612894	-337.666630852202	-328.760751751536	-391.256174269184	-381.647096681382	-369.806742609132	-361.148554721821	-352.799873417556	-339.789867857592	-331.473899860767	-321.209792637752	-395.462993880894	-384.685466075651	-376.120654956509	-366.236502609718	-356.476698186733	-346.325529532681	-335.163971029685	-325.446703918983	-391.351212005021	-382.248871452326	-371.642154310826	-360.532888967173	-351.601926032538	-342.527335825110	-329.575419277700	-320.329584834458	-396.620733128417	-386.586823222711	-376.800193249521	-366.178992803427	-355.010611113498	-347.305790834468	-336.952294687975	-324.415430834106	-392.878972693505	-382.299019963513	-371.194545396711	-359.125017651265	-349.936048321956	-338.904047360239	-331.258134018827	-321.945958277387	-397.463290404099	-387.229973915895	-375.069768043324	-364.574841461342	-355.331203497011	-346.552494852510	-335.766715030472	-324.145255200430	-391.141119470211	-380.866504986951	-371.254200018563	-360.254594021749	-352.887076647399	-341.064025339186	-332.539657431335	-323.748230721533	-396.550026932378	-386.745417307873	-375.698399321502	-367.543070544099	-354.976481838407	-345.816993390551	-336.837699345441	-324.538211831660	-389.167584011734	-379.186341079168	-370.350048629003	-359.249268614489	-351.947664182777	-341.228273014567	-330.001695949257	-320.943360792446	-396.675882215524	-385.435636844855	-377.803497637797	-365.423483968621	-357.426904938182	-347.090385358960	-335.076174219400	-324.489658000632	-390.717869249032	-379.872057580858	-370.824841826309	-362.546950983546	-350.755268576342	-339.617334366081	-332.355551531461	-322.650035162903	-398.011184823920	-385.271385110890	-376.799655389349	-365.121739250529	-355.519983782347	-344.896092005789	-336.471418548940	-324.565351693338	-395.282655057436	-384.791265093240	-375.860603011735	-367.098071031470	-354.322531423460	-346.149630586453	-337.881956718627	-328.251519720438	-389.750690783073	-382.732505839146	-371.371213543817	-361.004228501953	-351.895047048891	-339.774117499600	-332.926068938374	-320.434577489949	-396.679763866741	-386.552018571220	-376.525490221095	-368.648673093567	-357.825163983651	-345.456882566653	-335.549212965196	-323.547296240681	-392.392665430014	-380.974076221686	-370.810794837466	-361.165924235585	-350.605100973429	-343.175006251637	-330.454388555641	-320.191973460351	-396.455315805034	-388.984255453037	-376.708258987382	-364.548855311274	-353.431405631094	-345.110876356185	-335.120491265669	-324.986417400641	-393.680439842241	-381.881686475082	-370.435162022003	-360.991477716103	-350.408992106415	-339.882005530352	-332.529494953215	-322.293516992971	-398.160075967531	-386.380688396136	-376.618987760057	-365.157651818561	-355.789004256937	-346.281183288820	-335.059487849251	-325.284485322993	-392.614851526113	-380.139192837340	-371.089639468763	-362.011134073842	-352.381449023963	-339.088875518617	-333.023205703941	-322.998570873839	-397.241129585688	-386.674656518389	-374.544530263020	-366.886896802490	-355.624927631852	-344.748930925666	-336.529506643313	-325.505107261948	-390.296396131419	-378.938218798058	-370.011188911012	-358.822278083293	-350.532467395256	-341.569754364534	-330.103299021510	-320.086355051932	-396.461144089427	-385.689294851711	-376.910661224891	-364.356849086394	-357.825192800319	-346.098075503226	-335.479857200414	-325.196625362393	-389.249518647822	-379.025380212733	-370.849861261659	-362.959357307026	-348.887842812910	-340.076242951669	-331.809705317631	-320.760106508902	-397.174015375180	-385.684633562656	-377.409479894305	-365.493304487537	-355.146218563334	-344.433047348159	-335.958437964473	-325.116073024177	-396.678502742505	-383.721576431591	-377.528123541725	-366.506080717844	-355.434330593868	-347.150785658957	-338.266977452094	-326.998186270521	-389.642589313182	-382.583846851725	-370.572194164968	-362.225168971842	-350.916434020529	-338.355559704132	-331.481130596636	-320.843987438248	-395.249352472404	-384.925457991465	-377.422326142007	-367.754330884828	-357.666542843964	-345.967877911981	-335.346015534657	-325.018850818584	-392.525639164377	-382.082227556817	-371.593141742545	-359.749121461804	-351.543899966549	-342.892165721108	-329.232396539277	-321.745403923293	-396.834768166616	-387.909904037952	-375.874352971206	-366.217409644598	-353.547371778811	-346.132285743458	-336.148403226905	-325.342213236759	-392.041697275606	-383.259251811607	-369.939990798615	-361.133818296028	-350.661388784078	-341.014256029867	-332.466988807935	-322.292773048923	-398.354822029819	-388.299827420901	-374.756049165517	-365.976739444761	-356.425319015369	-346.426701257245	-336.909201227609	-325.026428107601	-391.888270786850	-381.942873130074	-371.229223575354	-360.292469328335	-353.124142452492	-339.989818565049	-332.582997350715	-323.736727480489	-395.633359203359	-386.821920854260	-376.270372876158	-366.714005502079	-356.171429909090	-346.686178819414	-337.264525704634	-324.631453764196	-389.663327045063	-380.528001616472	-370.537884817177	-359.127041722165	-351.718096136277	-340.975805944842	-330.780455852568	-320.948045997085	-395.111631157335	-385.176389294670	-376.413982523405	-364.900586229179	-358.221593072227	-345.999030298651	-334.734623437648	-324.866213144241	-390.341391468300	-378.929464546475	-371.706784256509	-361.358162918755	-348.729184690510	-341.059682457174	-332.380967615250	-320.528275109393	-396.853855194742	-385.240964465833	-378.176527627229	-365.717172778723	-354.622225297127	-344.954443795899	-336.876068447286	-325.200857825590	-396.475522276886	-384.755345812797	-377.105750984236	-366.968057360472	-355.178067488503	-346.602792397160	-336.880624809729	-328.222869909354	-390.859691018131	-383.034842143925	-370.516307940279	-363.204358718659	-350.606245828239	-340.640991289568	-332.370850078768	-320.485397737947	-395.100327391768	-386.112142774832	-376.524098959730	-366.813551500351	-357.144870408918	-346.917944095762	-336.389046478250	-323.703732402235	-392.307751672435	-380.695761417388	-371.078950490225	-359.950146634405	-349.947757987860	-343.115455696270	-329.112530630422	-322.321895584146	-395.844413895354	-387.227225789022	-376.364121151195	-364.332932468412	-354.992077467197	-345.382163306546	-335.529707690804	-325.229920171034	-393.327966933461	-382.356929433723	-370.098326493406	-359.747526700112	-350.595339251647	-339.938192218062	-331.438063678578	-322.611615729714	-398.537498068929	-387.036460264680	-376.097135135660	-364.928521995803	-356.103305097014	-346.731248820333	-335.440188024321	-325.515692959616	-391.562469766297	-379.802469532187	-371.423582142904	-360.634542115087	-353.265976706772	-340.794422410658	-332.129303813510	-322.844790008933	-396.069699236514	-386.184306793239	-374.478370491658	-367.571924429083	-355.545916176104	-345.020082687854	-335.050226899606	-324.338318351893	-391.529723793328	-379.328911873546	-370.701940233513	-361.080359471098	-350.228457842402	-340.937469815109	-329.776583944112	-319.965442951682	-396.056601733762	-384.988859069959	-376.491022739158	-364.738113979293	-357.895719938490	-345.135118939239	-334.678630430412	-324.975911618833	-389.798002751901	-381.168819324841	-370.574012383950	-361.979530214529	-348.998292708777	-339.729990146857	-332.577546272332	-321.397564994546	-396.940191164455	-385.838138825206	-377.885734986760	-364.217614074058	-355.286067785169	-346.563953320838	-337.538502228005	-324.380120071534	-397.380239545559	-383.703861625782	-376.689412329928	-365.490400749063	-355.931653802957	-345.410469895296	-337.369077746913	-328.244325243616	-390.418112631560	-383.138979997577	-371.528726305614	-362.895816341674	-351.871709142554	-338.578962946769	-330.994339923119	-320.133430058440	-396.711098105733	-384.782540370714	-376.260675887333	-368.481984251629	-357.896297411938	-346.835198172751	-335.202682284318	-324.199113629096	-391.467228907919	-381.923260269086	-371.033716901995	-360.739075969954	-351.938844521861	-341.363104751486	-328.505958983004	-320.835075964599	-397.087316770914	-387.874263449710	-376.038328538579	-364.352409020974	-354.155882057420	-346.174398578871	-336.561974174824	-326.022683376887	-392.712590444620	-383.189519067939	-371.455329300755	-359.201969601243	-351.080335865910	-339.185329507373	-332.414761855977	-321.652344646617	-398.985557170959	-387.427246653171	-374.437582394180	-365.824419007666	-356.235935550633	-346.426762135844	-335.799460639592	-325.889831017892	-392.440797768244	-379.677028014499	-371.518370852794	-361.563247352105	-353.194305616964	-341.257169460298	-331.993649987586	-322.237076613898	-396.967484027877	-387.081307612921	-374.853726388250	-367.222823986751	-357.012063888351	-344.653944633304	-335.582081355826	-323.398975561321	-390.662788796655	-379.986165403446	-371.898398168673	-359.758672014146	-352.127031194602	-341.487020071666	-330.538482404410	-320.670375561610	-396.994476756802	-386.645347915848	-376.292982878832	-364.576700514257	-356.863361923429	-344.839547563051	-334.123182984518	-325.673636419064	-390.555576497938	-380.430383566220	-371.127418620751	-362.964312477824	-349.572214410628	-340.917461882950	-332.282510097150	-322.624757659933	-397.893505220554	-385.469180688355	-376.683830978213	-364.552497205486	-353.928975752674	-344.836686440722	-337.612564692067	-324.551340644839	-396.761645591456	-383.269736137412	-376.584130878775	-366.320679104339	-355.906266229482	-345.391646679456	-336.455898331053	-327.899235289150	-389.764801533257	-382.416279785167	-371.474191391364	-361.487013486878	-350.783100490164	-338.473955745435	-333.276256072677	-319.078904692218	-396.166269190900	-386.208902212971	-376.470818026923	-366.231260274950	-356.095289744067	-345.020850552266	-336.735205585294	-323.251071334622	-391.457608908334	-381.855928288333	-371.557189289501	-360.710284832341	-350.865185992092	-341.453000284100	-328.966769426004	-322.406913240162	-396.463658031527	-387.278039070096	-375.618432620843	-366.162327884830	-354.854497840163	-345.752291578566	-335.309586601633	-324.739160824135	-392.595014654440	-383.523029994953	-370.113140492628	-360.782274174941	-349.697857011018	-340.972013035166	-331.877588184775	-322.648232453334	-397.722739768179	-387.340714365616	-376.240183388501	-365.267376045115	-355.411700053974	-347.401841508364	-336.646551800972	-324.877763521302	-391.175818934147	-380.073646270741	-371.846987868436	-362.116254564092	-352.280080130893	-339.977572506039	-332.362963093465	-321.790301173144	-396.970531563165	-387.604577703931	-374.357297135372	-368.468783011620	-356.710352034942	-344.553420094148	-336.523208867212	-324.485925668234	-391.337386693561	-378.763175142185	-370.191104282013	-359.400382585402	-350.383939766661	-341.389191284729	-330.719297640457	-320.949416421649	-397.283759484047	-385.355183820713	-376.046686853317	-366.183266914691	-355.956758528982	-346.887275716457	-335.230851883294	-323.726631061021	-391.031598783727	-381.358757701333	-370.688441897106	-363.609283851458	-350.342305383429	-339.272494709910	-332.517766552526	-321.094661633720	-396.008133617841	-385.577296808396	-377.031244536349	-364.702867031290	-355.210189047914	-345.826046779007	-335.592074994570	-324.015720311726


seedPosZ:   57.7046553661454	56.0214822206196	61.5510683585590	58.4573440285415	56.8067509062964	56.8662269038803	62.1504977260536	60.8377306989312	56.3064837459323	59.2957903719024	58.4470152097162	57.7559827736141	62.0347768589878	62.3020471006215	60.9016475853808	59.7415509605438	57.6949829104341	61.8676683016104	61.1192982423607	61.1526021385757	62.1180234956278	56.5541596525681	60.2228732781826	55.6469082712039	56.8721211760278	57.5449345827401	59.1345302432877	58.3933650227069	58.4793427397205	57.8268564669446	56.6265294261078	59.2514340931130	59.9413350205907	59.7166097450675	57.7120869335731	58.9911650678051	57.2356711322103	59.8835549482164	62.1302350054024	56.2721644469763	57.6704124371287	56.0864095596000	58.9514632041003	58.8019241627260	60.0090448194048	59.4781850384791	58.8150607885088	58.3269444814623	62.0641983742613	58.5038648090794	59.2586535911291	59.4777819417947	60.4107719807438	59.4153531518682	58.6300931867918	57.7377843062931	61.4965311789882	58.9462033256452	59.1376682587471	61.9367569740293	59.9034589159106	58.6283764480816	56.5522906900659	60.0476591790047	58.6343482450026	59.3114632663786	57.0584316810204	59.4743054396023	58.3767941857239	58.6897217357210	58.1544098094136	57.0316365749193	59.0890643476625	61.0283883958912	56.5168929259174	59.3869292466853	60.5881096376423	58.8634709128625	59.0085931653509	56.8135053329664	56.7078704399354	61.9634520023156	60.4631449515261	55.3225042303328	59.7157168404672	56.2364402884390	58.5220459869858	59.7489014834553	56.3614970992254	58.8512460044680	60.9294530570243	57.9339664849525	60.0152379349922	56.6043622925682	59.1111974278917	58.5180489430382	57.6655778717340	58.0405102472252	59.5695987089432	56.9403701294148	57.7479700786664	58.9529624327039	57.8011868411115	62.9653950853179	66.7335382288203	65.8062246195306	71.7075829249249	71.1174324304170	67.9802440415082	69.8192424677917	69.3150519531640	68.0983029805534	69.1747841091998	69.8217511446742	68.5239750136810	71.5945492442481	72.6421231824454	69.9363637373395	71.3699779568909	67.8415009167091	70.1694784722360	69.5399228834724	70.4310498191915	71.2986932561528	71.7183430161763	68.5452178003170	66.4330083806238	66.2512715707236	65.7618063083043	68.4947885606762	66.6923839751310	66.4160149737767	67.5363752972658	67.5896526241709	66.5978732263031	68.2255263908233	70.4268159614259	67.8635345460254	71.6790789960501	67.7523101779812	69.8086016767994	65.9482871339472	71.7751963474530	65.9982566149499	68.9717542685598	69.2518770383233	66.1886549992693	71.1646589937721	72.4619282712078	70.4216833856131	71.8584353669396	68.6471844940194	72.9359764770501	71.9352330228809	70.3450070521084	69.2821476699291	68.9165278005349	70.1261877603533	67.8906965889056	67.9614065791073	69.8933766134260	68.6237674289063	68.3684443070188	67.6322093305849	68.9103171457900	68.6309007001526	69.7604890485036	67.3085566426686	69.0137446591176	68.3723241663181	70.8481584608605	66.9684036254164	65.8795809633274	71.6126200349088	69.2995392954401	65.3896044028300	67.3583604402314	67.1874656817444	70.7676877262396	66.8938774258540	69.3166343800379	69.5937859241970	68.6430372405163	70.4724163739944	68.6217329950311	70.2252574364256	66.2137442891457	69.5684842217810	69.8882680543950	68.7675553158769	67.3525847114614	69.6091159744076	69.9526522661917	65.4594143488863	71.4694093869291	66.1635938797633	70.0615819750745	67.4920697921945	67.0489548264914	69.4151798985179	65.8755418175436	67.7387395379551	68.6060359250883	65.8919669096698	70.6327303850102	65.2331771256780	70.2271546388808	71.6115011838888	75.4149907675314	78.2387036887164	77.8660374491055	79.5615400286173	78.2254403787898	79.4935915891854	78.5955590443915	77.6813028044832	79.8507427042354	81.5215719577408	75.5151145246537	79.1304149319498	79.7061449131828	78.4731584863202	79.6094812456367	75.8748160107552	81.3821458830181	79.9710016213359	80.0071339184355	79.5024512304806	78.8370314798261	77.7756082999321	75.6000418971094	77.0081640316547	78.3423945628874	75.4605903605999	81.2081036589973	80.9971074207470	76.9934130178026	78.9288281230667	79.1023588897737	78.0016720071345	81.0139291596030	78.6436543919953	78.4900103298668	80.0877105430915	77.4946888009019	78.2898049727354	79.9796848180562	80.6592211969943	78.3564803281741	78.0175781235430	78.5926881977883	81.0396889438348	82.3799244200119	78.3438104906850	80.9375824462852	78.7488901985126	79.4852374523466	82.4352269177076	79.4309297850086	81.7607927507562	79.8751519344067	78.7598765533061	79.0200547149759	79.6240930748617	77.2537538655693	80.5152617101688	79.5321666317303	81.9471643215842	76.5631717048739	79.6110626865017	78.4771666206549	78.9809511502185	77.9574746791813	81.9274246429805	79.5282752349252	80.0176036267771	75.6510250424773	77.9510928012188	80.6924358012554	80.0530439658594	77.6180785765309	76.9553251012116	77.9826418443428	78.3612781648953	80.5751930497059	75.4481715578084	81.4262084696448	77.0207333153056	80.4857900520811	79.4098942317877	80.6377728528436	75.4911163491466	78.4641100941391	75.6297420914563	76.6997517109538	78.5531624818449	78.9894414091102	77.8845278493121	79.1010428885772	78.6105981520724	75.5142248180008	78.8342507910265	79.6280700275140	80.7111256670994	80.6148488620522	79.2294495901816	76.9219191554167	75.6576085598996	81.0292261098751	79.7075689775034	77.5839546545551	78.2194068980174	86.4138860826448	89.9089325367910	89.8107553297307	88.2259500779370	89.8337437142578	87.2377545985377	92.0726698966451	88.6268752077359	88.1382752664323	88.0286941341417	88.5619835214884	91.4106648866436	90.0575794906749	88.0013044213609	87.5683395628876	88.2444958217865	88.7305459926097	91.5691010421851	87.4243418110078	91.7326103282187	90.5917117435764	88.9995350751605	86.0796951158632	87.1727005969029	88.6565542880658	85.3081165982969	90.6525977309738	88.8089821349141	90.6190528623815	91.6945571037047	88.7387895044043	86.3671943083404	86.5468645191362	92.5992230907645	90.2359303883009	88.4700057943015	88.9234402355367	86.4263137720922	91.8557100523672	86.9893907118892	86.6907117622050	90.5762671740301	90.6090227478278	91.8449514679538	90.0407693657950	89.3293246921460	91.4968755912418	87.7368412033369	88.0826114389867	88.3157362000119	87.7724514455238	91.8917053523771	86.8852547532125	88.7451102583264	89.5276790714789	88.0152427674636	90.4285890990459	89.9598489663566	90.2550256208938	88.4448991977046	90.3559454552704	92.3555334398278	89.2996996879004	89.5186868761081	90.3369951635925	89.1124262988438	88.8033930884089	88.0605480265001	86.8570678175262	87.6964018087680	90.0756517532652	87.7745627124968	90.6109874559813	87.7965264584878	86.2073067244632	90.2556845453318	90.9729165264750	89.1098758306403	87.3272599317477	86.3597362473635	89.8193553938136	91.5522551274143	90.6971545643052	84.9288005743700	90.9796703258496	85.5374389838748	86.1770535307831	87.9304796216570	87.1525911680013	89.5684295605539	90.5376287098985	89.2281499548562	89.5400775512338	86.8370159963474	86.0742870991182	88.0607574613641	86.1582419642694	90.3805992904349	87.6606824836307	85.5937438728861	87.2241328286341	88.9069615337328	88.9258980281261	91.1117307282839	95.5077938358080	98.7438127395046	102.307323221632	97.5725228156979	100.520102216996	97.2473978234320	102.322389256008	100.400698440742	99.8147033956629	99.9136679759280	100.027839568804	99.1574979408641	98.1266885732150	100.623165892583	98.1324432247486	95.2501364193031	100.063181028742	99.8714715576556	100.203463068312	102.012595630008	101.082424634028	97.5679749204005	96.6648768276727	98.8225209877643	97.5066661772922	94.9341147348536	99.7013093376684	97.4104107240009	98.0866738005325	100.855603454534	100.397460339956	96.9277945090655	101.364418232098	98.3197710248841	101.374028442251	97.7319627446759	99.8431563669877	99.7731390581630	101.068599938541	100.380968906244	97.6976530999892	99.9901271138276	98.8563781972893	102.540488615136	99.2670548937213	98.4045872931861	101.757175842790	97.2956304643665	99.0979640040016	100.204379161875	98.4628644156470	97.1308451924000	95.9153562514810	100.690707519845	96.1765071567133	98.9256895816279	98.1272019024601	100.441005993917	100.395144827959	97.8894360603499	96.6563662302888	99.0752695970822	96.8976536218213	98.7917021701554	101.918177002063	98.5258119796428	96.8852522726104	97.9614022709792	95.4737750738343	99.4826830451294	101.929399682337	96.8724327145850	96.5345017451889	98.1666556525100	99.4241048814238	96.9690849270899	98.7888226222538	95.9971913602033	97.9918995802603	99.2450642002945	97.1252375067730	99.5107423563335	98.7527394273195	95.9205709545684	99.9659706788773	96.3322508531047	98.2210830283410	96.9844174705031	99.5319808463918	95.3101132046366	100.726608192650	95.9690627146202	95.6715292634373	98.2952459353667	98.0656596383098	99.9101101779868	96.6961121563967	96.1848150762922	100.813625713653	98.0208740854491	101.231433976895	97.8201313167223	101.725633848951	98.7820414346779	105.129360450835	109.513760876835	109.419642710345	107.281975323945	111.015089121287	107.493219484443	109.193640555175	111.694153757050	105.048865688800	112.308350503407	108.682528556105	112.292558041199	109.770830070848	110.458881769495	108.415922900896	108.122937599476	108.175605448647	110.740196362400	107.780006817000	109.586118390665	110.993345725570	107.192888001860	105.585331007369	109.180769284608	107.885425812533	104.943888211428	110.278894369328	110.033599608138	110.863397442667	109.630197837039	106.328416578527	106.671172692535	109.357902363389	108.904898381788	110.520548764370	111.127452981657	108.356575200678	108.598644084348	111.911621604883	105.981595459873	107.729993384592	107.942023264239	107.091037979194	109.261758843472	112.378223502341	111.221546031655	110.320327739747	105.801394544376	109.414987949372	111.662348710568	109.400339966107	110.498394695052	109.648997442681	110.309737599005	109.683282856976	110.727560049381	106.746113397462	107.019411470814	108.531661610800	109.141772879061	105.498534879822	109.938134368040	106.219868706379	109.143125205177	109.241858600287	111.158804875026	107.045928899153	107.457242736760	106.760268509262	108.197455037279	107.863737222527	106.586393710140	108.108935951525	110.902141042516	108.136718684037	109.877680359684	108.525524285018	106.170562435022	109.597071522739	109.277961609467	107.761431611612	110.813687767631	110.195914192095	108.061448032371	109.101883814767	106.232539263797	106.125487167286	110.542941884556	105.773095360662	109.533495411331	109.300951463961	107.604899941124	105.560651609774	110.724860875130	110.637610544593	112.428128274900	107.271450458032	107.731420386710	107.703140157911	106.987957214478	107.249173521025	105.925694101073	111.155245936808	111.821520199601


objFunctionValue:   714.519352092815



