Dataset 17


dvh_array = np.array([
    [ 7.75, 2.88, 21.64,  3.15, 12.65, 12.10,  3.51,  3.42, 0.00, 0.00, 0.00, 0.0418, 23.63],  # Rectum
    [ 4.79, 0.51,  5.66,  4.08,  5.59,  5.54,  4.12,  4.10, 0.00, 0.00, 0.00, 0.0000,  0.00],  # Penile bulb
    [ 5.80, 4.37, 54.12,  1.92, 17.71, 13.32,  2.42,  2.22, 0.09, 0.03, 0.00, 0.0000,  0.00],  # Lymph Nodes
    [ 1.26, 0.88,  4.64,  0.26,  3.74,  3.18,  0.42,  0.36, 0.00, 0.00, 0.00, 0.0000,  0.00],  # Rt femoral head
    [13.71, 1.22, 18.59,  7.64, 15.77, 15.05, 11.51,  9.49, 0.00, 0.00, 0.00, 0.0418, 23.63],  # prostate bed
    [12.37, 2.11, 44.19,  5.51, 15.40, 14.73,  8.16,  6.90, 0.01, 0.00, 0.00, 0.0000,  0.00],  # PTV_68
    [ 5.95, 5.34, 92.61,  1.47, 19.53, 14.21,  2.03,  1.84, 0.27, 0.18, 0.07, 0.0000,  0.00],  # PTV_56
    [ 5.83, 3.93, 21.30,  1.08, 14.34, 13.66,  1.56,  1.34, 0.00, 0.00, 0.00, 0.0000,  0.00],  # Bladder
    [ 1.20, 2.66,272.63,  0.00,  9.79,  5.04,  0.00,  0.00, 0.03, 0.01, 0.01, 0.0000,  0.00],  # BODY
    [ 0.93, 0.59,  3.21,  0.11,  2.56,  2.23,  0.28,  0.23, 0.00, 0.00, 0.00, 0.0000,  0.00],  # Lt femoral head
])



templateX:  -52.0883428142978	-51.6058765554104	-52.8579988824908	-51.5477755667896	-50.0678217500486	-50.1771609891971	-51.5336333594020	-49.9986046260789	-46.2174290718652	-47.0688892067376	-45.1966572201305	-46.4272979441706	-47.8031660777390	-46.6242729346756	-46.3842726057746	-46.1801955420181	-41.8967935537015	-41.2411467075190	-41.3297756459247	-39.5518499280760	-40.8370649383553	-41.1803632588340	-42.1213625248071	-40.6345258672925	-36.7067370823199	-35.5026919912830	-34.7497215659157	-36.7786534159540	-36.8471182829415	-37.5702298365322	-37.1873706585226	-34.5042995225936	-30.6480181030570	-31.4662389474099	-32.1074455459851	-30.7315052487936	-29.8965414953142	-29.7566308757911	-30.7937153866517	-30.5772607831724	-26.3416173654936	-27.3912359195257	-25.8720415987533	-24.4298220881210	-26.6298754283841	-26.0656561380506	-26.6696762782638	-27.8524168256827	-21.3850855947726	-22.0324493938339	-20.5878102434475	-21.5036635890637	-19.7033002582774	-21.4568723442465	-21.4321313692144	-22.3851573496413	-16.1516908649615	-16.5499431544346	-16.8422706210693	-15.1782474339761	-17.4635200704756	-16.0145699386691	-14.9186255598679	-16.6025760020513	-11.6665212904861	-9.52169377498942	-11.8128619500732	-12.1159106368770	-9.61334885634152	-10.5814951858819	-11.4793894880559	-11.4829807749022	-6.18632592795250	-6.73771629180859	-4.53792452473331	-4.83062994405777	-6.13523758154048	-7.52462112287091	-5.91055193267408	-6.56591330918069	-0.798802980371310	-2.71987294095492	-0.458107151468392	-0.186588550373035	-0.0376746071284742	0.208241375022133	-0.516166816707540	0.256787133554506	5.12289616547770	4.37245186987281	3.50861099732933	3.96879841424192	2.22374305574856	2.52603201446078	4.08527361840682	5.56459587256194	8.35600119831979	10.3222954542970	8.73399331080457	8.68076680831338	10.4526306445436	9.29640343186809	10.0920192628902	8.27048840057108


templateY:  -395.964508543888	-385.691767311807	-375.019755709928	-366.381223393797	-357.716039764999	-345.100125974436	-335.132126956420	-325.498426335841	-389.548103852570	-381.495818813287	-372.429001496699	-360.589718801594	-349.756222149697	-342.311515332686	-331.013954210516	-321.249350680432	-396.904209315915	-385.059762622423	-376.391400052071	-367.631486921007	-357.365656162553	-346.041100002937	-336.874701332782	-326.299514671906	-390.101259022226	-379.985950304978	-370.854875698950	-360.138254324679	-351.630802272392	-342.760827284889	-329.876843454738	-321.686613199486	-396.490275696459	-385.174331797565	-374.568629989602	-367.435226441537	-355.565726899289	-347.608290217088	-336.367309729460	-324.577194015378	-390.762924162942	-382.657235072484	-371.962829994047	-360.408197051047	-349.553983934686	-341.736806363113	-331.425635791361	-320.494231310692	-397.849954117479	-386.355065899306	-375.753578400916	-364.763733684376	-355.814369410916	-345.247333724460	-336.433658875333	-324.834768613240	-390.597238277010	-380.836472664219	-372.737577754068	-360.680547066271	-351.474765876334	-342.125738031710	-331.254233151708	-320.472595552464	-396.930794627628	-385.444474796706	-374.566151662917	-366.296787937622	-356.922971689121	-345.113895698775	-336.407136703608	-325.736380910913	-392.245473365744	-382.011422613152	-369.769922867418	-362.400687756556	-351.879663547150	-342.056610946872	-331.943699051412	-322.811122140787	-397.505546255360	-385.620002979799	-375.437596636125	-364.404431769126	-354.845602602586	-347.741114970330	-335.423391781833	-327.525772452695	-390.044383257581	-382.628863339308	-370.612860622827	-360.596602701910	-350.414342270664	-341.217600199287	-332.464135361516	-320.093597920299	-395.030611509703	-385.657965077976	-376.744950010651	-366.111322210375	-357.392854227459	-346.469347036998	-335.769950975580	-324.831805178004


templateZ:  57.3418792057881	59.5274400298245	59.6852969412228	57.5152362774454	60.3608897714260	57.3987617802650	57.4400964755584	59.9071163770663	57.5276058190575	57.1389976771643	57.1805616634080	59.1131159794106	60.4816423665453	57.5542603538327	57.4509953630081	59.4107883186656	57.8805558390443	57.9789139012714	57.7549742099738	60.2751730562330	58.6395735134970	58.7191455616461	57.7818881991305	60.3780054013758	59.9039205602048	57.7496680468733	57.8774319448745	59.8950500674019	58.8865437494766	58.2306432891264	57.3805441125703	59.7133533365925	60.4797403565124	57.2216708824990	57.8297305792234	57.6969122730330	57.8398466260914	58.2168293178361	60.1316223585524	58.9021527316530	59.1870098518175	59.1445894761168	58.7503292501693	57.3662860786856	57.8159358947754	58.5216593858972	59.0836261148685	58.6292178355557	58.7494439468619	60.3381573544587	58.7311202943632	57.8853648088082	58.0675244319711	57.1541913128724	59.9959990775925	60.3760137699379	58.8611943072354	59.4251377028157	58.1789105599977	57.6356896784815	57.9375471929547	59.0600036561898	59.7042661641733	57.7186824675008	57.8818347966259	58.6682858757928	59.3194650332435	57.9392845560983	57.4167848961020	58.3561539475004	57.5871963272076	58.7444809512581	57.4536807402848	59.6211154693772	58.4072121607721	59.7918546954364	58.7854960359775	59.1082964481901	58.1037909630669	57.6482386355654	57.8943524818056	59.4611310991761	58.0151657771082	57.4790028913749	59.4714065291634	57.7846926985279	58.3976391605417	59.0235999963349	57.4717755344544	59.0285018203652	58.9231178102851	59.2747420920461	57.6777936983828	58.0729224227496	59.8998806373974	58.6475313477607	57.5893649759237	58.0761601441001	59.4207205054749	58.8794888611955	58.4777220333503	58.4241076861107	60.1667532589631	59.3769126075786



seedPosX:   -52.2021943138699	-52.2318949515662	-52.8516297331003	-50.8854410254552	-50.6901005660875	-48.9785151646741	-52.4386904662074	-49.3959862333446	-46.6942991679459	-47.8797379535740	-46.1258109268335	-47.3098218587488	-48.5729822152740	-47.3206623631978	-46.5613051143135	-46.9403633976752	-42.3487668267666	-40.8111155444751	-41.5487701290729	-39.0784952987646	-39.8650728819629	-40.0180779642432	-41.8905875266053	-39.8788912980318	-37.2858626502135	-34.8156099130513	-34.9184921985274	-35.8513849148907	-37.3632050921761	-37.6335724115488	-37.2762032477173	-34.4473082570422	-29.7243154491688	-31.9088162400611	-31.2581975383000	-30.3151116212247	-30.8434803259594	-29.6290111730457	-30.6615141547193	-30.8722055646845	-26.8590268632895	-28.0622381571619	-25.2288033260347	-24.9011611936745	-27.2951339561341	-24.9680871868243	-26.8978922737902	-29.0231928185061	-20.3129964934067	-22.1708337958991	-21.6565597155451	-22.2344575252279	-19.0583092317436	-21.5085277360948	-21.8646153634073	-21.5055462683100	-16.4602643907613	-16.6171354848190	-17.0782707537790	-14.0068107577154	-18.3974042920142	-15.4570095577790	-14.0911472462411	-17.1380135814328	-10.7589371713593	-9.55300559623563	-11.2669679985257	-11.5828197133283	-10.3916740116223	-10.2189074649968	-10.7732163884733	-11.3566881057313	-5.69777159063905	-6.61100326127817	-5.62131737281711	-3.91848467614101	-5.73692409922452	-8.26841909860612	-5.60065680847003	-6.97680194197329	-1.83085682655521	-1.82247322087887	-0.682961271019271	-0.625306499072259	-0.179924435233082	1.05577175838355	-1.08817860685714	0.739924637903229	5.38472375862700	5.23944941147946	3.21515077627269	3.23712212069380	3.14028863455762	3.18434272402763	3.62604787262491	6.18612686011069	8.06458800897122	10.9308180961082	9.39983961223443	7.97717987732624	10.7351247384878	8.11589492414518	9.07159333513067	8.93651876498104	-52.9711880981000	-52.6853811286724	-54.0414885156964	-52.2812148049694	-51.0838631767685	-51.2083017698465	-51.3060002105573	-49.6813200238697	-46.8201929985805	-47.8271425128974	-46.3046042580221	-47.0582808612987	-48.6579665180628	-46.4844151014868	-45.1856643960606	-47.1627646501875	-41.8284002833425	-41.2916244122049	-40.1394920046592	-38.5836641632306	-40.0324893667952	-40.4079584004304	-41.5009070819685	-41.8566218257804	-37.5291497618055	-35.8050566885498	-35.6561372897449	-36.3711180573469	-37.2251897686534	-38.5658188948516	-37.4645465100831	-33.6212233533165	-31.0216210120902	-31.9263716719634	-32.2472012406937	-30.6143824231697	-30.5719445828030	-28.9915307952932	-31.4186230783131	-31.7878383198083	-25.4754584410508	-27.2646117831367	-27.0754875350278	-24.5839722183667	-26.7525430138000	-26.7050756258881	-26.3561090523039	-28.8656126774231	-20.8807977387229	-21.3750278134179	-20.3404374211584	-21.3496634393985	-20.5594364023180	-21.9336893687018	-21.4789529449629	-23.2820073115416	-16.3839345836850	-16.0650953108737	-17.5100382850494	-15.0506030320558	-18.4701791521501	-16.8378747647739	-15.2824449317052	-17.0017198006712	-12.6262344548737	-10.0816338340795	-12.1923508979982	-11.3380282139560	-9.02526474364249	-11.6744033523003	-12.4918657686522	-10.4789477435606	-7.19577632228025	-7.04991802821616	-3.71457683173570	-4.91714247242048	-5.82401009033244	-6.84717860268782	-6.75045215737504	-6.78998359407959	-1.75440406277762	-1.69073629041834	-1.32260893892103	-0.0813393490526922	0.797306196199280	0.963362731812580	-1.20456275693784	0.569925133581147	4.15929598696626	5.09279835423171	2.47583363802668	5.20754832521442	3.25698465306054	1.83289937694240	4.59280919238355	4.42021842925433	8.70855795306840	9.19247232218526	8.54693647669842	8.33453463132531	11.4631213780063	9.48225067022946	10.6450919560069	8.15818239157008	-52.4941361905610	-51.2960380704809	-54.0680675329555	-52.5120726250846	-51.0391733543858	-51.0427133385720	-52.4765204472872	-48.9786998460891	-46.8870875168415	-46.5275472953738	-45.4295203703562	-47.5240068294053	-48.3652790664565	-47.4756085473553	-46.8056817386930	-47.0433825875387	-42.1888225871356	-40.1122252459159	-41.6369211180054	-39.1283827192160	-41.0454786744184	-41.1588709508360	-41.6203197894387	-40.3346062911737	-37.6188895630069	-34.9750908377314	-34.4761866752613	-36.5674968711040	-35.6123208295307	-36.5027137615683	-38.2167744100386	-35.6187260219214	-30.0232690490543	-30.9674742324303	-31.6997325186535	-30.8949174765814	-30.3950486323430	-28.8092703526848	-30.0803106969402	-31.7862675412040	-26.9510468196281	-27.6858829259300	-24.6347299395976	-23.6078774678634	-25.7935693008053	-26.8452623905841	-26.2342443735120	-28.7158695554829	-20.6006573295562	-21.8435445429899	-19.4055718085053	-20.5347312964961	-19.9537038465682	-22.3264069145524	-22.4766443873029	-21.1944350843975	-15.5821804101967	-17.1592095770354	-18.0841850221050	-14.9669377577459	-18.1980564565108	-15.9669872989277	-15.6747098057625	-16.7267466974547	-11.5645700138380	-10.0360305220700	-13.0627384646102	-10.9776665885634	-9.12126553772541	-10.8699451510429	-12.0839136156117	-10.7629677184800	-6.68663931602392	-6.73553975022466	-5.42152428142257	-4.45622729037602	-5.35769474764810	-6.90166399587382	-4.73164244835124	-6.06294875147474	-0.0107225649219644	-1.64020394569599	0.200504223278339	-0.209093960317721	-1.00208451059361	0.327460852587143	-1.39715483545189	-0.339760770750157	3.96774647841445	4.93737660258385	4.21468449054885	3.19326345231384	3.31679964847092	3.55371617740583	4.16684081561877	5.38354142495387	8.73856846357073	10.3827705621544	8.28075664348099	9.61278889629485	9.93789147401829	9.08130057751516	10.7480939294106	8.04499930838912	-52.9304044003348	-51.3416162861958	-53.1514014695344	-52.1460575484159	-49.8588392253390	-50.3444545443378	-51.0955267459980	-49.9552254293217	-47.1864261659048	-47.1090525388645	-44.2770006912661	-45.9246198765707	-46.7193450329565	-45.5242233785941	-46.7056624834030	-46.8674792623649	-41.0828830646598	-40.2122921154982	-42.3693304546733	-38.4083449290401	-41.2755636531890	-41.5694810438237	-41.2079658895013	-41.2889849437606	-36.0630881375311	-35.5517927919667	-35.7933443177206	-37.0392927964980	-35.6279676415972	-37.1762827662456	-36.8708197517208	-35.6613760406976	-31.4819452326383	-32.3765594671429	-32.3099554316180	-31.0016466190435	-29.4867957387125	-28.8425198368017	-29.6899787707051	-30.8684062734521	-27.0373959081264	-26.3901955701010	-26.2240237817965	-25.1122586490003	-26.5868794363733	-25.6861364339100	-26.8738246752100	-28.4397420831903	-20.7093715994811	-20.9155886056341	-21.0011457625589	-21.2190194666077	-19.4260726081188	-21.1716632482701	-21.0341219171165	-22.3709113796273	-16.3633741753875	-17.4693885947256	-16.4052582900779	-14.1577942216556	-18.4274445261289	-16.1323391310061	-15.6863096983898	-16.5088531169641	-12.1592189020453	-10.5833122655562	-11.7698280092816	-12.9628665230197	-10.4666179282444	-10.0046627125766	-12.3287733806216	-10.4143326956552	-5.92893639183302	-6.42964979051175	-4.16648832839070	-5.59220857198562	-5.56598649594257	-7.48281593073522	-5.99884645335295	-7.19649339240262	0.281426166344637	-2.32435479285813	-0.482529726422961	-1.29387218806108	-0.806882523160735	0.884845998264643	-1.64175493411464	-0.655118263979584	4.38538781727710	3.58039697887002	3.65918229726983	4.83313788649699	1.03473633620272	1.80053215023790	3.75910910943067	5.68552487426398	7.36446940647400	10.0437445419290	8.55786773041082	8.21061061636420	10.0634202442657	9.07868938254586	10.4471953014615	7.66962068464519	-50.8932369089611	-52.0406848086377	-53.5921123770977	-52.3062926159913	-49.7279611476874	-51.2254515739486	-51.9462820659292	-50.0606486579232	-45.9006588279743	-45.9939204313294	-46.1699894326570	-45.4141412427088	-48.2029399803460	-47.6692872618056	-45.3222528349929	-46.9418050484478	-42.4608408555504	-41.1032056060212	-40.4355841393946	-38.6123190218666	-40.9796607988484	-42.0419043564435	-42.6252776075526	-40.4959976421705	-35.4895524447179	-34.8868763682081	-33.5219272206773	-35.6496377628940	-37.7947436880630	-36.4492519169102	-37.0355731955800	-34.0126955439563	-30.4376145442679	-32.6722704502870	-33.0059426903855	-31.7777541832613	-30.5042451258976	-30.3257045143243	-31.0480805929882	-31.5051591393523	-26.9046714946205	-26.1949861958516	-25.9234472597256	-24.3036449705334	-26.1113214185659	-26.0874850383866	-26.8179407319057	-26.7671579837122	-22.2170768271306	-22.3191262001258	-20.3934773946183	-22.0825506007711	-20.2229740160785	-22.4209064041069	-20.6842627818015	-22.7003980426210	-16.4652851709128	-16.7166861173887	-17.9316217400865	-16.3783840866353	-17.6785830932838	-15.0560099816288	-14.2584750894920	-15.8308624384640	-10.8424937252786	-8.58366589314184	-12.0952275477582	-10.9371158828156	-8.93163445676829	-11.0437988216922	-11.3479351647104	-12.4381713547805	-5.78174501544288	-5.65155324531836	-3.72819437641958	-5.33154995219882	-6.51232758660347	-7.02401480775523	-4.84639841814753	-7.47793069363114	-0.515412451141187	-2.48392534339918	0.722482224428725	0.995098527873894	-0.174344799633715	0.214160109512167	0.565613633442534	0.851288899939548	5.78741970311122	5.57111424580923	4.45117342147491	3.94722321363848	2.42825339767723	3.16016728514317	3.27173985030967	4.98780591837871	7.92768626915088	10.2727014112125	9.56182014564070	9.23900049682951	9.76759490699705	10.2769566386735	9.86959954514687	9.37444522381530	-51.9217322641350	-52.7053249062236	-53.1676410815199	-51.1251952974375	-49.3692470985645	-49.7920451682504	-52.7796175421916	-49.6639485372333	-46.3446845843308	-48.2471290240288	-45.4879257773883	-46.8779686941061	-46.8379808336514	-47.7715762396606	-46.0252425493512	-45.7756780387197	-41.1994657970979	-41.7669876517988	-42.0709216425407	-39.3993099792156	-40.3597798089550	-41.1815000797277	-41.8054079666331	-41.7234931693016	-36.7333946306516	-36.7384045182777	-33.9989959705128	-37.4436746705585	-36.3366786379933	-36.6152222289708	-36.8781589211101	-33.7781690777452	-29.7796734924438	-30.3348481568450	-31.1646919689109	-30.0876887354277	-30.5742628105741	-30.6433269038439	-30.7905040085089	-31.4966923253989	-25.5937131231181	-26.3506074458586	-24.6928722221471	-24.4090131095209	-26.6380799804958	-25.5790603392454	-26.7591496932993	-28.5995175008294	-21.6733551585722	-22.8777730657801	-21.0454565766278	-21.5131501595286	-20.2148348991828	-20.7049313934310	-21.5871952119017	-22.2853624029458	-16.3233146493459	-17.2496351863284	-16.7610608080493	-16.4203862338129	-18.1540094910862	-16.3531227513019	-15.9101629366510	-17.7845087971017	-11.3070617274799	-9.87536375851666	-12.1003908554302	-11.0112137829584	-8.91251914227119	-10.5274553837074	-12.3040060869031	-11.8330523961816	-6.69557446514249	-6.02569491405993	-5.54111754738877	-3.79450454222492	-7.08450969856107	-7.11410288925934	-6.24336013118151	-7.42477225530181	-0.300042106255772	-2.54248439117022	0.414475442222102	-1.16543173122351	-0.394977323392141	0.934194754238970	-0.998910442465047	0.837487094589309	4.70273915711746	4.06317239725690	3.11766642755675	3.34550260969344	2.30555848238283	1.93569502645729	5.25371070738702	6.50785052911478	7.51885248258741	10.0752161153785	9.36209528655170	9.83159602588268	10.4979381273771	9.97728179528984	9.57465342109475	7.92783793257712


seedPosY:   -397.179805982685	-385.304221811788	-375.235624325952	-367.003511211461	-357.729235400900	-344.529061400584	-334.832308281095	-325.884089887361	-390.235694640595	-382.664503292087	-371.664832097932	-359.403912771588	-349.740463803446	-342.335099724258	-332.248933594907	-320.602538121682	-397.273513565951	-384.809020487991	-375.641791695204	-366.466266553227	-357.085986979866	-346.119918455256	-337.169387877866	-326.516365245771	-390.705540652952	-379.468161604992	-371.191894865366	-359.521007341961	-352.212224887312	-343.541864916874	-328.796619614022	-321.462723693198	-396.644894161191	-384.536379931547	-374.373381174405	-367.546556247932	-355.615772416096	-347.558864891458	-336.865767135214	-324.860753882650	-391.991687827972	-383.445524339012	-371.225918403812	-360.686365136898	-349.665841089392	-340.940663157951	-330.885418811120	-319.659631845057	-399.005298295329	-385.579445811996	-376.167395042904	-363.807293486781	-356.356304649073	-344.626924144707	-336.942139255599	-324.676798953000	-391.615834055556	-380.406170850748	-372.363009399045	-361.503920828048	-350.437133808911	-341.713416015522	-330.974772703207	-321.600008243025	-398.028436969212	-385.109547323360	-374.935622292803	-366.220931513886	-357.872507898204	-346.030129652208	-337.188408024601	-325.426026089077	-391.341636963841	-380.958642950341	-368.611691803189	-363.529777844684	-350.871141127951	-342.984069674134	-333.133490935756	-321.778470088115	-397.374339588896	-385.840847236302	-375.042041256748	-365.276253909773	-353.654445377039	-348.317425242230	-335.345956033917	-327.725900929501	-389.789398195645	-383.200123587679	-369.718165609007	-361.502864389574	-349.726957667403	-340.980680668254	-332.126530175172	-319.143271338840	-396.030995040590	-386.480946300069	-376.294571196859	-366.023771494052	-356.486871434584	-346.304914525852	-336.159175090735	-324.689470560087	-395.005600468790	-386.113418358384	-375.568167833552	-365.703484714607	-358.426922161737	-344.388346933517	-335.580284298487	-324.490050239541	-389.817413456797	-380.696818464396	-372.544335819499	-360.910773718489	-349.533934463152	-343.201868135131	-330.421179892380	-322.269917149554	-397.346605704873	-386.046717686656	-375.722239655742	-367.201496719681	-358.068102820436	-346.646183597014	-337.138818666292	-327.142134984133	-390.186629241488	-380.713758544209	-370.382724865467	-360.822825831506	-351.027017348496	-341.972508837055	-330.367658266374	-321.509530995732	-396.438833776595	-385.195175454508	-373.840110796507	-367.648814254308	-356.281207840477	-346.502938105271	-335.514822630382	-325.482324507240	-391.228701461468	-381.896623234456	-372.425033620834	-361.644792054830	-349.411723337893	-341.532258512979	-331.749593864546	-319.888623800988	-398.197712859792	-385.828114341739	-376.205718571593	-365.474054747069	-355.745532557250	-344.978578509795	-336.269058948624	-324.911017526163	-390.730908420111	-381.471853828768	-373.671022070156	-360.561107484298	-351.923202083575	-341.241991951791	-331.177590087351	-319.489248550533	-396.084882283688	-386.087066382920	-375.410375875264	-367.375327547175	-356.274500788823	-344.371540562718	-337.582199190995	-325.139698127998	-392.029769080223	-381.323375146967	-368.887162801366	-362.560135170850	-350.851029120965	-341.127352196393	-330.967603658300	-322.458045980365	-396.637191317661	-386.478628423453	-374.869091986662	-365.334063497812	-354.769060536993	-348.784264798912	-334.542391655196	-327.003765610370	-388.984560021809	-382.222274634116	-369.813813598537	-361.439378933333	-350.146074441517	-340.738645104367	-331.340236788214	-321.055708602158	-394.336808688645	-385.197707600304	-376.076013713252	-366.864754000498	-358.378308608380	-347.113464346615	-335.461269011743	-324.123590045104	-396.834057373606	-386.250311818933	-373.837174682997	-367.059392151468	-356.532311694244	-344.612871581326	-334.587062818487	-324.901870246590	-390.257254076875	-380.776886559615	-371.655068174631	-361.383637872330	-348.621759790875	-342.663984548723	-330.209176704636	-321.174016567845	-395.801628813961	-383.823955877056	-376.688824031638	-368.566706043507	-358.299794466636	-345.027019501083	-336.794095065858	-327.255875900659	-390.311200752597	-379.459536074480	-370.205976900722	-360.408686493933	-351.364954224130	-341.819966070331	-330.419761260067	-322.561006288566	-396.740479001274	-386.204856986239	-374.848561876821	-366.698715937346	-355.852692310610	-346.597870418185	-336.843351998895	-325.414110719058	-390.826906465831	-383.819912754407	-372.940417307938	-359.308353713301	-350.394480766848	-342.091982516301	-330.350637349500	-319.409398843483	-398.671851787205	-387.435633158646	-376.420428743325	-364.387362993507	-356.025991426869	-346.434868773972	-337.293127639657	-325.665745021819	-391.295679678599	-380.841969979837	-373.879989236646	-359.732066742864	-350.311260684577	-341.735184812211	-332.274394382499	-320.974495092883	-396.627978757032	-385.869257569185	-375.599609341113	-367.080257014554	-356.492020951175	-344.439989728392	-337.130448399385	-324.839644526345	-391.434109905892	-382.425351812725	-370.362987050144	-363.453668879456	-351.666033445799	-341.680140769695	-330.749304260010	-323.757104888256	-396.922809027923	-386.626133599098	-375.731950469384	-364.250169107776	-355.868665868111	-348.753606420582	-334.434420726367	-326.646004147915	-389.962069127427	-383.862596032792	-370.827428181926	-360.174395754367	-350.915593702513	-341.543361467343	-332.176625829636	-321.020409287354	-394.356087330879	-385.363215013069	-376.511183037800	-365.067908785192	-357.171231802135	-346.298295308986	-335.528930187879	-323.800379792984	-396.841535917040	-384.890081589324	-375.046402763359	-367.102425060127	-356.943356419824	-345.097199425127	-334.481785304777	-325.142566761152	-390.274302838206	-381.174341962853	-373.249197819495	-360.462925137558	-349.531123008220	-341.367437524706	-331.151674975223	-321.266726852854	-397.745250180243	-384.174018541655	-375.292080497568	-366.515408987826	-358.115403321564	-345.337703500396	-335.728169003908	-325.497636499024	-390.481955442319	-378.824749958282	-370.426139944085	-360.406529672357	-351.584687378552	-343.704849442450	-330.858901882065	-321.552381274634	-395.767946256245	-384.468549014503	-375.029085861092	-366.434491225988	-354.789356105200	-346.604705673617	-335.990502813073	-323.481377589189	-390.104733995639	-382.684470667394	-372.659395656537	-361.032093620512	-350.357572109885	-342.606445572948	-330.758717454266	-321.124596561380	-397.810857765903	-386.404756606654	-375.142050925096	-364.463510106665	-355.315592898535	-344.639616268153	-335.277447835637	-325.682592227809	-390.819463722375	-381.327208877117	-373.736720837931	-359.733040619578	-351.006296587196	-341.266398251322	-330.831528635854	-320.498391367906	-395.814498681228	-385.849128387240	-373.318654113779	-367.118626145861	-357.479739675409	-344.701675375207	-337.585639365258	-325.125197518937	-392.596403584177	-382.251774842890	-369.617473407001	-363.444397554341	-351.826047931801	-343.242614612611	-331.948075602892	-321.964558933434	-396.288818573280	-386.257677504206	-375.099860672219	-365.438599388057	-355.495812497773	-348.988629179445	-334.633409341452	-327.975672626265	-390.850260064958	-381.484595918855	-369.928657290895	-360.652379834636	-350.852229449524	-340.300985661882	-332.905252620726	-320.817807715387	-395.599511627352	-385.144911814466	-376.510247470798	-365.542044488543	-356.208733417438	-346.520368788472	-335.090860384654	-325.625901823188	-395.215525845001	-386.109215772793	-374.567339803835	-366.937989619121	-358.711083334292	-344.493356941790	-334.841502267009	-324.874896147667	-390.046709633981	-381.521178884469	-371.637960040004	-360.258844938163	-349.636398606025	-342.689778405154	-330.149002541103	-320.473418867486	-396.550945992737	-384.894545869297	-377.389271740451	-367.057720913955	-358.098112851224	-345.468044120798	-336.712273629614	-325.767812777465	-390.139724787880	-379.903243859478	-371.798059629738	-361.057360082787	-350.596559103196	-342.349824338791	-330.733756116935	-321.906005383678	-395.268955008890	-384.869820067290	-373.809534545794	-367.860568351443	-356.630798291591	-347.583418166346	-337.605907376815	-323.531124691223	-390.133067966748	-382.473864265710	-372.915790231191	-359.908552370856	-350.199087400558	-341.603480730844	-331.004894156532	-320.113629874895	-398.499838881829	-386.803388512617	-374.535575080475	-364.568547683933	-354.768519823314	-345.311426387527	-335.619083779241	-325.355764881541	-389.380413643888	-380.047888126737	-372.918188118453	-360.976742361132	-351.325222690127	-342.159352146000	-330.827144321290	-319.241650662546	-397.662429594167	-386.363112599457	-375.477324123491	-367.354556268570	-356.241589124026	-345.341722402264	-336.569705901583	-325.074623078305	-391.346739081642	-382.086844040769	-370.796578122764	-363.452685026502	-351.106584368053	-340.867845532881	-332.958869155456	-323.915811009532	-396.679915138863	-385.971018074004	-376.030029891263	-364.277896487340	-353.849497371671	-346.693826148404	-336.386023231210	-327.121215181595	-390.967798887448	-382.199448022316	-371.727566482364	-360.626674902983	-349.385274393493	-340.252790789346	-333.529261003752	-320.811839841409	-394.628556749647	-386.378918431333	-377.442678863083	-365.707540403772	-356.788259063996	-345.915471466400	-335.231069531448	-323.743285799701	-397.126153874022	-386.470549746332	-374.848068712031	-365.368758665688	-356.750768366954	-346.034340288153	-335.947268137475	-324.703333724468	-388.775788422182	-382.658246383137	-372.912147293804	-361.263393920681	-349.788003935642	-341.781695282181	-329.878785918603	-321.795336502185	-397.969387640228	-385.481457483731	-376.175869530330	-368.869441629380	-357.873375479027	-346.282787451808	-336.493051795828	-325.980408640023	-391.322212727912	-380.018301063113	-370.338975449472	-360.375316863755	-352.142876597049	-343.851981829052	-329.635205321835	-321.437835559122	-397.343967705704	-384.764490984711	-375.524706295750	-367.451487907142	-355.540741747073	-348.648067844176	-335.192078335522	-323.406812231688	-389.566663169890	-382.584430533383	-372.552081307169	-360.442122760857	-349.997920911671	-342.294826966626	-330.949218305091	-320.397668155127	-397.109889263898	-385.940158494990	-376.163993233852	-364.480324696833	-356.946382115960	-345.998159372706	-336.724031910293	-325.097990307593	-391.446818779457	-382.018600341493	-372.196554251053	-360.989742731848	-350.406042350364	-341.169343604506	-332.445543067725	-321.322463557498	-396.214586822550	-385.563404531255	-373.573383919621	-366.994128535131	-357.040047909719	-343.991562779289	-335.937836826360	-326.790401095533	-391.613376645375	-381.478336142924	-369.962277799867	-362.591990871979	-352.446306879399	-341.219239550038	-330.838343001156	-322.020738083879	-397.145674091062	-386.866877459826	-374.804104402296	-363.427405449830	-355.719124990699	-347.657116185538	-335.637095916066	-327.828497266377	-390.882252868626	-382.405495219832	-371.181471157093	-359.704849930036	-350.028317876771	-340.228737407514	-332.620349737900	-319.203931853583	-396.234387307605	-386.050534685682	-377.675058629905	-366.852991798668	-356.896748551640	-346.058973055738	-334.609594158929	-325.628866015713


seedPosZ:   57.8050003575444	59.4683015276288	58.4163631042939	59.7289176691199	60.2900500468693	59.4629011765406	55.6010025317512	58.9515607642969	57.1078652308916	56.6658780841228	59.5103576933563	57.5416415762078	61.7646260860840	59.7913705285991	57.7944804695073	57.3067828502145	55.6883291771081	58.6282918421592	56.2557434805714	61.5353213411991	57.7811667834627	58.5176972063889	57.5799651252302	59.5498358221899	60.8700966814300	58.3854242178756	55.9595811231787	57.6801214819833	58.5446543277297	60.3916355575636	55.4144288028094	57.3211415715721	61.3878352023104	58.3943374340144	56.5427133683737	59.6052977222772	58.3084074775965	58.6590895460712	59.7029264730209	56.7939249173579	60.3240829331906	60.9153844789048	57.9690052142828	59.2349820127018	59.4268079204204	56.9817088834945	59.8891434497523	56.5541792548611	59.4617278514940	60.6502455114297	60.7868398207446	59.5188450982020	57.3549509699827	58.4762031760412	61.1670517592103	58.2775568295813	58.9040465395695	58.4491748119984	58.6672866491352	57.6631529575470	56.2826603856028	60.6078866362915	60.4663181340681	57.9014527843658	59.8338846190301	56.4413708593189	58.2744411388609	58.3015364151872	57.4235965171729	59.5008015917049	57.4473386024676	60.8861180210421	59.7327977285422	60.4736121184012	58.4713319298162	61.3010442980762	57.3995770111326	61.0315929660017	59.1948322872462	59.2767843064144	55.9499301114462	59.7750186002392	59.8864907879474	59.0649323584119	57.3169629925966	58.0184343651564	60.8336687909325	60.4687210055850	56.1536518042291	58.4790599394006	57.0625381846280	57.2983238190375	56.8361169667200	59.2990296081358	59.4611198231067	60.4331095900069	58.0437155044427	58.9670383781604	59.5962420906383	56.8410315539908	57.9331395155128	58.1601030997227	57.9602931266395	60.4615250306038	66.3343778363813	72.0070737204729	67.6081764821444	65.0912852024082	68.8592897309000	68.9345976020339	67.2910309405287	68.9696899462622	66.4568018386970	69.5402738225445	68.4720404253221	67.2653113881199	71.1176703981880	67.3414494357162	68.3324961454932	70.4467239566837	66.2486679982794	68.0020766384494	67.9143826538350	70.4559675663827	68.2183239700037	68.9988970499536	68.6599775512647	70.4357182631617	70.2285076975939	65.7207384580294	67.7280330313614	68.2351400949671	69.9917723624528	70.6413949265070	69.4751373981036	69.2450560294510	71.7121641700339	66.9164808887686	69.5718450212751	67.4239384741205	68.9207957241029	69.0012504475051	67.9681221652313	69.4700098662526	67.8678036180143	69.3086640726951	67.1637570699916	69.7863830976047	68.7766265861719	67.4738929840798	69.9361052564029	68.9994616926446	70.3374369456637	69.0904234328333	67.3996021290078	66.7330168062273	66.6390677630149	69.5126258170580	72.2159111055990	72.3369376868874	66.5305964507394	68.4256126092772	67.3931638021645	66.2064525194888	70.3582555917276	68.0913613688110	70.7216995387885	67.4801942902007	70.0867097030932	68.0639015735889	71.2693849833411	66.6606496491653	65.3981388637978	66.9236352530732	67.4011732299993	70.2965237479846	68.1576408815693	69.9138642976603	69.3057748753224	68.9244383208071	68.5554722267440	69.9353409075685	67.2234019481672	66.9928842969979	68.8656337309936	68.9093904166928	67.6534748867443	66.0883467350692	70.7338447771326	69.1592586821439	68.0765205061956	66.8808465598567	68.2941872876852	68.6847748677928	71.0645708229451	70.5069659189855	66.9770840264860	67.4552191417119	68.1668493374155	69.4682963570733	65.9836391896939	69.9891501040825	66.9815175951158	66.6674322008248	69.8264734096095	66.1554947924177	72.0483651462522	70.7209157515693	75.3300992569579	79.2552266861350	80.0885466945616	78.0496910182106	78.8939153755555	75.6664720201220	77.4696614356964	79.8259935816074	75.6423355283628	76.1385619956224	75.3611238095440	76.8756018749742	79.9032642879429	78.7522466241799	78.2303867859528	81.7017134114209	77.9068643997129	78.6583937271059	76.9850595045233	79.0057359436648	80.8956665055128	77.0461218789409	77.9193328670913	82.8628287106583	81.9505119292428	78.5087656451396	76.0346695774190	81.0169379800598	79.5531459748335	79.7182583725578	78.6214488379794	77.3844132874704	80.4936941435167	76.6010658334272	79.7958682724483	76.1111907390502	75.9189511369730	77.7285914985005	81.0378348276299	80.1540913745072	80.2755524571415	80.3091550984103	77.8278080175201	78.2188204732800	75.8862815759924	80.7677106309995	78.9745385871093	79.1060388461264	79.2518389454420	79.8194712799297	76.6560103273906	76.6928915313883	76.8928366581680	77.1736397957768	78.5606533527755	79.6461130172473	77.3351372681728	79.4721525344310	79.1228691357337	77.3989612021568	80.2673396555780	80.3692445107834	77.2710648103792	79.7270932554680	77.9515649303712	79.3038497495380	80.4201860233131	75.5624723162798	78.2658083658362	79.6637359263038	75.7204815067693	79.6651612185983	78.4973550194378	80.7485406080576	80.0698458829294	80.2936448239669	81.1635977861591	81.1358722819955	75.9075418866823	78.9122457878304	77.9186891715128	77.8644940161914	75.6208940857980	79.8411766940577	77.2961913884445	78.7116258934137	80.4738596015982	80.1879552758489	79.1681990640822	80.5331747081189	76.9536207794374	80.3496138711110	80.0618466930177	76.0284952286334	81.5483381362407	77.5465573337837	75.3349210291137	78.2972659516341	80.8952074785600	79.0841463450823	77.0261055990568	77.4237299383691	80.6436476282280	80.2635617252213	87.8257340681282	88.6028126566772	91.5864878635910	89.8561724454055	92.4634039576636	86.6598833836274	85.5670335769833	88.6125793890708	87.4394667511561	89.2286573694002	86.0686003329873	89.7823535212965	90.9350746086754	87.2291839997774	89.1108022589830	87.4989603379194	87.7138824038953	87.1154863153126	86.2453260448074	91.8188334994474	90.3435572895014	89.9541327548139	89.2346199778068	92.5342894766183	91.4045200105930	88.8805838790562	88.5188773664126	87.5349119026933	88.3322781149438	86.5424136137443	86.3545018032923	90.5615509261918	92.3811989642606	85.0700927751639	85.9979241857806	87.9715743090280	89.8314080526945	85.7721426819284	90.1008539453500	88.6802120918757	90.9536144761987	89.8739478290770	87.7880703208896	85.1547891202813	85.9359091069516	90.7295302593677	90.9369585666279	88.2354965518343	86.4359958164066	91.7286807388778	87.8380265891765	88.5389721638194	89.1097057411154	89.1012258481105	89.6579828510047	92.6927181185556	89.0943302799453	90.3555211266733	88.2305069488250	85.4389687139896	87.0437304234122	88.2597518182421	90.0521990765737	86.3275460661719	87.9612992760229	90.6454124579662	87.9205173515064	87.6727388348382	87.3514505767455	89.9047202768719	90.0694584118814	88.3278716059894	85.2236862960918	91.5855156605882	90.4358712393435	87.9142638083877	87.3404122231888	89.3039837653190	88.1435963352486	87.9012217129401	85.4881402844685	90.7420224059051	87.7188944513918	86.7296607238487	91.3907565837496	90.0840280721247	88.7981566821249	89.0835467388438	86.5461100109695	88.1498225048074	86.7838125142256	88.9471666728332	88.1465907397446	87.3004374648221	89.8849367030807	88.1997247617808	86.4799388889268	89.7937349694299	87.1749374060894	90.0432430182071	90.7299815691040	87.5449977489456	91.9951694116677	88.4667515658226	96.0541946603175	98.2096702357022	98.9635854187841	95.9368498128531	100.682406703522	99.1154528110569	97.1826204427112	99.9863396439816	98.6305917012820	98.2332871688260	94.9588322832170	98.6197523899016	102.437578980713	97.8094201971238	96.9487589872453	101.840292773850	99.2727868503669	100.234714903606	98.2851544976924	98.9863433656948	98.9979351571883	99.7983462191430	98.0578232652316	99.8231873842319	100.930572849587	99.1437310302500	97.0000769110535	102.145617006093	96.5072957294111	97.3821802795027	96.3765090140336	100.783754533002	100.039480618013	99.2867324774260	98.5169457363426	97.4094722916794	97.6128283460604	100.097082168701	99.5252666004625	99.9363080125136	97.4667957778601	101.239393781984	96.9865084949287	96.5119939401538	97.0103247888233	100.608537927663	97.7953171598537	99.9738227102213	96.8655185548903	101.089918002383	98.0734238648741	100.196830462972	97.4625911053082	97.5934653400895	99.6215717584812	98.0234030578863	97.6977887438376	98.6745131227853	99.8311488380292	97.0200667303268	100.091685170841	99.2328245221831	100.792189926596	97.2855587903364	97.8297739535303	98.9676230438549	99.4795822968474	97.9415546910847	95.1446332734494	100.066263560167	99.1154264262258	96.5076074348434	99.4157215642621	100.877806989269	100.490786250918	97.5053172046377	98.8454277254323	99.5858640610478	95.7848752665704	95.6147041546786	100.251140813003	98.5379047046693	98.4049341650730	95.7889996269474	100.567189593132	95.4047375494861	97.6108056051594	98.9466271832864	99.8893547570817	99.1875749180382	99.6133275152217	98.5336325426199	100.093551845458	96.2242913052908	98.7707094377758	99.7964512324394	97.3818790334214	99.8113818154351	101.856938633218	100.748060897649	97.9984255126472	97.4698656814820	100.611600930615	100.884781281550	107.885174753452	111.353614868362	111.921516800419	106.634244043225	112.695468897631	107.498749492954	108.604912533256	110.639456395966	108.457293107605	106.493053674685	108.225595886085	109.364374421610	110.247237468760	108.577946345530	108.562906041451	107.850585792067	109.833840119023	106.671276273800	106.047924231550	107.966327876719	109.197561358080	108.351421805295	109.720676733552	110.667522113686	109.221278665081	107.115785262499	108.060979706010	107.705707754135	109.404881830552	106.284323666914	105.799513909631	109.751922756118	110.499194043737	106.763330535240	108.492607120435	108.989468597706	108.556667002351	109.427769698076	109.460955783857	108.391278380396	109.549097006907	107.090967597759	110.405727859773	105.189120196446	108.266264605833	108.779860285895	111.128172994045	107.205697974847	107.719067032515	112.146008750575	110.752004758093	105.765005474738	109.902769255644	109.265563230247	111.981534709597	111.232127008354	108.261630637294	108.018479922868	107.551264123545	108.054275209419	106.661766692625	111.236732204040	109.301067692687	108.471189266885	105.609639965831	107.906855213644	108.290800212404	106.980071428726	105.448980905730	110.148209385272	105.219225099419	106.898536905373	108.957137609870	109.204266122072	110.689111452513	109.930646705336	111.231819350671	111.388586574589	108.477144922164	106.763868701393	109.975044594694	111.127911440827	106.863915391615	109.524529647893	110.850909937969	107.379629389992	110.011211821635	108.450388078171	107.628226016658	106.750806009044	111.379594020056	109.152141505441	109.820176053579	108.980308007573	109.675262463403	106.609837754896	109.988616930910	107.030427940872	108.511535271033	109.357573052831	110.523576408214	107.738325536788	109.048788619882	109.376918242497


objFunctionValue:   651.422997880736



