Dataset 18


dvh_array = np.array([
    [ 7.68, 2.85, 19.39,  3.11, 12.48, 11.98,  3.42,  3.30, 0.00, 0.00, 0.00, 0.0464, 25.91],  # Rectum
    [ 4.79, 0.51,  5.55,  4.09,  5.53,  5.51,  4.14,  4.12, 0.00, 0.00, 0.00, 0.0000,  0.00],  # Penile bulb
    [ 5.18, 3.58, 43.92,  1.85, 15.12, 12.37,  2.31,  2.15, 0.03, 0.00, 0.00, 0.0000,  0.00],  # Lymph Nodes
    [ 1.20, 0.78,  4.19,  0.28,  3.33,  2.87,  0.42,  0.37, 0.00, 0.00, 0.00, 0.0000,  0.00],  # Rt femoral head
    [13.70, 1.23, 19.09,  7.62, 15.75, 15.10, 11.21,  9.40, 0.00, 0.00, 0.00, 0.0464, 25.91],  # prostate bed
    [12.35, 2.15, 28.45,  5.49, 15.58, 14.83,  8.14,  6.82, 0.00, 0.00, 0.00, 0.0000,  0.00],  # PTV_68
    [ 5.59, 5.64,127.75,  1.40, 19.02, 13.81,  1.92,  1.76, 0.36, 0.20, 0.15, 0.0000,  0.00],  # PTV_56
    [ 5.65, 3.99, 27.49,  1.00, 14.30, 13.64,  1.46,  1.24, 0.00, 0.00, 0.00, 0.0000,  0.00],  # Bladder
    [ 1.17, 2.60,199.20,  0.00,  9.65,  4.93,  0.00,  0.00, 0.03, 0.01, 0.01, 0.0000,  0.00],  # BODY
    [ 0.89, 0.59,  3.16,  0.09,  2.50,  2.18,  0.27,  0.22, 0.00, 0.00, 0.00, 0.0000,  0.00],  # Lt femoral head
])



templateX:  -49.8174299041176	-49.5277635541808	-51.0973126181060	-51.1151901518392	-50.9552360672328	-49.9260030228979	-49.9619242156370	-52.4503343912942	-47.0150390372927	-46.7242642006271	-45.3418711644137	-45.5157575430844	-46.7549103428119	-46.6383845436079	-46.7450655419247	-46.2676373876918	-39.8510747166632	-39.5621138796122	-40.9250748456998	-39.5934764228885	-39.9855979222024	-41.9515406705890	-41.7187769968311	-42.3136589092025	-34.5207183233124	-36.4604171650904	-34.8690519280915	-34.6775375193587	-35.1445110334255	-36.6923666349076	-37.6572632603197	-35.2278303892381	-30.8174228997963	-30.9247622118054	-30.5053159735579	-30.7087853210587	-30.3051357697269	-30.3598001691894	-31.7224235840865	-32.0006324763759	-27.0846732495480	-24.6363908914711	-26.3377241981285	-25.2447246934841	-26.4599580975448	-25.4209187875222	-25.5646530238561	-24.6963219209457	-20.3175925245428	-21.7844741235197	-19.7913632487424	-21.8845130133989	-19.6839787294601	-19.4450702886891	-21.2756239545142	-19.9193413769389	-16.7293528190614	-17.6083777852833	-14.4114835324572	-16.9504813558742	-15.7530160159695	-14.6711476127907	-16.9876518783790	-16.6721240737844	-10.2081946604730	-11.0757018404786	-11.6596849526162	-11.6516686576256	-10.2021963380743	-12.5306431053408	-12.6205039156801	-9.54587716112725	-4.72056710631184	-6.60283686506325	-7.55818286083282	-6.61287417194343	-5.48350803710716	-4.69344596793579	-5.93394916377934	-5.83250910324851	-1.67647966740446	-1.78334515286773	-2.84537739694815	-1.44519679907566	0.353746410424399	-1.73134302689033	-1.84099840032964	-2.42040842968688	4.26206704359174	4.01001168104607	5.33440799223557	2.84042493434316	5.01225633123164	3.44401661481082	4.80018630215356	2.85774626877488	10.1928377699144	8.66493188505582	10.2299702811312	8.35763381572249	9.53051081740891	9.16035260317170	9.96473536673858	7.67701685850352


templateY:  -397.292341952341	-385.900236042965	-375.871202975436	-364.814554910022	-355.782571234008	-346.119620887527	-336.812154453413	-326.605674076280	-389.980522552513	-381.047088116251	-370.906383845029	-360.263607735611	-350.571585375844	-339.408197304672	-330.467227976528	-320.792787342193	-395.225314944136	-385.869300713430	-375.082052785214	-364.643881197239	-355.176065208800	-346.932373021598	-334.558936086042	-324.853513386643	-390.813077862608	-382.345402222532	-370.263844434022	-360.824121111204	-350.228866633019	-342.654600413672	-331.428332746208	-319.760616885789	-394.808940311024	-384.585810243543	-376.701036800860	-367.548085244357	-356.138454253570	-347.545804221972	-334.831416106266	-327.500758116055	-390.635992587622	-381.697250967447	-371.770322951039	-359.887910977555	-350.883728618209	-341.193119713226	-330.648367221884	-321.982631694657	-397.510652647182	-386.614076328602	-376.060985008352	-367.339838734005	-357.438711091896	-344.854340446921	-336.940315450524	-326.721093014191	-391.887898000453	-380.386806544141	-372.789320569817	-362.856477875463	-352.587980278408	-341.855483129739	-329.866013855742	-322.563463111440	-394.690229993037	-387.369974784864	-375.513919964680	-367.130627820506	-356.741174338060	-346.110422820352	-337.861713059673	-327.716632284861	-389.785368745960	-382.631583696447	-370.794275163827	-361.683088540023	-349.676209732408	-340.551699543420	-331.918407040126	-321.497803814489	-397.326165374698	-385.254797841071	-377.749011068418	-364.446200306223	-356.105932398045	-345.546981287515	-335.983891290652	-326.338420579291	-391.480340365824	-382.079131147706	-371.739118611482	-360.622145101549	-350.336841643632	-342.783806786367	-331.640067526079	-321.575585906445	-397.461444971271	-387.271051837527	-376.337201937555	-367.124507982887	-356.613012569282	-345.472563170372	-335.176670250099	-326.686651691320


templateZ:  57.1845515311576	57.6815477727701	58.1322355978473	58.5886183385362	58.2036092231064	58.7174075872449	58.2899156905623	57.6229041248348	58.0869295375146	58.9446236411632	59.9357901466255	60.5811201784530	59.4981975170105	57.8113205831346	57.6046593637350	59.1239165431378	57.4833412797711	60.0255468357215	59.9861972146045	59.8396744510173	59.8030184507354	59.7617770486995	58.0059804073235	59.9627918196514	58.6132596204666	60.1635630349659	57.6273490172270	60.4510282152216	57.6563541013990	57.2609184143418	58.4762187167547	58.1325929703959	58.3108308873708	59.4266326569218	58.4226106797444	59.7452196358371	59.7060766621553	58.2849325413586	59.8085455724854	58.0615347907403	57.7991328241296	57.2597328108855	58.4972348577632	59.7185753340339	59.6728883875686	58.8206835657400	57.5790651337118	59.5264845303821	58.0479673386287	58.4003039095061	60.5063573027490	57.1330219378621	58.5960879254881	59.7989492035536	58.2844943706340	57.1547303190140	60.2135353888896	60.2622734912029	57.4035367176382	59.7384904428210	57.1850509660955	57.4040526826085	58.0913778338585	59.4916811468396	58.2411246868974	57.2663212605716	59.4607350581618	59.1269003483077	57.7453346469415	58.9708792856367	60.4446683707489	60.4510066353539	57.4540304158398	59.8204187740919	58.6143869879561	58.4742497319593	60.3383581490103	58.9785005158185	57.8861419871728	58.1212032599586	58.1009260502814	57.4701329006142	58.4394200000416	59.6782580014305	58.5675524055928	57.9628705679003	59.0653203006390	57.3385310214122	57.4941015251122	58.4353456686203	60.4514425203476	57.4289914391136	60.2889614752833	58.8794327727094	58.0122151349099	58.1644468254744	59.2403165332454	57.6248340257094	57.5407619339749	57.5281102063697	57.2382216054991	57.3303128012199	59.8317305998601	59.6597649670243



seedPosX:   -48.8210477979796	-50.0029529858012	-52.3153305432248	-50.7467573929341	-50.0594590314009	-50.7849576598224	-49.7304149224041	-51.8228040767728	-47.9307826534854	-46.4856903184299	-46.5528235348263	-46.4122723707997	-47.1478717760599	-47.7199596549607	-47.3034412448779	-45.4705252558398	-40.7727065251279	-39.9630339919568	-41.5074197864510	-39.8886226799230	-40.5056629421331	-42.5063575079041	-42.3730436763762	-41.6228312235173	-34.1303840787261	-36.2575138337765	-35.3097179467800	-34.0769716424653	-35.4761944031640	-37.5455309737239	-37.6905470493705	-35.8452271078255	-30.1500971812540	-29.8650344266975	-31.1940504456360	-31.5345687674246	-29.6157559500547	-31.0467941864040	-31.3361079168869	-33.1224088518747	-27.9352656833407	-25.6087571406829	-25.9760642623988	-25.4912169627300	-27.5573428961489	-24.2956759945380	-24.3340735567197	-23.5683514722477	-20.5203920675740	-22.3520125961222	-20.9849887529247	-20.7963525547638	-20.8146785838220	-20.5693247308964	-21.7558399183813	-19.8649073133508	-16.8498222186598	-17.8716209919597	-14.1809421552983	-17.2186766852648	-15.7515809170999	-15.5201374321292	-16.1464945740347	-15.6157431844812	-10.5677622085739	-9.99776630840700	-11.3850080054459	-10.9145902018312	-10.3395841685616	-11.8420451613371	-12.3176256642684	-10.3810347662245	-4.71012548466727	-6.72164135379797	-7.12626530116496	-7.81912536031908	-5.05102576798133	-3.72852286306788	-5.98249129037308	-6.29725070006593	-0.773530274440888	-0.977207711430495	-1.63478676049038	-0.821117343395331	-0.843362640665257	-0.502727369615820	-0.610857175028103	-2.04467852469941	4.80516542180737	3.03565977342525	5.54844165740854	3.17827902342231	4.65799689663270	4.18523393052474	5.04253174337519	1.82598866606849	10.9220580179502	8.17406438302642	9.65062378935748	8.30417852260613	9.27848571179457	8.22204036907806	9.77649589877961	8.82355807800214	-49.1747065804457	-49.0591656749630	-51.1643333156804	-51.1817158842345	-51.1581205197509	-50.6654772678237	-50.6921109782192	-52.1282387263525	-45.8301039249220	-46.1220570745227	-44.4897547876923	-45.9577208603913	-47.1782127456047	-45.7757669894792	-45.6679331089562	-47.4934467118071	-40.2423722279999	-39.4142286332441	-40.5410514937009	-39.8003862252525	-38.9376024119120	-42.3758420220768	-42.4275352491625	-43.1522893485883	-33.6306198174144	-37.1755980042526	-33.9932238042365	-34.8262596317313	-34.0610281932364	-37.5436731211448	-38.3321066754628	-34.6288287175663	-31.8372735251019	-32.0303037906055	-30.6353014110903	-29.5205688926671	-31.0340504308629	-29.6254553686533	-32.4344153912441	-32.9901565793616	-26.3075548258718	-23.8135125540072	-26.1617249599812	-26.2512333785759	-25.9545671212263	-25.0868845498542	-26.0219966804497	-25.1891371643267	-19.9912618654474	-22.4790776124928	-20.5006224129624	-21.8992776785422	-20.5503773741858	-18.2900920200698	-21.5382897077405	-19.0722308630505	-17.0063214933017	-16.4151662823058	-15.4854166699046	-16.2141045043226	-15.7515819701358	-14.5079690734273	-16.6737761036550	-16.5582961099981	-9.22034589129837	-10.8536790717029	-11.6688265625224	-10.6580728069663	-10.1833477559728	-13.2843090699048	-12.0541944845336	-8.34370467691487	-5.66282840009046	-5.87232141751674	-6.73973085694882	-7.05201541006273	-6.26010922867108	-5.27813922599816	-4.89329260859616	-4.58608294185511	-0.704749779258035	-2.64502963693455	-3.21788637463445	-1.80509392841241	-0.524346245840376	-1.74013723248834	-1.66251184432869	-3.00416360350022	5.16528438296682	4.05180527768941	4.33038197059193	3.44757668491270	4.01459790420363	2.50757595983080	5.45423477011176	3.16114489889749	10.0020397515328	7.75260419503434	9.09912231770450	8.37911883269997	10.6032936676823	8.86189721223666	10.0727685587633	8.66838868278225	-49.5744275860013	-50.5244727034647	-51.5906766877676	-51.3160591592241	-51.6160028912008	-48.9385338183812	-50.4930938603924	-53.1306684732922	-47.4411219114572	-46.2253388158158	-44.8441157913564	-45.5412344509241	-46.2829843970151	-45.4538741155873	-47.0236383980687	-46.0459764338604	-40.4290972975844	-38.8735077644973	-40.5588377337070	-38.8722837184386	-38.8346591275474	-42.0842255505584	-42.2781135818529	-42.7753386471256	-35.6504130989934	-37.4257611011012	-35.4598823340165	-34.0280493924901	-34.6641357624791	-36.1509777741915	-36.6954800056079	-36.0662159022921	-30.9680624244514	-31.3647004435147	-30.4687522319152	-30.6721289539630	-30.6029422321249	-29.2703454634064	-32.1905505907583	-32.4226958469943	-26.3703471796952	-25.7293120512663	-27.4411864138714	-25.1897217852552	-27.5913993073092	-24.6904059819273	-26.3598216177736	-23.6949003277178	-20.0980487506724	-22.3457374773753	-19.4636502992749	-21.4787968165670	-19.9700840582933	-18.3034164893874	-21.3305935525883	-18.8504876409179	-17.9296369140934	-18.7268785721340	-13.6051401644268	-16.5694460861888	-15.3129782549790	-13.7725528180304	-15.9898794231058	-15.6850131136188	-9.89455835776047	-12.2900848858380	-11.8968157929958	-10.4017920965594	-10.1804866510179	-12.3380804117097	-13.8046974826970	-9.11144648693741	-3.82768777483976	-7.27464494529434	-7.51766352321789	-6.60100869252150	-6.65622195576149	-4.70052040779015	-5.01215726362610	-6.02402321675411	-1.90203291284279	-1.96433233599250	-1.90632783959305	-1.89197483033413	-0.305647792980965	-2.56806409839903	-2.74069573344582	-1.51469477137988	5.41402677918717	2.77137043638358	6.20394934529209	2.77986499922148	4.71137044016907	4.62113919904133	5.58006039586074	3.68283327563276	10.8613973442988	8.28606163619628	10.5539211565961	7.60756651443167	10.0747369582345	10.2753819904718	9.79564768820795	6.89947904719814	-48.9500951841616	-49.7731567418274	-50.2202152515228	-50.5819454087835	-50.6268718166599	-50.7413215698483	-49.5003634312038	-53.3276452159752	-48.0334310267401	-45.8410279210509	-46.3617067198805	-46.5971030018543	-46.1972880164783	-46.5880978637067	-46.1855416277841	-47.0759613629798	-40.0950098079506	-40.3749909333253	-42.1636152394110	-39.7643275685480	-40.9848565458415	-41.2451927117570	-42.3954747773077	-43.0456593492051	-35.5558461280404	-36.6083716275953	-34.2954835412265	-34.4573578685049	-34.6161141493252	-36.0422319754583	-37.6555582177133	-34.3215284350002	-30.3503732972286	-30.6497640288767	-30.7421873760484	-29.8824453353803	-29.2989879343314	-30.5496102134436	-32.8493101103920	-32.0447505635430	-27.1837207884671	-23.9640333122663	-25.1838239604977	-24.3118601215031	-26.5187880024361	-24.3269969810540	-26.1118789838863	-24.2731371997140	-21.3341959173956	-22.7635141036353	-20.6119205188236	-22.2846001196341	-20.3816153431020	-19.2689838720777	-20.8623186759247	-20.0284874085595	-17.6856057215530	-16.9912647636557	-14.8248638206296	-17.0124781206218	-15.1800133974378	-15.7759238502104	-18.0561990877840	-16.0697374333064	-11.4286465095349	-11.3275693462820	-11.6956323366025	-10.5127750977343	-9.03514237274940	-11.5731335829262	-13.4086763257507	-9.34407518677223	-4.14302482685200	-5.87181641582598	-8.44423855590019	-6.95943991559251	-5.49530528614153	-5.72637749260782	-5.91795929978758	-5.70045367084981	-1.20863448782189	-0.874647011954119	-2.49011639633462	-0.905774847939425	-0.331416962926690	-2.28486619002423	-1.36079208828016	-2.19405197281004	3.60716190270805	4.76908626379012	5.76286250821377	2.49072877457343	3.98492820043112	4.49013705622309	5.67236297939892	3.47905680625118	8.99403992179553	9.12857389045256	11.0834280220450	9.02821212166143	9.26683514165644	9.02102460224575	9.01448256425308	7.67378980713622	-50.6532547295310	-50.7750538108189	-51.6404227027393	-50.7367082797680	-50.6467740806227	-50.4803329757308	-49.9197045076770	-52.3242964737711	-46.6620270722096	-47.4603320310651	-44.3444677092750	-46.0356965724658	-47.7684258995064	-46.5631150349473	-46.4517946597612	-47.2892925915333	-38.6611964656815	-40.4921428058092	-41.6130679400395	-38.9414278373531	-40.7100169609070	-42.5294044636642	-42.8173602930327	-41.4540665412738	-33.9375667471151	-35.2456617347444	-33.8886570058023	-34.3868308102236	-35.4291074361263	-35.8312002856771	-36.9096215910642	-35.6191242588273	-30.9560043329475	-30.6440786694489	-30.3044457911647	-30.2637690235892	-29.2893209612567	-29.2505229208894	-32.7771062908195	-31.4623338865058	-26.7581247920064	-25.4098254469821	-26.5620142408947	-24.1809956556502	-27.3258796136813	-24.3243025419755	-25.6011286567434	-23.7010938940958	-21.3850584415708	-21.8269250017748	-20.3069703971977	-22.4038172394335	-19.9121048692659	-19.5303870259201	-20.3722039196320	-19.7868959485815	-17.0971005254331	-16.7561222937418	-14.8278415069706	-16.6992002438394	-15.1394197129038	-15.2453772606723	-16.1215620336421	-17.3387030110732	-9.23054777750608	-10.3087468890598	-11.1596251354482	-11.8735340278124	-10.0350156685139	-12.4974358435467	-12.6504366406332	-10.7187389535311	-5.45178053347498	-7.59902202304788	-6.71587022221458	-7.57635421929838	-4.41466954647933	-3.48413860137653	-5.35610133655166	-5.28846530820172	-1.45313630326523	-2.75497248689706	-2.88956505334869	-0.461444672303478	-0.872130810604067	-1.61269778712694	-1.75344704084203	-2.32960775197122	5.06800338572935	3.93719988816327	5.53214159686658	2.50116024943666	4.67699737281954	2.30558918531080	3.59409758183273	2.56268413904706	10.3362179704737	8.83849921153572	10.2461944105418	7.59355343062250	8.52838736852027	8.82907662553544	11.1624756043331	8.52144078276284	-48.8962038811832	-50.0245159843318	-51.0488116288200	-50.0129420137940	-51.9527172436695	-50.8863606761964	-50.9538092101135	-52.3064690341477	-48.1120758047770	-46.7455238929915	-44.5338673833388	-45.1419472685198	-46.7405016718457	-46.5269524151464	-45.8151157073312	-45.5659878187403	-41.0221483460755	-38.6163918471431	-40.4088043548591	-39.7632424464021	-38.7776981660333	-42.5771471132147	-41.4727542946716	-42.2225920299704	-33.4656016580437	-36.2180092377817	-34.0965926804403	-35.2197556391570	-36.1525657121766	-37.5982767701850	-38.7913298894529	-34.4158026259468	-31.6312191330795	-31.4064399836208	-29.5533935438431	-30.6104135182170	-29.5536636076977	-30.4327855986907	-31.3868093655289	-32.9002883054733	-26.3994425736722	-25.0592013125054	-25.7620522555760	-24.5013832056269	-25.9768170214500	-26.1840006681855	-26.4052646153999	-25.5635832167228	-19.8367711856722	-21.6069357055899	-20.7692875523546	-22.8042740189635	-18.9255606710201	-19.9698088451899	-22.4760509013820	-18.8965793826934	-16.5254972900585	-16.7726553722202	-15.5288560215202	-17.1509639331365	-16.4391026694047	-14.0129932529771	-18.1867796903152	-15.4426869629604	-9.94479548885430	-11.4269390628028	-10.8498338634329	-11.7141696006360	-11.4239563249052	-13.5379393851357	-11.7828692824456	-9.24563147559252	-3.89746501517147	-7.71728361555662	-6.60403840218978	-7.38086143393600	-6.25894858685413	-4.99580334754005	-6.87800030219229	-6.48961415994093	-2.15637635707785	-0.817707671544935	-3.76714207705380	-2.16214533830668	0.160498066034020	-2.77936075646403	-1.89279053861204	-3.52290678965365	3.04090144040679	4.53791863490053	6.14484067808027	3.70280550164497	5.22003339493164	4.34229061503680	5.22997264960345	3.61904280907804	8.99730232405579	8.00878191407711	10.0362533838495	9.22488271178632	10.6512887381079	8.20293754805330	10.3233598288833	8.36714891785581


seedPosY:   -398.059272678806	-386.573485783282	-376.849684873145	-365.164330560180	-355.830155822664	-346.561379029174	-335.815077585865	-326.055317128691	-389.291028521024	-379.821491503780	-370.073369416514	-359.149310587808	-350.309977442519	-338.670147204959	-331.633400815765	-320.106205207692	-396.169856036714	-386.145614246299	-376.242452962853	-364.493871365853	-356.372047893340	-346.619677591516	-335.347438227917	-323.998247908509	-391.506799054231	-381.199750488826	-371.187854570189	-359.752787044419	-351.175319507951	-341.735899365913	-332.177250675454	-319.252700450350	-394.845297484590	-384.281409108632	-375.898090776952	-366.495881143765	-355.088193607765	-347.702650088437	-333.585553360461	-328.032893218941	-389.584772411943	-382.765935299565	-371.857211330185	-359.112144655947	-351.967095601251	-341.000028723010	-331.427017738991	-321.618723396133	-398.466475866171	-387.726524542778	-375.785988724077	-366.790876362220	-356.534398103993	-344.071828594065	-335.998110942743	-326.774838856868	-392.288980796480	-380.662714985946	-373.806043549839	-361.867415554467	-351.554979485228	-342.372355247835	-329.149989298036	-323.283856173973	-394.209682737350	-387.538280495686	-375.044482436420	-366.214235333869	-356.192715565992	-346.188959132494	-337.393427288199	-328.291539926347	-390.520363286321	-381.870972959232	-371.382850128857	-361.371930740055	-349.923926760423	-340.595827487238	-330.895776057485	-322.051830771893	-396.459115416039	-385.035123367129	-378.372532847273	-364.925131373704	-356.670138053240	-345.849980707612	-336.579409816640	-325.795979418272	-390.889316236776	-382.990936656800	-371.703083533842	-359.587915264523	-350.516611161152	-343.292267646267	-330.805376781797	-321.357100208741	-398.577509913694	-388.383740796357	-376.829274750955	-366.547152060163	-356.562997783236	-345.072296460692	-334.282669427258	-327.325453862737	-396.115362813813	-385.654762154347	-376.808323500152	-364.352725542787	-356.155512264620	-346.881242858789	-337.765241119952	-325.448060813097	-389.019414984131	-380.399641630871	-371.489960327756	-359.103741521952	-349.711422808325	-339.547781206913	-331.316981493366	-319.950171715373	-396.160576401178	-386.587016780276	-375.293433490225	-364.115382148014	-354.820946286465	-346.384150114416	-335.013914370668	-325.622500065910	-391.628395194486	-381.712709041202	-370.707651100129	-360.082826754989	-350.380208033766	-341.905958199850	-332.603397601830	-320.192382039865	-395.478417677631	-383.837216074621	-377.784488590394	-368.035485181087	-355.849410006828	-347.115320953083	-334.386338801993	-327.015167055156	-389.471660041517	-380.744414886997	-370.722118525253	-360.907806029090	-351.814434789285	-339.997732738850	-330.472586111706	-322.390705704385	-396.598089440092	-386.912750358396	-376.205242758927	-366.680704060306	-356.467970737980	-343.736466003228	-336.238550938410	-326.064956518214	-392.275524960543	-379.627757539795	-372.376883068333	-362.243891836754	-351.937866988628	-341.170650017622	-329.105272789223	-323.190455275524	-393.802513933918	-388.488447263867	-374.876193845981	-368.168705105687	-357.948844934374	-346.424797156694	-337.512058951760	-327.995478031530	-388.857850703209	-381.747984241822	-369.584724360593	-362.316871188686	-350.872627543756	-341.136786391842	-331.958273181753	-322.678652649971	-397.398925858351	-384.877775515417	-378.746180432898	-364.038805156953	-355.530477233554	-345.622647865475	-335.630585802365	-326.350008139393	-390.997623801771	-381.431043772744	-371.824431601830	-359.625494184369	-350.829718399878	-342.784573616681	-331.223665692027	-322.351668263145	-396.324707555708	-387.122017010968	-377.098348207600	-367.314565596273	-356.344641971090	-346.575668583821	-335.110756831298	-326.099155194952	-396.403427439798	-385.759724229865	-374.778940629696	-366.001021509520	-355.159855328770	-345.542736361319	-336.078968775036	-326.489012033700	-389.550215177520	-380.861614691307	-369.900719811676	-360.852363737474	-349.725692893500	-338.473180342348	-331.545679397143	-320.377828137011	-394.892161126218	-385.504531263749	-375.607701863011	-365.167091453716	-355.373495772007	-347.294201464642	-333.427694667527	-325.458315675958	-391.325384205179	-381.732858231252	-369.410601972675	-361.435876587544	-351.239582063149	-342.295378654349	-331.760905177574	-320.562141477455	-395.217914325566	-385.592327282406	-377.838770014636	-368.703203378868	-355.928159568169	-348.753440176704	-334.434027779060	-327.900988963099	-391.316106224625	-380.605742355683	-372.871070229761	-358.698149285056	-351.002204889817	-340.356661917277	-330.868652257876	-322.247905179864	-397.945128716381	-386.965822203755	-376.200944670194	-367.388034105989	-357.752013189293	-345.698091618748	-335.774839994770	-327.937703868124	-392.045143887836	-379.495587056800	-372.838968670013	-363.467212820529	-353.172536116368	-342.013530771084	-328.824780748286	-322.517868749915	-395.667358679906	-387.386478157999	-374.271459964332	-367.638551288316	-355.878985692813	-346.075493086907	-339.079069932513	-326.831399304681	-389.143020879533	-382.572243401007	-370.483052109333	-362.146941024989	-350.810567073349	-341.667407980087	-332.332453673239	-322.740595058146	-396.841371733821	-385.948957758652	-376.867096035696	-364.741379574564	-355.016847324058	-345.227919983684	-336.842658061328	-327.094671869816	-391.819755624720	-381.189931413668	-371.637341046314	-361.659695964477	-350.278023351928	-342.937149237787	-330.649846276798	-321.600478508266	-398.678216261362	-387.985471687653	-376.759205633495	-366.217572741905	-357.036992296014	-345.247454424423	-335.914414362258	-327.909676652448	-397.841189125354	-385.358101925581	-376.007811128007	-363.843693204208	-354.565789642349	-345.799399019873	-337.643311525137	-327.499576802200	-388.937213083635	-381.404258667806	-371.325857240631	-361.293492574691	-350.794820786870	-339.982640146944	-329.545119438666	-321.053214468477	-395.168843355322	-386.080009477545	-374.043445624152	-364.052937769965	-356.216187090620	-345.874284377958	-334.677710366821	-325.836288479093	-389.580796593321	-382.960257728197	-370.548487305733	-360.130228953246	-349.111140188831	-343.467874037668	-331.933829434101	-319.352462325587	-395.768571761245	-384.929652243742	-377.471266707780	-366.434815040738	-355.886958256647	-348.774943821549	-334.781475307692	-328.718821936105	-391.820504022435	-381.867377279376	-371.602572117795	-359.705373710294	-350.650848792893	-342.411529848091	-331.709155479503	-321.662568945752	-397.088350425681	-386.281030095261	-376.540006177467	-366.468170135566	-356.651041438080	-344.635010138722	-337.771386791719	-327.071431847279	-392.473842152804	-380.114005176815	-373.163531684046	-363.195174681135	-352.610062069601	-340.646938824495	-330.130096918263	-322.076374259320	-394.578990448587	-387.847179971154	-374.267589771453	-366.340638305367	-357.142588974229	-346.427441368244	-338.478069514330	-327.794013388559	-388.975825081430	-382.994286325688	-371.659380981907	-361.698278001548	-349.854389793141	-339.883781226015	-330.845184818873	-322.187461077240	-397.871982709190	-385.810064919586	-377.699338242024	-364.473106028768	-356.326234362339	-345.951071690493	-335.421296171790	-327.424627374123	-392.380297606073	-381.318336121044	-371.943685896861	-361.588085414045	-351.114598249274	-342.095992012620	-330.398892798411	-322.696128928365	-396.688015530004	-386.212253141074	-376.138274432711	-366.228987504516	-357.563434663809	-346.173612861808	-336.257732377526	-326.987556224191	-396.536768974523	-385.871732877624	-376.356825155511	-364.922234871882	-356.061971172820	-347.002910726102	-336.765065624757	-326.684469749452	-390.272840036300	-382.201924667848	-372.029177618226	-361.357540754526	-349.425845349937	-338.519828269166	-329.803279636389	-321.024539779475	-396.402820032002	-387.040083886322	-375.990788535442	-365.776058637090	-353.988793534878	-347.217367682124	-335.294200714543	-324.560485712036	-391.711764618701	-381.915996760974	-370.902619038727	-361.011858639998	-349.231498880178	-342.541449383262	-332.438692285258	-319.659557875676	-395.812866061476	-384.224969983275	-376.865126497139	-368.321075488887	-354.921414137764	-347.994887612952	-336.048807069690	-326.500654755337	-391.208767823128	-380.490442045956	-371.467413890945	-359.558012126493	-351.554331594108	-341.211908308313	-330.563066289077	-322.024918360223	-396.848112840581	-387.442265494924	-376.624505388476	-366.236762788990	-357.645056853899	-345.322238047965	-336.800037317538	-327.770552677027	-392.303292735026	-380.877791739633	-372.042350722315	-363.860367716026	-352.972593987676	-342.509138111289	-329.701913254348	-323.131524701056	-394.658750753748	-386.360480543189	-375.534428186516	-367.148091796095	-355.932567229544	-346.848441043979	-339.022516590317	-327.491276351535	-389.516224871327	-383.286020391225	-369.758599509495	-362.494540514812	-348.701388292311	-340.067676591559	-330.832940061055	-321.556796560124	-396.791569096318	-384.467726079383	-377.290123865957	-363.966848752391	-356.599491791694	-345.251307053777	-337.180465574554	-327.541974792825	-390.852203198255	-381.403440443086	-372.190641524788	-361.453982112042	-349.433542076313	-341.628727107602	-331.670406003039	-321.109188783388	-396.490299621447	-386.753208825521	-375.968101955003	-367.186188151675	-355.485357035891	-344.580465518962	-335.658742983787	-327.821296217913	-397.703294946394	-384.911887697896	-376.469856688152	-364.045207314413	-354.567810336035	-346.059950112560	-337.846802775814	-325.559902905247	-389.031738980733	-381.443556831925	-369.789594071636	-359.069078207646	-349.560187208592	-338.609974241323	-329.664258132563	-319.834742965094	-394.019990036825	-385.499861611254	-373.960191207368	-363.615885413277	-355.323620194355	-346.608632818628	-335.783768201542	-324.805150482036	-391.623959480217	-383.580356770241	-370.048703564673	-361.496907221398	-350.149329277460	-341.986377010275	-332.647418866881	-318.923892664310	-394.088392942379	-383.507008614674	-377.438778327219	-366.972620056181	-355.263544604116	-346.634844202840	-335.529429868556	-328.388478144645	-390.633267751756	-380.870574006135	-372.932787204704	-359.245151517976	-350.884061185074	-340.781125630493	-330.926352658680	-323.100825690591	-398.589777684381	-385.489745928904	-375.895086116489	-368.311702928643	-356.449856683188	-344.690427755720	-337.428157533767	-326.487205169523	-390.969937304943	-381.275632307969	-371.845510230286	-363.738351581051	-353.069451566406	-342.321588365997	-329.040898534288	-321.365277841970	-394.492654133702	-386.439314298799	-376.074408757191	-368.213490688913	-355.891342170031	-346.099260399553	-337.479165328116	-327.277187457084	-389.939465456559	-383.329434206675	-370.632384342145	-362.737816808329	-348.512805913021	-339.972653235154	-331.640001001252	-320.795843613084	-397.843625693884	-385.683956344793	-377.678934060268	-363.431911776207	-356.138890619377	-344.390048558601	-336.804763937738	-325.570757463398	-392.236517925508	-382.074814785850	-372.571654553947	-361.124849225699	-349.156496850709	-342.230607248260	-330.892626658678	-321.950720914246	-397.320938379418	-387.612341017040	-376.000034097254	-366.195913429324	-355.633418637066	-344.930262186559	-336.254366932540	-327.153153279930


seedPosZ:   56.4673034457023	55.7878435411759	56.9171026243208	58.0532560572547	60.5862746078817	57.8794492948804	58.5763700685096	58.9723318025403	58.3409281801569	57.8851100337444	59.8492401907795	61.4083307463468	61.7546609993122	59.8506271605227	59.3465613689675	60.4537016077529	55.6481464293163	60.8314936194370	60.4652462248813	59.4968973820246	60.9256486211194	62.0654380553822	55.8146523590219	58.8324934447567	58.9488834359364	61.5303154685978	56.2704260642760	60.4340571449071	56.2227907846200	59.6240393317176	57.4602004356511	59.0621893116025	57.6653291575074	58.8571236733599	57.8236764185497	60.0217230907598	58.8535056233467	57.0615115651951	61.6358748296426	55.9413788103764	59.6254214657799	58.9423099620492	58.3335251542801	61.0762516890272	60.9741898497257	57.1840155932404	59.8978407106277	61.4294260873736	58.5550155409501	56.0085437448374	58.9153313247562	56.1271945995822	58.8125151701771	60.8280348652293	55.9587700169999	56.4849439939659	60.5766606093806	59.4422093061871	56.1615484829681	60.0583311239499	58.7172998621586	59.5588978675622	59.7657643437446	61.5219845296875	58.6158865055438	59.5002436859634	57.1665335972587	60.2370269247774	58.4189687054022	57.4623692563561	61.4794196264896	62.3942073998608	55.3157019774900	62.0216492176522	59.2388946950839	57.5504794915614	60.6443438777435	56.9089164062341	56.6187251869540	57.3595937464716	59.9238653082630	55.4669740197421	59.6309336874917	58.5890066083511	56.6687951780942	59.6340679338282	60.3865173709847	58.6669935071531	55.4680929112378	59.4890937243893	60.2671810597213	55.4000045346961	60.7120081923186	60.4835646339732	56.2397902242437	59.9991377846210	61.5884171153727	55.6028956065397	56.9804085743223	58.8752526161391	56.2128221994258	59.2097045257115	58.0962878672509	61.9124261002755	67.4153414023061	69.3865002290595	69.7848351431835	68.0449950723665	67.0188946538571	70.0854787751666	69.9557684939607	66.4694819312627	69.3237345751182	69.5254801038733	69.4685463212744	71.3565885990060	69.2829889996449	69.0575610457127	65.6217449092529	67.4258949517063	67.7634898241900	69.6012759762312	69.1451450537193	68.4133349319739	71.1622878803956	70.8990836190460	69.7146323304203	68.2242166592406	70.1942731137232	68.1316200420626	67.7656493082521	68.8053598879457	68.3346950379025	65.4936482687112	70.5833812848710	69.4190236720775	70.4559105139396	71.1130698561256	65.9878494482246	68.8613556483194	68.6600216139045	66.3605655978265	71.5599358054882	70.4560274189092	67.9546478224625	67.5192051230544	68.6801519595122	68.8489257114973	69.9331369975743	67.2172080366182	67.7473598049123	68.2038368122724	67.8049734590410	67.1178860408081	72.2839168014337	64.8865559323801	67.0593382172585	71.7695541768247	69.6661080348260	65.3257862142617	69.4981695104990	70.4954564010230	65.5828297705116	70.0445115081740	66.7930851866052	66.7895458437200	68.4683124410132	71.2634862536337	69.9687749013552	68.7120894889023	67.7115779769585	69.7075466489429	66.1251265301272	68.7880658612019	68.1655591448460	72.1699452698320	67.6297921859763	71.9318497157685	69.7732924866661	67.9409139146898	70.9088072836964	69.5203693311399	69.8669564776273	70.4710399774557	68.4737678611066	66.6696812401484	70.3380535679999	71.9620882728849	69.7850337680976	70.0611983441561	69.9347045719448	69.5261818313674	65.6907708342756	68.5272466728010	70.3666291043191	67.2227584095207	71.5076113263098	68.8718650732233	66.2905800661935	69.0207475355408	70.7808414265576	68.3335075643888	67.2431502854572	66.3256665267215	67.6732063658848	66.3904938051770	71.4489451918987	68.8057072761845	77.4803832550027	79.7151744771494	75.9198475094965	79.4855179707996	79.2434712297195	80.9620450938870	80.5761123260318	79.2019594231714	79.9063697376693	77.2824049442716	79.0710302679554	81.9463937390583	77.1709900595956	75.5035392052835	80.0857039032866	77.7246813026252	78.3163678343845	79.8030637260394	78.8500868603245	78.8057767499821	81.9667194038875	81.5903457291801	75.9951929872492	78.1318614840499	79.4796092770454	79.7391716628038	77.6782364899241	77.9749038970055	79.0706733862924	74.8225988507410	79.3822540796769	80.1244207635110	80.6199683699506	78.0973028805201	77.8360673958781	80.1327504469386	81.2883366755395	80.1815022116492	78.1233870305830	78.2938636432774	75.4540531629275	77.7366090752768	80.4468930294081	79.6230543828939	78.4824510899691	77.2324898723930	79.4181501768275	81.6079740287030	76.6310606038835	80.6234259141574	80.6781394729556	78.8294334011499	80.9334151398429	82.2414365876107	77.6267042040403	77.2792431503312	80.9731068784378	78.5283520098367	75.3424701318960	78.4739987701151	75.3747346865624	78.4920671656306	75.6598103255202	80.0834315664537	80.6107855858615	77.6978828387125	79.4849360690085	77.3960134272090	78.5610553579427	80.0168000052396	80.8573354071466	80.9491244315464	75.0696883695405	81.0670351908585	79.4536726539635	76.0174799175539	81.0838538704055	77.1975202606628	78.6471471634061	77.2804329902876	78.8287823948903	78.0238310508278	79.9865642691392	81.6053907134948	79.6898795835014	78.2382014562720	80.0388627986036	77.5850743768530	77.0351991710981	76.7617896941697	79.0958539679158	75.5476964296964	78.7869147849498	76.6906495046123	79.9662213188025	79.3174022693249	77.3502704519450	76.0937843786488	77.0235544989500	78.6581808725444	76.6082124925932	76.2567216877515	77.8602690384639	81.1434001807718	87.2434701102100	88.1992021446236	85.8707688451873	88.1909946855623	89.8993472721884	88.1869119618241	87.8445830148272	86.5267619286515	86.7773427401198	90.8617207524309	87.5955137628365	91.7280124264757	88.4408404772072	88.3405270119712	88.9659842581010	91.3670243986244	86.2594608254608	89.5998517643884	87.6112834639205	89.6849873349157	90.4536213188541	90.4734416923692	88.0217791862539	89.4847145812771	88.9440403829889	90.5455017811305	88.8999646641704	88.5567098755514	88.5215944615222	88.9997251129627	87.3868068016056	89.4574867268944	88.1967782992265	87.7635934721140	89.7580867543828	92.0490475385914	88.3956822302389	86.0416755631885	87.8585330304155	89.5717412380766	87.2485439764300	87.6179549129770	86.7298402562859	89.7473971841385	91.9006493983133	90.8264605677066	87.1649949082149	89.2998888311009	87.1536948994815	86.3978328689904	90.1613718807597	86.2069816956766	91.0350173288968	89.4692032425617	87.7913462443149	86.6285184346938	88.5269741881462	89.8498595983753	87.4475753381080	88.6494393340325	87.9454077127200	88.0127287454402	89.1345344666071	88.2569813153313	88.1927398032675	86.3754701831664	90.1971082278156	91.5363166071409	89.1531895262628	88.4401774254618	90.2334852722617	90.7103827070236	88.3034178758604	91.2507977341409	88.1560704379900	89.4469768496723	89.2427703941809	87.1630413415283	85.4456766473010	85.8023210478637	87.3651282417858	88.9883024942440	88.1173986188046	87.8991878125678	87.6272293157372	86.0954425116512	90.7638452985312	87.0695151177465	85.4874169005879	90.6470134948997	92.7645640284393	86.3045343036111	92.0106180656143	90.7753198855130	88.6372401582452	87.9726054672435	90.2039884813497	86.6956274800610	87.6205580845496	86.7537304017659	87.5178598195889	88.3962536617873	89.1356909259528	88.0058592207595	97.9356567665338	96.8703269363128	98.2466768332481	99.2027895734730	99.1008241579308	100.833309630280	96.2235082206994	97.6811093353313	98.5705897642352	100.142035682858	98.3072249564018	100.844689638071	100.461249077821	95.4285205528010	98.6293239829944	98.5116684552383	99.7744382578864	100.548683837346	99.5875889938036	99.1547413819785	97.4896315534810	98.1338411134843	97.5179902104566	98.6625259617941	96.7452112768435	99.8093331952296	100.069693050001	100.688939101179	97.6925643388224	96.2633121088183	98.8201225987011	97.1922762965033	96.0287323547536	99.3037615184804	99.4375871712217	100.782864710780	100.129396124738	97.7170142466922	97.5382403227776	98.4675156256642	96.6901923762056	96.2975446017063	98.5702224824691	98.9356560161880	101.116172370129	100.152755388761	96.3797631629460	98.8494669987031	96.9024446319030	98.3550427987440	100.280655262822	99.2088565261748	100.045571555198	100.457129616051	98.2014189629437	96.1651649551148	102.209994471872	101.081108507473	98.4870213113019	98.2668635097013	98.8077750336174	98.3319887672126	99.2337698933325	100.722547306315	98.4003464392654	94.9716836764135	99.2817964847525	100.087222781692	99.2362912228545	98.7770830179547	98.3530746758578	101.355724734884	99.0620530472521	102.039254056331	96.6748025839110	100.635959180105	101.488218043221	98.0017429594200	98.0758110589259	99.0644507031776	97.5069301776024	98.7021276573963	100.655589802941	101.541597331165	101.048764406405	96.6111762520252	97.3034087129603	96.7781620939748	95.3748647896376	98.5002716202371	98.3253099173808	99.4700964308182	100.305272270209	97.0993702432120	98.3561950281346	96.1481806326694	100.695503740756	96.7039928207660	96.4808653538284	96.9179521022798	96.5294250419710	98.0939908208811	99.3324344567472	99.6793731715493	109.325952530887	107.318893947746	107.724210321801	108.593377119212	110.068047866024	110.873548642557	108.074879039031	108.366453908090	109.441465870332	108.191833391774	110.604843068004	108.922580301935	108.359219513784	106.408584830269	107.176053372797	108.040247337807	107.241548141706	111.263402582389	108.626191748886	107.669874963363	107.651486420217	108.464146665033	109.560569261939	112.119414400757	107.842761276770	109.794614039220	107.585542464633	112.310762543907	108.547224159139	107.242984390158	110.291696042024	108.042072775875	106.059349835325	109.877578903338	108.413039065751	111.936775090284	107.232760821243	110.600175261882	111.449035691145	109.336238412558	109.058018871945	105.659562361847	107.537814742955	111.901746543283	108.550888287908	110.606275090275	107.531186368013	107.688507756949	108.592100863114	109.518603201519	110.909854333484	107.958479798091	110.424383013290	109.787122420979	107.235512371491	109.645284089786	110.186959041025	111.923331565018	108.594782530115	109.771921042240	109.529835081033	105.183558424666	106.123206780048	110.706024837648	106.203306750806	107.927037269419	109.365553727308	109.045440848678	107.358161623112	109.383683444663	111.693103088609	108.479822277898	107.318523731356	107.865713457239	106.781865900989	107.665511871220	108.292617962672	111.040468363841	108.689144603565	108.541240783569	106.373111754335	107.914524739950	109.085974651094	108.582997965983	106.846713704657	108.079902826593	107.861878857826	105.236595133815	105.222009665069	106.308020259712	110.351810795963	107.622413025724	112.100560628905	107.841997186130	105.532806030253	108.385064245922	109.833794347339	106.987561442939	107.374991518389	109.117387403658	105.154245599391	105.166747259251	111.409000215556	108.415201978309


objFunctionValue:   649.628620678877



