Dataset 19


dvh_array = np.array([
    [ 7.87, 2.94, 20.32,  3.16, 12.89, 12.35,  3.48,  3.36, 0.00, 0.00, 0.00, 0.0482, 24.96],  # Rectum
    [ 4.54, 0.48,  5.29,  3.84,  5.26,  5.24,  3.90,  3.87, 0.00, 0.00, 0.00, 0.0000,  0.00],  # Penile bulb
    [ 5.39, 3.84, 62.24,  1.90, 16.42, 12.89,  2.38,  2.21, 0.03, 0.03, 0.03, 0.0000,  0.00],  # Lymph Nodes
    [ 1.18, 0.80,  4.26,  0.26,  3.43,  2.93,  0.40,  0.35, 0.00, 0.00, 0.00, 0.0000,  0.00],  # Rt femoral head
    [13.69, 1.24, 18.49,  7.48, 15.73, 15.06, 11.31,  9.42, 0.00, 0.00, 0.00, 0.0482, 24.96],  # prostate bed
    [12.28, 2.12, 25.14,  5.29, 15.50, 14.78,  7.91,  6.73, 0.00, 0.00, 0.00, 0.0000,  0.00],  # PTV_68
    [ 5.78, 8.42,419.37,  1.46, 17.91, 13.97,  1.97,  1.82, 0.21, 0.19, 0.17, 0.0000,  0.00],  # PTV_56
    [ 5.65, 3.93, 30.88,  0.99, 14.25, 13.57,  1.47,  1.25, 0.00, 0.00, 0.00, 0.0000,  0.00],  # Bladder
    [ 1.17, 2.79,419.37,  0.00,  9.64,  4.88,  0.00,  0.00, 0.03, 0.02, 0.01, 0.0000,  0.00],  # BODY
    [ 0.88, 0.57,  3.05,  0.08,  2.46,  2.14,  0.25,  0.19, 0.00, 0.00, 0.00, 0.0000,  0.00],  # Lt femoral head
])



templateX:  -52.6384503168854	-52.7077954108740	-49.8654669863982	-49.7915929742371	-49.4649917154081	-49.7561201858831	-52.4525193709074	-52.3571118076260	-45.0527307174179	-46.0795455834235	-45.1270970952289	-45.7704467982474	-45.2148206510234	-44.6053657018092	-45.5757476993635	-45.3229825315194	-42.0207122373566	-42.5620503208894	-40.1868953710931	-40.4253668226044	-40.4430002448965	-42.1039651425161	-39.6853369683794	-41.2620001353777	-35.9240251886831	-35.6710167115537	-35.4938687737107	-37.6480221481380	-34.4699650569097	-37.6837903329221	-36.9143607381180	-36.2881652490099	-30.0372918884482	-32.2845231882153	-32.8086118438133	-29.6001199001861	-31.5408880758581	-32.4374227795386	-30.0112529886832	-29.8968931807603	-25.2100382931194	-24.7870694912611	-25.4582606368218	-25.6203753039380	-26.3711188923201	-26.1620724892937	-26.2446571530367	-25.8585611543467	-20.3749725552015	-21.0670468473781	-21.8424946293078	-21.4909796352785	-21.7135097959267	-21.9633902837361	-21.3639040433674	-22.5381074067160	-17.3935069685878	-14.8880840779299	-15.9232531108048	-17.5478977467210	-15.6923163700089	-16.2144548938394	-14.9072739485725	-14.6751925326174	-11.7602711601570	-9.56580708419607	-10.3328224491574	-12.5851299173144	-11.6280472054123	-11.4133212178178	-9.44965008814353	-10.1693081485673	-5.95596686270198	-5.68521224930473	-7.58285373458296	-5.55169584671232	-7.79210821118065	-5.94724712855896	-4.43196889273820	-6.97108276669552	-1.74940360854988	0.594651497641908	-0.583482809561713	-2.13209825478748	-0.910127770094805	-1.66808799003708	-2.74683242933258	0.259860552868904	2.97104628349029	2.22091027389334	2.58061902502796	2.97570370572023	3.43097200435202	5.38296572678969	2.22165239666254	3.42373429371161	7.72404325556972	7.22211597576785	10.1648218324140	10.4987173743261	9.13301023171475	8.39299195326848	10.2966493855791	9.33166591475112


templateY:  -396.229395663998	-384.760189268541	-377.247736224947	-365.074286675327	-354.682421791652	-345.107118991926	-335.031591312110	-325.742057282775	-389.724284373325	-382.779185329347	-372.065135275189	-359.569854856749	-350.635213237065	-341.092229083114	-330.699497492122	-321.135344028585	-395.735733738912	-387.486996602242	-377.047725886638	-367.814327025770	-354.981591269029	-346.151274196667	-336.081479926741	-327.083686089953	-392.237049882297	-379.648639891550	-369.566889104980	-360.929505212500	-350.689485012660	-340.685494674516	-331.852327437008	-319.721647919488	-397.805204853928	-387.286387748592	-375.975944785484	-367.506844964234	-357.738604969362	-346.746173629749	-334.652322496808	-325.408799411354	-390.639626256295	-382.573080650670	-372.068998353624	-361.751182975493	-351.442568793863	-342.502477090437	-330.368809985747	-319.956305566070	-395.402458144877	-385.269035238416	-375.297627648851	-367.832127246418	-355.832664656434	-345.440301635210	-337.854391657757	-326.050293474029	-389.944825059089	-382.673718549875	-371.539968434302	-361.056065366962	-349.977712477429	-339.634323923284	-330.988085651156	-321.232757869433	-396.084155014928	-384.579682020868	-377.638633075408	-367.307048478735	-355.167216576594	-345.350716155361	-335.375563130715	-325.476924826214	-391.605342802988	-382.756599259877	-369.732110340017	-362.871469899008	-349.661098646380	-341.670954034012	-332.082722621760	-321.596469366088	-395.844317807115	-386.326119909247	-375.864084766212	-365.971758895982	-355.668965396752	-344.763112031738	-335.979508032066	-324.458026980450	-391.502082489559	-381.720227612957	-371.115924839482	-360.176091101482	-350.820026784084	-340.464812002972	-332.404539815559	-319.427093456172	-394.938710018737	-387.754414820662	-377.623999494389	-367.580691190425	-356.753248878745	-347.309373186201	-337.690301269322	-324.439550479464


templateZ:  59.5559206133409	59.6089035720587	57.9424934126628	59.8702099779646	59.9159118082111	57.7127345441590	58.4571159806904	58.4274358325300	59.9132287881866	58.3824709793377	59.0672420959676	58.5492937175171	60.5094862114220	59.5635239635672	59.7632541916920	57.6227363556524	60.0254322357576	58.2216552995444	59.0138777725256	57.3489514549257	58.0583726161493	58.3663771740606	57.3092189159414	58.6737001033880	59.0881833992501	60.5168973234365	57.4371373789109	57.1815398316222	57.9303111189238	57.3456984120347	58.8855590964077	57.9394315706633	60.5686780804195	59.2409119276149	58.7964804640121	59.9199034031450	58.4124644383121	59.4018928977751	57.3751666804331	57.5587584681735	57.7427896468105	58.1704768233114	60.0001694182061	59.5283099592941	60.4356784738826	59.6809457180867	57.2629562064780	60.4288563816930	60.4253902685599	57.4370152882142	57.6005969983321	58.4012167904970	57.5899430764957	58.8788172568269	59.6277227431511	59.3074871436250	57.5001118041766	58.4036383494667	57.4660406221818	59.9701342569775	60.6180449639100	59.3563754010196	58.1889341679996	60.1105817654354	60.3995490482943	57.3525012167141	59.6749684046789	59.9334023669140	57.3967617037979	58.7593880429688	59.5281903932664	57.4162303081500	60.4259054594033	57.5469051675532	59.5870278849459	59.9490419424603	58.9446878535927	59.0802277853569	60.3465219661338	60.4935794721981	57.3168982349296	58.1498720117820	60.5667006838118	58.1364154709372	57.3920746977449	58.3788873074774	58.2739230132519	59.3241664651741	58.5688147618417	59.1455393900509	58.7924867732619	59.5818501108789	60.3506363284388	58.1894797918126	58.9986060631599	59.4831793450781	59.9738156845510	59.6107627198945	59.8331244755163	60.1286738528347	58.0864419000317	57.7587083946297	58.3437225207412	60.3597571827459


seedPosX:   -52.9380469968122	-52.9221471997039	-49.3044152841202	-49.8680990281941	-48.6141744251826	-50.0741002490532	-53.2192021758853	-51.7455600171991	-44.5824091594608	-45.9933010734761	-43.9334153492392	-46.3109966796740	-45.2867064060375	-45.1302744837381	-45.0718705311603	-45.8469149001525	-42.7110834663276	-43.3068989554072	-39.3564156938875	-39.7937168852652	-40.5926408249998	-42.8441523582507	-39.5406471913438	-40.6236287797645	-35.6322212464216	-34.4538399052313	-36.1673615271974	-38.2795428056772	-35.2910567723944	-38.0280797133019	-35.7455038446394	-37.4155406230831	-30.1833873737653	-33.1435967615515	-32.6759398399124	-30.2534661145248	-31.6641053830611	-32.9849839541964	-29.4679051492625	-29.1330501858609	-24.3143771120383	-24.0819104030554	-25.3380804859435	-24.7172638163100	-26.7080264017257	-25.7130278993355	-25.1969284499710	-25.9365440235772	-20.4236630600828	-21.8971745905890	-21.7890570207551	-21.0127310252457	-22.0796571480636	-21.5450306610766	-20.2558077153695	-22.4295831288823	-17.9159767186678	-14.6124759076544	-16.2969302341087	-18.4417832788380	-15.5588538760428	-15.7663748600926	-14.5193750109465	-15.7523311665822	-11.7504385412928	-10.6343921396039	-10.8609596610961	-12.7481175136597	-12.3497543991065	-11.0167868235784	-9.47172397549756	-9.21466051251436	-5.58379659930375	-4.63148011738247	-7.88743272269509	-6.70374623452108	-7.33856012126441	-5.04104685411346	-3.42658910113154	-7.71027612538610	-2.18099246306439	0.0178514171833775	-1.64951779935131	-1.78457862454938	-0.651590814792319	-1.58564051304669	-3.52605566924715	0.139685951825761	3.44299430873378	2.96965298412458	3.08251461538127	2.21202272119745	3.35444036422777	5.48623732172513	3.14115116357506	4.09922244729835	6.81511605814387	8.19097409455366	10.2598094293109	9.49334113949034	8.50396941205324	7.85653126109027	10.5114606701661	8.67526146462983	-52.0204521347146	-53.7851143425099	-51.1042680538994	-50.3577684346628	-48.6997514073025	-49.8325692653491	-52.2284378432196	-52.0678526583643	-45.9960875238067	-46.0710915576368	-44.9277248414733	-46.8897512930242	-44.5498859200313	-45.4253930949458	-45.2314530047946	-44.0794277831978	-40.9069515860724	-43.7542606732386	-39.6649632903722	-41.3562979241499	-40.9800667611856	-41.9651363865544	-40.2739312976855	-40.0897880158706	-36.7692103108795	-36.2839634771846	-34.2668766871124	-36.7785050684877	-35.1314959851589	-38.5895147582054	-36.4509705592347	-35.5608049846141	-29.3902669209312	-32.6290974397025	-32.9152524772046	-29.9889803599225	-32.5569224854313	-32.1078805797316	-29.3131992736630	-31.0908390423619	-25.6146216132957	-23.7973880609523	-24.2128980902572	-25.2982712625291	-25.1640435475710	-26.3288350707967	-25.0848583420923	-25.0804057021164	-20.0609274207991	-20.0052921388834	-20.6173247585278	-21.6631595344210	-21.9154515275679	-22.7247901269144	-20.2227633451878	-21.4346628277489	-16.3269534034412	-13.9874073245531	-14.8168107027738	-17.5941243297642	-15.3830249145362	-16.3700882692488	-14.4037496469046	-14.9516936383976	-12.5936261997149	-10.2036190183565	-10.7898699772230	-13.1032705026252	-12.4166777019892	-11.7106904602646	-10.6354963355838	-9.28829693733660	-6.92305680050763	-6.55310874973891	-7.58675288668475	-5.69412857693213	-7.04651403979893	-5.75260957397531	-4.54308593584543	-7.85102824797832	-2.94756222083249	0.671739244269703	-1.72805172040570	-1.74773926911009	-0.358347494513830	-2.38074175150963	-1.94659663366718	0.771033406968204	3.31872573421084	1.28973451740456	2.76671431029649	4.02051638104569	3.56251656932949	4.57305684438345	1.28049448846365	3.02334439443072	7.36460723148859	6.87267502985581	10.7969163413656	11.5185292979275	8.88147564767168	7.75338477437594	10.8148918277446	10.5317918470573	-52.3388487189023	-52.6254605640078	-49.0895238182519	-49.9690542498441	-50.1615507064826	-49.4342728895825	-52.8350835564949	-53.0671701053901	-45.1140747685131	-45.4673735483768	-44.9842161656688	-44.6823368158657	-45.9916061912613	-45.4846847041796	-44.8273496011310	-46.4058625999759	-40.9778206289099	-42.5131819477611	-40.1341443834642	-41.1177994956923	-40.4284010187811	-41.0363836106015	-39.2579506148894	-42.1586983998029	-37.1377906708112	-35.9909769488546	-34.8857560075149	-38.0867086502475	-34.5179103419915	-38.4070548042312	-35.6917454258886	-35.0383406488991	-28.7994780080965	-33.1112062789461	-33.1177960919138	-30.3771539547183	-30.8497124679318	-33.6076960687155	-29.5238369329095	-29.4310835556947	-25.3579748862371	-25.2152153175012	-25.2955400230033	-24.4557725568631	-25.4173052035703	-25.6280087692726	-25.2785181063800	-24.9386170217853	-19.2932652201482	-20.3583097542322	-22.9093568498754	-21.3853022997939	-22.6096082909374	-22.6927345764057	-21.1863154731846	-21.4180286286141	-16.4114441223859	-15.7796692304460	-16.7352311392216	-18.7340053961918	-15.3476115209856	-17.1318042628699	-13.7409883820754	-14.6798131380666	-12.2082311863674	-8.77621277219227	-9.26432953540595	-12.0552770027283	-11.9385584645927	-11.3840925130187	-9.24541247652296	-10.3604354299971	-5.81654766506705	-6.44884150819908	-6.89912355049148	-5.42975360102177	-7.99895694563942	-5.53966081547662	-3.70804338640516	-7.94579755882332	-1.54444055334696	-0.364767958393045	0.648478937670048	-1.10651798892925	-0.206207605190407	-2.42346335421535	-3.46333511561176	0.838480367809832	3.88554579904435	1.45663104072221	1.52128026625930	3.18646214756215	4.24369635956996	4.15175194875122	1.36954651434009	4.63845736482833	7.54913439799834	6.15163180188427	9.13233293363511	10.0794875195902	9.07142577562285	8.08725969137820	10.6701715438936	8.53352314416249	-52.6236322925990	-53.2462720099821	-48.6337092932442	-49.6872163287646	-48.4459423387173	-50.3048198984167	-52.7234092042180	-53.5537490219047	-45.6958584244161	-46.6287039122142	-44.6311649590667	-44.7766800906461	-45.9512035752671	-44.4167180595478	-46.0087378815737	-45.1440103480586	-42.1244371179985	-41.9192544715058	-40.3084936530539	-40.0289507234730	-39.9363831093735	-42.6431448080298	-40.3225986010505	-41.8807033608437	-35.1415224813506	-36.4606406999665	-36.1925179027813	-38.1194598601789	-34.7855905680049	-37.7223138383304	-36.6423048963630	-37.4480368961492	-29.0543671671995	-32.6907846093673	-33.3011908585317	-29.2529896836513	-32.7155626034009	-32.0403709817378	-29.0555184318555	-29.8726905293459	-26.3179884555459	-25.4383144900267	-26.2232730114122	-24.3725762476859	-26.6903674886914	-25.8147695209918	-25.6339586476253	-25.0773419911685	-19.7776242013760	-20.8985044749082	-22.5507576653045	-22.1938977017401	-21.1369177300094	-22.0467468838086	-22.0978934680619	-21.8570186914279	-17.3756645086096	-15.0477600132916	-16.1386967038549	-17.7795611186064	-14.7200897001702	-16.2531173480813	-15.0455886244026	-14.7566180412033	-12.3850511592257	-10.3445986478938	-11.0004931171110	-13.7058015458968	-11.1104891679326	-11.3034864404097	-9.27099655065823	-9.34496724261458	-5.17739723228835	-4.90883391422372	-7.18918523960878	-4.73354304418437	-8.35921889383924	-6.63475280306011	-5.21222830490181	-7.52632830102320	-2.73237869547061	-0.498377964069770	-0.459944387315876	-2.23960911968753	0.277435920526754	-1.30144944982585	-2.50391246549191	-0.534532388192230	2.10384421499259	3.34819307717274	1.96135804049512	4.00791385938064	4.51027133469276	6.45804659367530	2.45118436391741	4.13818666319846	7.35553520954088	7.15832872148497	10.5179262865410	9.43431203805082	9.43065475615456	7.66050959225314	9.18651921975163	9.80789267417795	-52.3258326158567	-52.8318914750457	-48.8053858011130	-50.0761173232635	-48.8677604344685	-48.9196980150799	-52.4394171572713	-51.6721972377761	-44.5449625498166	-44.9092687653377	-45.8890038706016	-45.6940245526602	-45.2534118290996	-45.2892701052493	-45.2923244895442	-44.8969051666414	-42.8566609345486	-41.8514838609160	-39.6377939634256	-39.4412243181630	-39.6078904144060	-42.6292343194492	-40.4326146613810	-41.0062739579866	-36.3127145053738	-36.1244581798245	-34.8143265912020	-38.6465866870997	-33.5246374259611	-38.5683175273733	-37.9249505743363	-37.4924596154320	-31.0412378873758	-32.7287168185402	-31.6231613691029	-28.5725820636934	-32.5756139113790	-33.3674346658099	-30.7060787449883	-29.7182576290646	-25.9122554439974	-25.3310232482850	-24.9978438430034	-26.4721491577297	-26.0024019183326	-25.9753585718734	-25.5848032135326	-26.1527422262438	-19.8929005435052	-21.2886700301374	-21.2943328108618	-20.5442571358489	-22.1763751806542	-22.0838241412794	-20.8957200428480	-22.1225258173064	-18.4821036191340	-14.8432770925563	-15.7023239200419	-17.8967364212140	-15.8732170905340	-17.4262079789136	-14.1073294432893	-13.5249125747107	-11.6691746805497	-10.1157594641605	-11.4671280599094	-13.4235815637779	-10.9619397268691	-10.5388018696966	-8.89209905240454	-9.56381725997672	-5.17868519590140	-6.54550837265591	-7.27383010894137	-5.56307741389429	-8.90511304554815	-5.03005081059469	-4.37165863189571	-8.12621099860467	-2.92768917733742	0.157435204525293	0.478158442168939	-2.24860552950234	-1.81450908508749	-2.75580164234144	-3.58926501870970	0.778238956101669	3.61075483841034	3.06728459831874	2.63225409839859	3.58635012067597	2.49509297238319	4.67467755260993	3.46868084907406	4.57325292537029	6.88594699377960	6.75418547314441	9.20675874704013	10.3489855692042	8.91984783870160	7.52266042335478	11.4536036193133	8.08453384564650	-51.9193662104860	-51.6660304847562	-49.0138125864201	-49.4151122039868	-48.8915194498522	-50.6337748490819	-53.6706282132186	-52.6357086055593	-43.9459975587592	-46.3695901576900	-44.8383057252186	-46.2516972324276	-45.2812881474546	-44.4669232887426	-46.4190333064275	-44.8218371623009	-41.0975933733207	-43.6609088394615	-40.5268861078675	-39.9221896389406	-39.2515519985961	-40.9894213438722	-40.7905130894277	-41.3299876302993	-35.7455528977646	-34.9122929070804	-35.9673892178264	-37.4438970033570	-34.3383146120231	-37.8408536651994	-36.4316153838655	-36.4898904584800	-29.8504244897786	-32.4377134123424	-32.8230443403338	-28.6968880631653	-31.1005302401123	-31.5081811084025	-30.9974917746727	-30.3262158728748	-24.8088779838274	-24.2750528189622	-25.3646534801754	-26.2773747158788	-25.6736765452475	-26.5155076812788	-27.0994253532668	-26.3872714699020	-21.1540251233319	-20.6322775022391	-22.7609918234154	-22.6936360301855	-20.5872540095449	-20.8299807956201	-21.5180075647178	-21.6193193019673	-18.4165828043402	-14.1973582931501	-17.0333145746940	-16.7441511404425	-15.1024578650202	-16.8808804014055	-15.4612054568606	-14.8793068945627	-11.9430430344661	-8.47183191226234	-10.1540325708809	-13.1078817813230	-10.6994245756384	-11.0081188096385	-10.2871603820376	-11.2162013180311	-5.64245159261264	-5.68636691582336	-6.84923209437192	-6.58553195051641	-8.28065412103442	-5.84410043785115	-3.39810215831725	-7.43868879610023	-0.833340989105333	1.50008606549482	-0.935793333346835	-2.01261671823969	-0.0698325428523342	-2.57726520553678	-2.03726530918171	0.643127189867824	1.82641458092296	2.46779726551127	3.24833753894384	3.16917882624414	4.25938206842482	6.32922994320239	2.67869695700144	3.01632633083876	7.19776636116839	6.30970733642914	10.8857578249417	10.2202973494311	8.33641127263595	9.54900730768487	10.5355458389362	9.81241623863509


seedPosY:   -396.203710329749	-385.290598746357	-376.666932908832	-365.422065253273	-355.528228655981	-344.812769111492	-335.134726525178	-324.986011056979	-390.095458531730	-383.276905443834	-372.208492014659	-359.128746180516	-350.004704586072	-340.444048056470	-330.476970326822	-322.166813751650	-394.814267889938	-388.651879868114	-377.998951847917	-367.248720787872	-355.315594448655	-345.321745561539	-335.028473306400	-326.312002024857	-391.791204629967	-380.862285529249	-369.989424378378	-361.013572825702	-349.572246341554	-341.721074736488	-332.458207997957	-320.729490012002	-397.520851884011	-387.400554776784	-375.084902993812	-367.853077230007	-356.765343952987	-347.195875704450	-334.471140774439	-325.238035024677	-390.714293756567	-381.337159545732	-372.179718950934	-361.160096941464	-350.344922227652	-343.596778781721	-331.157977776630	-320.299668148622	-396.594427229566	-384.572659690590	-374.792799001627	-367.113635334529	-356.557945461719	-345.056164652207	-337.587159210175	-325.800592013201	-390.010272619922	-382.024856013320	-370.443951152861	-361.426966987091	-348.854295171159	-340.335135028478	-330.537229635259	-322.211163547405	-395.823750498790	-384.273850695951	-378.791457338160	-368.143195211328	-354.729893896751	-345.250896529443	-336.576361698798	-325.923356533931	-390.830513390660	-382.002303743670	-368.959976164475	-363.609438916907	-349.359871128819	-341.778600173377	-332.999194392879	-320.627783580876	-396.598567173885	-386.222660447040	-375.370988391162	-365.555122408919	-355.993531487735	-345.233732292375	-335.081095417562	-324.308118950054	-390.783579376306	-380.635032041659	-370.555488486116	-359.210326743181	-349.801499705326	-341.341962698014	-331.786043932670	-320.076265934947	-394.218698657386	-388.120969567391	-377.869601113781	-366.851145261098	-356.848327964582	-348.308663378539	-338.926623972754	-323.206114127808	-397.256731319321	-384.026715709762	-377.960217649084	-364.565260444736	-354.283354610020	-344.448817256842	-334.425340511207	-326.279179150578	-389.777258646764	-383.461071093515	-372.662649190891	-360.117593570156	-350.968262999384	-341.101202752699	-331.102964459546	-320.176495598500	-394.607259935038	-387.581346634592	-376.091573950479	-368.232354636288	-355.659917955771	-346.226728536881	-334.992686851025	-327.794377968230	-392.346826000837	-380.233807357207	-369.419213713129	-361.364665277282	-350.123215562653	-340.462932026114	-330.750731903369	-320.606076861665	-398.036621300717	-386.288002261042	-376.808698178991	-368.630857451430	-358.579402940028	-346.137880517013	-334.600301645454	-325.160064407259	-389.928667507978	-382.758314496260	-371.242077103017	-361.031701254235	-352.244263636534	-342.713086852445	-331.349933527984	-320.057490394370	-394.684469989833	-384.199583991185	-374.246780143626	-367.137950073564	-355.423032855999	-346.256222666033	-336.641800122060	-326.546610299379	-389.868364697476	-383.241356206108	-371.490181138550	-361.632774723089	-348.839230330519	-338.703266584117	-331.044879755810	-321.501382782820	-396.371463100295	-383.803266443553	-377.485279153721	-366.541970857422	-356.364868534685	-346.279529351108	-335.570375487069	-326.283258024301	-392.520461880157	-382.697141109876	-369.568116019297	-363.075535310382	-349.941959009835	-342.032133626409	-332.340505029780	-322.448428574840	-395.928360440988	-386.209170425956	-375.085184533110	-365.739361035039	-355.926515894632	-344.446357036917	-335.803635656904	-323.899605530962	-391.387343037811	-382.928333863913	-371.354310353196	-361.135369518474	-351.457297732378	-339.396038823168	-331.649195759611	-320.411197937838	-394.028264623668	-386.674295628124	-377.264170706671	-367.994931545150	-356.261594270759	-347.768796191189	-337.617064449863	-324.775850426179	-395.278725473106	-385.698403130465	-377.391935962633	-365.960560809641	-354.985795184942	-344.624320175750	-334.500569765452	-325.456268893246	-390.122171752726	-382.354999523704	-371.495602962450	-360.161063467509	-351.209288585590	-341.931326222060	-331.383890127374	-321.884953376849	-396.235235484214	-386.280390235059	-376.878761125490	-368.137724656637	-355.091436783684	-345.617260065947	-336.920296687586	-327.480756034216	-392.124307786270	-378.531471642485	-370.530585837234	-360.648327269802	-351.486011238388	-341.489659700151	-331.824248043956	-320.397861799649	-397.016747502005	-386.550543342282	-375.965829478567	-367.079199920114	-358.637981699452	-346.582272237003	-334.025091204294	-325.413907483390	-389.581753478324	-382.474157735707	-372.447846865617	-361.758644362265	-351.463153081976	-342.804463263222	-329.757699370022	-320.584566105750	-396.591507219153	-386.132386549610	-374.408651356488	-367.784340442042	-356.915426199338	-345.829034594313	-337.020281832584	-325.934810200823	-389.187937663987	-382.900228885938	-371.498313013163	-360.349574499081	-349.900655925819	-340.200274051636	-330.943930093399	-321.769392655989	-395.016837561211	-383.751365657609	-376.980514257590	-368.527755713999	-354.071805524320	-345.658612518067	-336.432880596162	-324.843988166161	-392.489766538236	-381.642931755700	-369.034946874169	-362.393926053024	-349.140438454566	-342.786150125819	-332.606078119919	-320.634986636323	-395.532306606088	-386.983816755912	-374.978083747070	-365.550556234415	-354.638269982958	-344.220615191203	-335.454633880498	-324.596663285840	-390.821023528688	-381.897634709208	-371.934651226148	-360.608249055970	-350.213391563203	-339.792774237540	-332.194498832663	-320.652504786419	-395.065238196434	-387.781779813980	-377.050860182440	-367.688863116327	-356.810758002072	-346.061151044277	-338.790424633488	-324.733231259580	-395.239412660597	-384.562787180015	-376.163334437719	-364.490681563837	-353.602886307755	-344.516320132369	-334.324825562927	-326.779583787684	-390.272890500043	-383.211191722176	-372.526586370273	-359.293726586510	-349.516670490891	-341.988867171834	-331.067972757184	-320.651033022561	-396.247022153459	-386.276082228900	-377.766977024506	-368.662020538760	-354.787243383409	-347.315780804641	-335.689026461303	-327.164769201083	-392.708257441817	-379.498837752048	-370.329008510521	-360.547553324213	-349.875960252209	-339.763022556617	-330.987377835983	-319.881691320303	-398.298049173913	-387.288230307578	-376.752441659113	-367.140558569871	-357.519329574736	-347.819368530506	-334.130001847250	-324.613533710826	-391.227926191226	-381.845321763349	-371.189321073375	-361.598256766281	-350.207020436903	-342.627100819200	-330.999022562575	-320.055714635789	-395.281127584096	-384.298644426253	-375.016470713720	-367.169991372346	-355.390624865988	-346.055676182860	-337.705416358340	-325.877758506644	-388.856369625978	-382.031938794185	-370.847008250516	-361.428448389217	-351.101761080905	-338.859396336185	-330.877979368103	-322.171769238783	-396.219817581735	-384.213471163632	-378.542869156678	-366.626269512720	-354.872582408950	-346.520100050124	-334.226569030486	-325.746801484255	-390.578043404231	-383.201000505705	-370.707224698312	-362.691935878553	-350.673557873941	-342.576191364679	-332.950546755206	-321.168283768626	-395.859839471320	-386.240634777994	-375.024830261453	-365.584735019278	-355.114054178516	-345.904296577957	-336.000166471534	-323.473533343118	-391.604020711813	-381.488083078250	-370.440287850863	-360.420937549885	-350.388739683100	-339.890125794395	-333.377902467930	-319.143826890873	-394.630416509616	-387.439558970125	-376.654790053883	-367.209751575673	-356.927291563039	-346.959350965879	-337.144666384946	-325.535330584777	-395.522384678195	-385.614862681478	-376.118471310180	-364.148045209117	-353.529680612084	-345.354405899324	-334.665638814950	-324.707553246712	-389.415354702657	-383.832117438408	-371.433665395032	-358.564352561513	-349.443550057018	-340.552904702677	-330.663704283476	-320.085289286710	-396.403367117373	-388.059217910174	-376.842921725899	-367.531686414636	-354.319798896592	-345.481173152501	-335.163693319067	-327.250807272471	-393.353511481923	-380.140343098154	-368.394690565849	-359.794434557654	-350.535354949037	-340.127541031919	-331.791529824984	-320.665819771148	-398.693758589832	-386.532917413980	-376.307531857728	-367.155055187766	-357.680255241443	-347.876037716854	-335.365387778715	-325.578983998289	-390.675938637834	-382.622949335901	-372.823918786862	-360.813587502613	-351.248874885026	-342.807127641833	-331.480349753572	-319.763216106028	-395.231392297312	-385.798168604102	-374.574573620694	-367.410506528003	-356.162295916867	-344.402839134651	-337.129531537835	-327.157752163125	-390.679616320043	-383.702260188350	-371.160521643426	-360.639364960277	-349.114940401317	-339.009080005462	-331.958682313886	-321.434760259118	-396.166677031892	-383.967584766859	-377.595133400314	-366.504416125508	-356.033557260292	-345.871199126193	-335.366159045231	-326.230141410881	-390.734776089840	-382.268562937079	-370.980986662550	-363.085802968585	-349.489791060398	-340.533137045213	-331.379665082804	-322.502008050411	-395.061819316590	-385.301186713602	-374.759019083394	-366.739425196483	-355.717525814701	-343.846760486629	-336.226617780910	-324.691574129375	-390.604775394588	-381.279580588959	-369.985293525967	-359.620081503138	-350.599940011005	-341.628602989940	-332.710449684292	-319.618291057265	-395.534657928934	-388.517945740843	-376.508843967463	-366.338280751858	-356.721529281605	-347.424862762854	-338.878368829052	-324.360494886616	-396.871397123113	-384.563837085165	-378.486792107963	-365.675269855678	-355.084450556174	-345.455195796063	-336.259308029907	-324.774620776213	-390.146964132414	-382.810232465162	-373.031488171867	-358.831922031503	-351.247557272168	-339.934078338725	-330.525864513253	-320.656711366006	-396.906391585976	-387.422604537495	-376.961131916681	-368.218592469262	-354.607464245788	-345.801987530779	-336.267954247889	-325.944016714638	-393.395202090255	-380.056181403553	-369.514510206382	-360.577033516344	-351.879982915141	-341.383345509085	-331.485454317040	-318.749719233004	-398.431591952409	-387.534551031144	-376.205790506559	-366.484815214829	-358.029923662267	-347.551379105599	-335.538875316615	-324.618404083189	-391.296852327481	-381.907514606008	-372.926630167529	-362.518697192883	-350.266903836576	-341.568129050677	-329.581129423600	-321.076831975013	-394.963525533510	-385.063745673064	-374.820679261808	-368.802712814821	-356.443770112020	-345.421622627556	-338.488082783111	-326.326933944534	-390.366365375782	-381.854143755776	-372.025593309350	-361.005428419697	-350.191508773347	-340.521629852612	-331.534680368454	-322.403472219075	-397.200520120808	-383.470661795123	-376.962306895202	-368.323754740497	-355.542728811842	-345.702578235300	-335.093396805445	-324.357311932729	-392.156408120262	-382.258356489155	-369.706003886251	-362.442666747295	-348.532799350663	-342.569639842069	-333.189619387375	-322.275741344809	-394.916259159178	-386.988894475414	-375.860456956496	-366.021564600990	-356.423608924396	-345.929418537489	-335.244812037029	-323.977979929737	-390.415503798990	-382.621682480425	-370.826142110795	-360.158627268616	-351.214445528572	-340.939549230926	-333.642125807530	-319.533627376786	-394.266168516457	-386.874317140219	-377.169079268189	-366.662677509994	-357.471906611234	-347.474927854122	-337.053931021368	-324.579735713013


seedPosZ:   60.1346718438130	57.9449040030500	58.6863661595832	58.6094320939709	59.9942506402244	58.0443700464138	59.5653377044591	57.5836142648028	62.3661843976324	57.4752467974126	57.4246843177046	60.0090485652095	58.2692593431583	61.0230358402523	61.5714411067373	55.6548685667619	58.3947775850028	55.7958295651765	57.9420905572885	54.8857913320258	59.3684280812186	60.2660082212265	58.7862808866002	57.5019557033220	59.7051137848989	58.2802843925392	58.6228739131631	56.3693425563360	58.8395278991424	56.4556459407979	57.4542138988414	58.7526874429110	58.0745222627704	60.4994777818024	59.9823013145726	60.1926967703098	60.8928640324424	58.8108082993899	59.1331102683736	59.8405098436371	56.1636283731023	57.0556086928687	58.4077652423919	61.7066011798364	61.3322169271985	58.9002176604323	57.1667755635404	60.4005623095595	59.8159120623127	57.1037917533141	59.5889080376712	57.4833159082253	58.6389696129338	60.3703684210681	61.9783013090628	59.4668749162864	57.0053444995177	60.1069689191404	55.7973007213272	59.8414139093258	58.9578043303158	57.9243082076130	57.9151940200989	60.0578475792199	62.7636017764714	58.0841844041338	61.9871182797917	61.2942237893169	59.4213914480939	56.3829747472458	61.6865303405051	56.1182637585576	58.7322332380385	59.8534857377918	59.4058716339161	57.8561549579889	60.7559364332640	56.7118862299904	62.2964967401844	62.0233920588269	56.7493204351284	58.9338883435755	59.7764750447758	56.7242994374026	59.1343874363382	56.3095219857497	60.2875893876355	60.1574354641931	56.9509931218374	59.7029589020483	61.2630357511099	58.7490856559753	60.0912804302458	58.2059859606145	56.7734030191207	59.7438912384848	59.7101030993202	58.0357596553720	57.9102127985697	58.3062305487750	60.3332424138175	57.9982688358458	56.2938579296084	61.9923731132208	69.4361450296163	71.6533680499520	66.4174223875220	69.5458502897684	70.8576483504497	69.6267221211759	68.2856733396874	66.3361232046804	70.8165494704177	66.3380180847373	66.8482075535627	70.9880867818636	69.1785603837123	71.1249532969883	67.9717906539824	69.0629648156600	70.2116562125671	66.8996761153464	68.5597349303163	65.6661086006696	67.7637616385421	68.0005289653780	66.3797574053086	70.8831023026736	67.8190775163671	73.0075270247782	65.2182744380381	68.9995685391065	68.3610912669965	67.7795372131279	68.3544854492799	67.8667556777323	70.5527712724350	70.7470634715397	68.4413368179808	70.4500355222448	69.0755948238721	69.5303559609846	66.8954530859869	68.5066794718127	67.3689510531728	66.8639845183522	71.3723592152684	68.0279947709528	69.6026285816252	68.9113187990545	66.9593558614661	72.1313299997407	71.9160295442909	68.2658444030471	66.3673678051005	67.6474940905685	67.3659909720092	69.9124372545003	69.6230351457234	68.5495333075124	69.0324650926968	66.7692627919943	66.0405794363518	71.6970367355721	70.2841705258312	71.5565535581657	69.6008695963380	71.7509906012398	69.2760127214447	66.7932549467908	71.8429512033496	69.6630796307006	66.2126253945816	69.9448927807569	69.8057461045164	67.4548399941701	69.6592421743699	65.0694428556966	68.5005402017475	71.6753353943933	68.0187636599738	71.2868276400841	71.1878498311938	68.0448591502834	68.4999458078536	67.5536305994851	73.0616595872285	66.6498205804867	65.6408826542933	69.8844265145896	70.6008230068223	71.4311017790334	69.9145220233772	68.8109983672512	66.5569206628670	71.8820034035029	68.6297041541048	66.3916575169337	70.0739484727380	71.7111894715407	71.1984314894788	69.9164358681252	68.0599284045189	70.7991217069563	68.7242776760446	69.5000699835526	70.3576997486567	68.4667345395725	77.4541573896227	79.8166716684002	79.6597317414683	77.6448297141170	81.4041829557389	75.2720983367302	77.4340322508001	77.0263567266066	82.3136603213024	76.3457570387691	80.1754773795513	80.0781107126076	79.7316569103749	81.8687117838919	81.2009023159966	77.4389072245472	79.5873893649138	75.7764272275640	78.4235648598571	75.0733837321512	79.7710244153202	76.1692044971741	75.6745139132697	81.1176308501962	78.2982631671318	80.6864271456925	79.6409608074006	74.8732434727153	76.3006755437585	75.6950512799544	80.2713381694718	75.6093926402719	80.5205298348382	80.4757337219630	80.1299673159455	78.9521718641152	76.8975586076882	79.4087068771637	75.0223024330029	77.2029714490856	78.1541544737708	76.0234949431339	80.9107212599084	81.3893939537982	78.1798022612793	77.5331737762968	76.6145952230423	78.8399857215130	78.2411532260825	76.5701858374198	79.4034324547552	78.8772000062876	77.1919743603941	78.8889129155522	78.8787397379559	77.4518630331000	77.6763480628342	77.8911336044686	77.9531778207738	79.1859810733158	79.0751977235125	76.8816754015239	76.3544371105506	80.2941331519386	78.6846390285421	76.9904996845008	81.7828676950742	81.5681709326491	79.8273405271937	80.5401432580784	78.0337905912895	76.5465510033235	82.1408979272178	75.3837005388861	81.0724651204628	81.0052294578139	78.2289602953309	78.6290348522978	78.1766956923532	82.1778599963964	76.3018733702173	80.1343542069784	79.5991918596269	77.6691926545483	79.1758466139790	78.2622872127565	78.2933933331980	80.2331967706071	77.4628445053939	80.7486770742758	81.2819778254339	80.8407481575866	82.5138489720377	79.2497145238000	79.7181959751310	81.6130378513014	81.2772252443028	77.9007922356713	81.5682678132984	82.5354380411644	78.0206708902178	79.9218723732713	78.5069916849764	81.3589413531919	90.4779502424207	91.9186190514701	89.0152075793613	91.0802909286562	88.8271201455884	89.5636358590005	86.5706332769275	87.8844041126818	91.2757967251096	90.0534453671054	89.1091384183480	91.0406083034135	91.3308187769849	87.5405170124611	90.7376068095107	88.1603581198276	89.3839917774437	85.8179355530197	91.1706905399796	85.9518214246775	86.0100231713009	88.5995127080875	86.9747058308551	88.8199815097711	91.0657767514749	88.3673423898779	85.3228046833191	85.6672983245540	88.6326964041527	86.4473316157281	86.9006894684210	88.2417538178785	90.2128081699063	90.2911685820367	89.5840593620423	92.1689681507573	88.6875065293494	87.3755310687941	87.0215641139785	86.6087512776451	88.8911837671287	86.6567662819477	88.2856931679778	88.1642412501444	88.9851976220362	89.1669184776324	84.7795296829425	91.1494367065402	90.6997104491504	89.5336379670220	87.7708521207283	86.6789178590914	86.0096514587625	91.3535442802073	91.0865749502868	88.8513286732950	86.1234878909758	87.8538990468203	87.1204201514338	87.8361212658614	92.1566671366689	87.2833042300884	90.1662797672324	92.0078147749923	88.4464438846772	85.2154625918343	89.3632810668682	91.8785606597529	87.7923436001286	91.1196762998023	89.8877067515592	86.4940574831169	91.9583531735489	87.4352535731971	90.2189249431017	88.5073023121113	86.6547698036185	87.0381476144122	90.8638535347307	91.1705528813931	86.8676499123286	89.1249008355606	89.1431848046204	86.0206155702146	86.0702961241912	86.6746083289410	89.3595381407499	91.8183949995681	88.0367336082729	86.7462287105970	89.4397480787569	87.9671477627511	90.7948287519377	88.3407052619082	88.2156003802009	90.5602592374900	89.2267495078790	89.8266228977253	89.6766269526578	87.6939047680726	86.2420997336196	88.7436008712588	87.8416800129301	88.9639291581036	97.6155203514220	99.2673201429873	96.9373174385771	100.566401444231	97.8289027544432	95.6241113365667	99.9696751602446	99.6292238208653	99.3436440188280	100.812706640704	99.5922315906632	97.8583296740994	101.814648002410	100.659563543486	99.8538052535653	95.6683168431598	98.0679215556525	96.7355257800146	100.038496288695	98.2889481529577	99.7968633484801	98.9541394633164	98.7506809775831	99.3103668094660	97.1667519236710	99.1692001060173	96.5071201135231	96.2472224687228	100.033021760191	95.1368901974005	99.8826877928523	97.9459073025967	100.644450509474	98.9951828424470	100.467917981516	99.7851100520684	99.5565755688545	98.9157093266092	95.4553213707502	97.0099857549616	97.8381889637129	99.1938045969427	97.7193147791462	98.1683603091478	102.084332476782	99.5460893841204	96.6449075989938	100.056995132405	100.732809997213	97.3063899874849	96.0847727483457	100.114254676620	97.9469051216808	98.2526527769271	97.6064166623371	98.6979605863844	95.3803684339736	96.8671505378730	99.7007543765290	101.508695965573	98.7403647107307	101.687204109355	98.7039481371990	100.993596983742	99.1130817306904	99.5266799264592	99.8406658319347	97.4772662283744	99.7490657967205	100.660210847798	100.264856531612	95.3623875170855	101.135557216797	95.4128326877663	98.5855272755235	100.575483864975	96.5886180242107	97.3733676188728	101.489362440615	100.654913734324	95.8003330072338	100.241286056456	99.1430505192533	97.4008452759812	95.6832633245708	97.7292488958116	99.4593922169257	96.9741561274233	98.8731866953438	97.7365954549134	100.883325556378	99.6721698638340	98.6346560677095	99.8411211203600	100.255904959817	98.7015583750095	100.580749132408	100.167521535486	100.378095168617	100.608846058488	95.7331032197966	97.1949680055423	100.563061137613	101.158521062626	111.712580219829	111.538511705632	108.984393369868	109.582641457737	111.484067762816	109.489018449871	106.887067881136	107.693485880858	110.243781287282	106.806532570612	108.895215470941	106.965654801140	110.966587536251	110.968509288517	110.540608296514	105.422977027608	110.962709523276	109.030933589718	106.780279698071	108.665567812465	105.731622711155	110.355077592395	108.345387448417	106.621011717199	108.257307534839	108.708675855363	106.133281646665	109.536925131910	110.285530140970	108.880438396502	111.000928115715	108.850656579376	111.288702125189	109.224658234181	111.255848795292	111.040260811055	107.811982952673	107.299699750786	108.538103193615	107.627431126916	107.854528635804	109.742257597715	111.673280255008	111.762572550474	110.368445767537	108.082143050366	105.655896827250	110.917331595042	112.799024459812	109.574668988498	107.870221267369	107.345995744434	106.217631562950	110.212302341306	108.218750317623	109.032247473983	106.756129033607	108.008570288506	108.999248234781	107.623181790142	109.283694031180	111.396320038022	109.894162646050	111.768258676227	108.677215032850	106.380297971730	110.860989807066	110.439547023761	107.853473488109	110.818414273602	109.550431671605	108.878170674443	111.949393558461	108.301993258911	110.082222003586	108.938946152336	111.273467610381	111.192133460146	111.097950041302	108.872770419098	105.711132524047	107.276339388868	111.234425165191	107.053698109767	106.409042369269	110.335569080575	110.668165556701	111.084250826555	108.549110532868	111.022899528218	109.840557413102	111.848461921861	109.145618107897	110.308429199962	110.276412587669	110.278338100687	108.596166446506	111.208976474611	109.499309321166	109.577562674285	107.970938142075	106.606670984796	108.787859953414	112.708290509023


objFunctionValue:   662.454777391643



