


dvh_array = np.array([
    [ 7.55, 3.03, 21.38,  2.85, 12.77, 12.29,  3.23,  3.12, 0.00, 0.00, 0.00, 0.00,   0.00],  # Rectum
    [ 5.19, 0.56,  6.28,  4.31,  6.15,  6.07,  4.41,  4.36, 0.00, 0.00, 0.00, 0.00,   0.00],  # Penile_bulb
    [ 5.00, 3.42, 33.26,  1.86, 15.12, 12.19,  2.26,  2.12, 0.00, 0.00, 0.00, 0.00,   0.00],  # Lymph Nodes
    [ 1.09, 0.77,  4.01,  0.23,  3.20,  2.74,  0.35,  0.31, 0.00, 0.00, 0.00, 0.00,   0.00],  # Rt femoral head
    [13.66, 1.27, 18.32,  7.53, 15.50, 14.93, 10.71,  9.05, 0.00, 0.00, 0.00, 0.0511, 28.12],  # prostate_bed
    [12.31, 2.14, 30.74,  5.58, 15.55, 14.80,  8.05,  6.83, 0.00, 0.00, 0.00, 0.00,   0.00],  # PTV_68
    [ 5.13, 4.01, 61.24,  1.42, 15.72, 13.35,  1.86,  1.73, 0.03, 0.01, 0.01, 0.00,   0.00],  # PTV_56
    [ 5.67, 3.94, 23.84,  1.01, 14.36, 13.62,  1.46,  1.26, 0.00, 0.00, 0.00, 0.00,   0.00],  # Bladder
    [ 1.17, 2.80, 444.17, 0.00,  9.52,  4.90,  0.00,  0.00, 0.04, 0.02, 0.01, 0.00,   0.00],  # BODY
    [ 1.01, 0.61,  3.34,  0.09,  2.65,  2.32,  0.34,  0.28, 0.00, 0.00, 0.00, 0.00,   0.00],  # Lt femoral head
])





templateX:  -49.9981387563603	-50.7067660247426	-51.0142216340358	-50.6230577132559	-50.3566310740133	-52.5691244633641	-49.8283256670093	-52.8495669332751	-46.8697752431243	-47.2701323623213	-44.6578044983933	-47.6612029081915	-45.8660081405614	-45.6698051582478	-45.6203920104088	-44.8736573932187	-42.7040005841615	-40.0408413288776	-41.0486058049366	-40.4696074749076	-42.1564173000997	-40.9983546252116	-40.4410134845490	-39.5523134866745	-36.3439368670289	-37.6009420292418	-37.6991439206917	-35.6967577357379	-35.1132077043415	-35.4806647720826	-36.6912569193330	-34.5859761020205	-31.0791683233459	-29.5614888488933	-32.6422497117574	-32.1752226188303	-30.1872370881492	-29.7001770627329	-30.1609071701000	-31.8654647505090	-27.3683744089854	-24.9321476089879	-25.1528433682601	-26.9519241795565	-27.1024969702296	-26.7762531772748	-24.9963681216890	-25.0221967559827	-20.9024444603995	-20.8984307102851	-21.8987704833383	-20.4528669795319	-20.1129316356006	-21.3542727405568	-21.3380797961668	-21.2700160078082	-16.9231972816249	-15.5360208226280	-14.7370085948137	-14.7199937911168	-15.2846451326286	-16.9880441622937	-15.4861019968267	-17.4384271079218	-12.4675815239668	-12.2316744507304	-12.3897720888491	-10.8521817836456	-12.6430685218045	-10.0216926594375	-10.3696740306465	-9.65933130402489	-6.17559934246986	-5.60774429251225	-4.78440226422019	-6.01499492644452	-6.91211636113231	-4.48398312450622	-7.77234513274691	-6.75797843137500	0.505713246538780	-1.62222024851598	-1.81781077095038	-2.47664109105389	0.305345527056672	-2.42566071720084	-1.73742181568690	0.241345186313503	3.84893628537936	4.25367441066661	4.14113095122418	4.54405430610986	2.20282876255418	3.94775496999917	2.21242052538386	4.99516369284101	8.29011728560150	10.0636539189958	7.96140904778525	9.13538494620237	10.3820346396756	7.26742108626164	7.28908737000974	7.17232868233388

templateY:  -395.490239107598	-385.780214064068	-377.476308786480	-365.088555179744	-355.712936852297	-347.629666573330	-337.632937503297	-327.399388047115	-390.114294288485	-382.552019304551	-372.042873135259	-362.022646213126	-352.508536162979	-339.871179246484	-330.431714725656	-320.307316440863	-395.598556721693	-386.068466927075	-376.733055434474	-365.559197218560	-357.463934711109	-347.358052957649	-337.806237584234	-324.500392851236	-389.479108750238	-382.441902132271	-371.239478813574	-360.576984895719	-351.859764424070	-340.234535668278	-330.922000727528	-321.378139822865	-396.940234706825	-385.237337647819	-374.731096769765	-365.325859788433	-356.451508435994	-344.591308466397	-336.981417815003	-326.009342565154	-389.533771860968	-381.938297529744	-372.000117735221	-359.628559386447	-352.635375687341	-341.827512554322	-330.804871537738	-322.163866898538	-395.649822711181	-385.081118004879	-376.119460224010	-365.597571431463	-355.089571457838	-347.058605719034	-335.772477622763	-327.481795582943	-391.070234121099	-379.942971489239	-369.652648529289	-361.131616154191	-351.903774979359	-340.591594044666	-329.664868093982	-321.090975819983	-394.465743713976	-387.184937609944	-377.486266464024	-366.834673880495	-356.487949032819	-346.402769015565	-336.785250155508	-325.446962809022	-392.553862490835	-381.468103740655	-371.842281093180	-361.802675180692	-352.505949949711	-340.797017291310	-331.885867600428	-322.332138233997	-397.873108570733	-386.882829947510	-375.947575844856	-364.827256237022	-357.727526918621	-344.708886972153	-337.417004605007	-324.957362588854	-390.073774595138	-379.662833585290	-372.394851102724	-361.108850795834	-351.458059226874	-342.267911341913	-330.862271263647	-320.753651143280	-397.124853815829	-386.055651014587	-374.413263573547	-366.160710838838	-355.443357668130	-346.435437511428	-337.753695316936	-326.850503461395

templateZ:  59.9262360822214	58.3339469669708	57.4127958068836	58.9100622983000	58.4051069274830	59.7093682671062	58.9577805737970	59.9370130711056	59.9803791266734	57.7843401858990	57.5541170990253	59.9946776764686	59.3538316700400	57.1776093065878	60.2570311967391	58.9250026999199	59.0270167842119	59.2437377288698	59.7827167624406	60.1149040515692	58.4612295691612	57.4174621601603	59.6897465457345	58.2831526641855	60.0603133720613	58.4222215780580	60.0199434451177	57.7390052013655	57.5745095136213	60.2007825384626	57.2754669496369	59.5247100646828	59.6893951672676	58.6512935303563	58.4506262091767	60.5499910394630	58.5176669791407	58.6618441999428	57.6700176064054	58.2623099942325	58.2204067503571	60.2519423236649	57.9857746274241	58.2085665556943	58.5522311781476	59.5992281292242	57.6239215827082	60.1708172330056	57.4122356386371	58.7372724342885	57.2275515828140	59.7573918644810	59.5713393433537	57.8719828615740	59.5008563993320	59.0717143824148	60.0985661590654	59.0761692213101	60.2773978241665	58.5895019640462	58.3746392347616	58.8326463108282	58.0170574935077	60.3732824414734	58.7548388497365	58.0102174769493	58.6304545654733	59.5800450393832	58.5293445379531	57.7576302753299	60.1180689065134	59.1658942858781	58.4287157393796	57.8971209136894	57.8876694119914	58.9490035505893	58.6381694972072	59.7157539590449	57.3677637131494	60.0868570273901	59.5007708209527	57.5994703266450	60.1255976600254	57.8206094363348	59.2468797261747	59.0218474427904	57.6893264221138	57.1409757384440	59.8213880150789	59.7979464468937	58.5949327332666	57.3200361334077	59.1713044833198	57.7307333555191	59.6713273119821	58.9912086747936	58.0069150071299	60.3308886189995	59.7748708540040	60.2257975627980	57.3619835988630	57.7635386843474	59.7009442910531	59.5596919842740



seedPosX:   -49.3056564920952	-50.8930239547361	-50.1247919056315	-50.5640776014780	-49.8467083773853	-52.3999119688604	-48.9709524445211	-51.7520592046588	-48.1163806711592	-48.3014603215244	-45.8508078217909	-48.0585404859184	-44.8005854341037	-46.0745931736196	-46.0191962334952	-44.8541600048372	-42.9932165394550	-39.7210808844012	-41.1145609496894	-41.5108635704342	-42.2888990267629	-40.0542692791753	-40.5974672952947	-39.6325373221551	-36.4276568360752	-37.6323653932032	-38.7352633396690	-34.7257803987265	-34.2092183043806	-34.5486322894755	-37.5920337229643	-33.3845690277329	-30.0881438747111	-30.7762561609208	-33.3145113039796	-31.6127427154372	-29.9663209736611	-30.3397448289653	-31.3854635312956	-30.7205267800156	-28.5293980005350	-25.5647941963441	-24.3655426896400	-26.0022580788465	-27.4710967171080	-26.5632990810783	-24.6263003340497	-25.9227998582345	-21.5479774764315	-20.0049955581990	-20.7185475790562	-19.6143556034197	-21.2382878822366	-20.2463481414181	-20.5719127866835	-20.5459648450006	-18.0492853676794	-15.1523787626781	-13.5548780022867	-14.5503909167698	-15.8943706799740	-17.1210420053367	-16.4902587424651	-18.6193545875189	-11.4677427726514	-13.1811756691125	-11.8745031025775	-12.0150972322263	-11.5002880768016	-9.67608338587576	-11.0784955401901	-9.10160640516121	-5.96952077070866	-6.62757252562633	-4.80653775419177	-6.41560201606686	-7.73485827300862	-3.98985920336147	-7.35652891152314	-6.92474026743576	-0.261280974060245	-2.19969372883251	-0.705850791564617	-2.02859195256888	0.993681306954138	-1.30565481886746	-2.31564095257992	0.921862016548569	4.30118517426425	3.95404741789956	3.84847592405954	4.47485696882004	3.39244077282915	4.81351406445810	2.11746593481859	6.22317169251287	9.35370950968012	10.2322290594256	8.77265759733256	9.50125010981243	10.3234713418764	6.05455572568132	7.21800706133436	6.07155626329840	-49.0240504979127	-50.8623332391973	-49.8011058529078	-51.2386846959598	-50.2441188459672	-51.7266087858070	-50.5690370812745	-51.9122101294193	-45.9788983217811	-47.9754695524801	-44.7222665971886	-47.7377191530869	-45.8591424809364	-46.5890918446780	-45.3630165571541	-43.9616509430763	-42.8096158714063	-40.4433434498874	-40.9811564244495	-39.7737058291243	-42.7094559785471	-40.0866732592540	-41.0913198008193	-39.6038024776695	-35.2571637722444	-37.0786695819873	-36.6998694644003	-36.1069798073733	-34.2929686964680	-35.8152586817099	-36.6041776453408	-35.6650488584075	-32.1583196530109	-30.5030353931199	-31.6449003693466	-33.1247773199490	-29.2496552722355	-30.8453745504610	-31.2194250829090	-31.9741519322115	-26.8702592199776	-24.6104142541018	-24.7469640191900	-27.0331316324609	-28.1821608271482	-27.2562881068173	-24.6153160331333	-24.4844291765769	-20.9324460641364	-19.8084918269741	-22.8559075690193	-19.9905957429590	-18.9375700533555	-20.7034143745112	-21.5807008522387	-21.2809054600956	-16.3139319200676	-16.5619909846227	-15.0130410725095	-15.5215710529068	-14.2717492873995	-15.7385627511818	-16.6439081911170	-16.1943866524629	-11.5338010841275	-11.0128276086604	-12.2291197898496	-11.2575703705044	-13.8589296051461	-8.96497960845710	-10.4349568562662	-10.1369036009764	-4.97061614028731	-4.37626974633207	-4.96930006198994	-6.78187122537133	-6.34552361211991	-3.66128128075789	-7.64244051711055	-6.53842686556817	-0.613727933898344	-1.35082155248616	-2.05211091519702	-2.33837202924026	-0.521658643804294	-2.63025453920803	-2.58774970780572	-0.963853891058359	4.97924955757435	3.08096075733762	5.04793627157125	5.37972971540685	2.52526152274325	3.64706481931651	2.66329968804557	5.32505046959684	8.46864996461124	10.9378589662596	8.41755320891080	10.3527018711070	9.75779935557987	6.22847884595685	8.04064481787962	6.27648613309003	-50.3721878253266	-50.4882575244324	-50.0008951159249	-51.4657087846542	-49.2775907315703	-52.1049066209166	-50.4275304278430	-53.4776402760550	-45.8427696625819	-46.5336588019066	-45.4607046214536	-47.3436896171682	-45.4560875059644	-45.0697862047074	-45.3695300274676	-43.8177623904935	-42.6364382024681	-40.3404838532751	-41.6883660160074	-39.9379904880097	-42.7841182726098	-40.3302456388943	-39.9777920655267	-38.9356019117526	-36.6341530853774	-36.6572681892065	-37.7963412212424	-35.5360856725549	-35.0339837396047	-35.9437060101939	-36.6518247739992	-35.3247446486231	-32.1979544667509	-29.1150672518451	-33.6633543545703	-32.1503400261973	-30.6470590859343	-28.8236418977236	-30.4846926884650	-30.6215849944306	-26.1420963711096	-25.1871346429373	-26.2412414696263	-27.1509231014744	-27.4034837558031	-25.5611255104582	-25.2134097252643	-24.4357989430667	-21.9678397685594	-19.6944401879942	-23.0927363472379	-21.3506824855273	-20.1983814528105	-21.3681318720983	-20.3439634402326	-21.8473989709244	-16.9834997214842	-15.1469930963868	-14.4359456303537	-15.4570406612843	-16.4665195834766	-16.7128135466075	-15.4363099348507	-16.5329585301296	-12.3475586306276	-11.7806869726946	-13.4442003158849	-11.9825722832448	-13.7980646833146	-9.41576182327848	-10.3362640652523	-10.2594181072327	-4.94224243286609	-4.97559968975473	-4.54178919018418	-5.43819988314054	-7.92509715717340	-4.13379684883686	-7.89028905818678	-5.94048260247984	0.261622194051415	-1.12077147337812	-1.16823123165141	-3.03304429366516	-0.00787662007943385	-2.91491454509664	-2.38113104347440	1.14182078838109	3.79748404627590	4.22772288453297	5.36548130637972	5.44819611841991	1.78272381152081	4.30867111545328	3.34293327718994	4.37369738323056	9.32880878318493	10.0199204624459	7.49079642840602	9.76986437972415	10.0218399373841	8.23122415498573	8.14928916802911	6.54818588867506	-49.4255484679978	-51.4160755111514	-50.7811321529445	-49.4538005052676	-51.1315673820326	-52.0397150550759	-50.7825558924143	-52.6040806197007	-46.8286942170020	-46.7977989533510	-43.7239633572327	-48.0247795552102	-45.7151748659598	-46.1677824315960	-44.8812879435920	-45.2459113121822	-42.1822390417135	-40.8846501159029	-40.0164172402202	-39.5900925948867	-42.9395184394251	-42.1128825217934	-39.7479324114627	-40.7329382655538	-36.3415870576449	-38.4162341793806	-37.5113068386759	-36.5629607362964	-36.0033307037261	-35.8859904213117	-37.9262294865402	-34.5924553901741	-30.1518870117926	-29.1412740197062	-32.5160113245709	-31.9351684388646	-28.9759062009906	-30.4155845549501	-30.2830976915921	-31.9311878776768	-27.9959937122218	-25.1035641679227	-24.3412263191780	-27.2505237546873	-26.5003879016017	-25.6589631797447	-24.2666701594471	-24.1491999871102	-20.3065031816338	-20.8401830647474	-22.6308752768719	-21.4256914336316	-20.5381716877655	-20.5614756122890	-21.2852746748946	-22.2193590808583	-17.3065755677486	-15.3494794141756	-15.4906009143871	-13.7154153636666	-15.7889347580536	-16.0132835830820	-16.0436138990668	-17.2528032234577	-13.6806723669542	-12.2148065720129	-13.4774432516644	-11.5165536773150	-11.8586195638939	-11.1377547322838	-9.68218858710228	-8.62878406143324	-6.60115017175999	-4.93970745156272	-3.65931739418615	-6.54888026044201	-7.80924180203784	-3.93066580627081	-7.19208550770626	-6.98967942361124	0.557839434246377	-0.766250488769109	-1.02722255803424	-2.55387808217449	0.774293645841026	-1.75082602756198	-1.22220990206112	0.873530486519858	4.76176792040952	5.42503926119909	4.25857366736237	3.56165469461031	2.48703463245561	4.11430642610328	2.40436017598633	5.92379406519520	9.01217519813265	10.8856581652169	9.15177538585364	8.06746195823344	11.2100061910110	6.83498181968668	7.38471320326116	7.97420430947055	-51.0574565327609	-51.3694499151502	-51.5939105667693	-49.3846231873904	-49.8467489964026	-52.0999930931903	-50.1262068437855	-53.1914953805402	-47.1980259341848	-47.2615977541113	-45.3917269432087	-47.4758888532206	-46.4604606763353	-44.7239859108092	-45.7682008380833	-44.7155633546543	-42.0338558334833	-39.8224369726614	-40.1461520004274	-40.8349095596364	-42.7721220443135	-41.5028521506518	-40.7877708427312	-39.0375634616009	-37.5783723985002	-36.5972029810102	-37.4564366126547	-36.6342217825236	-34.3189883444068	-34.5756901838647	-37.0969769434902	-35.0414626321901	-30.9585410952049	-28.7068595120831	-31.6345056885334	-31.5624898777285	-29.6435630828735	-29.8357045639422	-30.0846814430533	-31.4211524737098	-27.2902672353389	-26.0154552474895	-25.6986925095235	-26.4897647261845	-26.8320944987445	-25.8241351713702	-25.9903486469707	-25.8899417567957	-21.7635629902580	-21.0123693067773	-21.0705162784618	-19.9210896850519	-19.5914612546112	-21.3398338348120	-20.6135518366619	-21.9342589246256	-16.6247302785851	-16.4794610687379	-15.2758611165742	-14.9417235336592	-14.1968598425043	-18.1075157119672	-14.8669270576223	-17.4560913113163	-11.3693971673260	-12.1316842335455	-13.3999095842962	-10.0534095962899	-13.4038291942551	-9.56094229387716	-9.14372102692658	-9.84869812796451	-5.96683816630166	-5.20735771756779	-4.64232592889020	-6.04521836329434	-7.62767242422724	-4.78237739629465	-8.07856633584004	-7.40476439974250	0.563032651932655	-2.32774015970131	-0.915290137701297	-2.18815896869108	1.44246380560523	-2.71362145831703	-0.995543266247606	-0.611594066997949	4.71833269636868	4.46911857376674	4.32882662049302	5.31749752065453	2.15261296349474	3.34299592998892	1.53077423532668	4.16826822919666	7.53489242949190	10.8729130324456	8.71700158786009	10.0338295819599	9.64152676729398	6.25148240681127	6.57702868530315	6.77154819502063	-49.9810553147706	-50.9702479789840	-50.7478785191551	-50.8692168287826	-49.3054186186098	-53.1051452003768	-50.7214110916854	-52.5728470545704	-47.1614254155746	-46.3019206622515	-45.5622636419753	-47.8568367018179	-44.7181547891398	-44.4673123725986	-46.6298251073881	-44.8729760158623	-41.5124215923060	-40.2886341628976	-41.6461107840735	-39.3089659344838	-42.6584801590136	-42.2446966872806	-40.6800538412795	-38.4258595081533	-36.8748180894246	-37.3954886913206	-38.7664081552680	-36.2292208547451	-34.5511459697911	-35.8608755554150	-35.5573342904162	-33.9153639543436	-30.0318621047151	-29.0561432781318	-32.9294940197972	-33.3333232752657	-29.8245562670607	-29.6555247880522	-30.6671367340387	-30.8869814867067	-28.0935867170797	-23.9624400504767	-23.9858393573415	-27.7885597632291	-26.7132642172081	-27.3979299687024	-25.6629295902547	-24.6885591684518	-21.6345528450371	-19.9326104362090	-22.7514866681565	-20.5115975977395	-19.1736301036390	-22.3610693678277	-22.5005397423911	-20.0485962797425	-17.2314742997799	-14.8772816244103	-14.1721894533291	-14.8227667265855	-15.6869206294165	-17.2400606525423	-16.1709884035436	-17.8770220760322	-12.4359176899531	-11.2201407043875	-12.6822825280978	-10.3729026943585	-11.5816977527557	-10.0650101230056	-10.9873961325439	-10.4186390209914	-6.06636185881780	-5.90264200484221	-3.93645356536954	-6.22268990819121	-7.62691273228201	-4.04600525989192	-8.15657137273737	-7.57927573929614	0.487380527289056	-0.934567248580910	-0.955727148414884	-1.61107018089537	0.0134193559556107	-2.51588773499344	-1.24915479393244	0.357127634444595	4.02616750845685	5.16308833521045	3.33787852414196	5.17350269376311	3.41018004131413	3.13634533379757	3.23594923299243	5.17166295305591	7.48177029733701	10.1848337088203	7.94614164411637	8.38240284578281	9.19782312381152	7.34991992228801	7.54456347153637	6.25963027379806



seedPosY:   -395.485480559714	-385.502121237133	-377.049316014029	-365.591516654477	-356.008909662325	-346.660014185052	-336.635941113716	-326.610800157268	-391.356567544592	-383.150200926541	-372.232661088244	-361.919261379857	-353.012287545331	-338.972478978467	-331.336413718031	-319.415675248634	-395.109329404621	-386.192496541196	-375.608789550715	-366.109624918560	-357.245006551120	-347.435301657077	-337.190775234297	-323.598324473592	-389.483847532431	-383.118230195401	-372.321020529552	-361.244065681545	-351.330426691550	-339.139530650979	-331.187250365401	-321.016154757902	-396.984658693233	-384.930136786732	-374.662511862824	-365.057320310570	-356.617921335911	-344.768907581952	-336.709364192392	-327.020726256280	-388.568184082653	-383.166009889111	-372.898869143849	-360.640117421221	-352.401824267872	-341.408308143861	-330.971448869391	-321.534043128600	-395.273674404986	-386.120191827266	-377.290810385112	-364.758288061036	-354.974855935611	-347.504923044359	-335.518980734631	-326.733832995333	-391.612237536497	-379.968833125918	-369.031423754347	-361.634205745548	-350.937365493331	-339.801625911425	-328.765884460294	-320.093084734342	-394.405478689932	-387.990452380389	-376.657867073056	-366.190077104530	-356.880772745327	-346.795254485639	-336.069748587932	-325.999865547053	-392.751348037414	-382.658035428138	-372.396613542800	-362.334301156905	-352.757791664008	-341.537826198487	-332.028202376908	-323.144039628010	-397.582055241617	-386.733635118471	-375.411396755484	-363.678804783754	-357.458209502816	-345.809782913189	-336.200304495056	-325.018976838960	-390.281437707810	-380.379657612602	-373.570681723949	-361.525419078724	-351.319450380325	-342.497752605909	-330.046504461531	-320.693782020121	-396.527299162024	-384.883706857230	-373.264240376052	-366.461777125237	-354.413633136878	-347.293702893343	-337.646216079823	-326.455427697325	-396.466157592310	-386.329638840050	-377.204412018144	-366.007018362623	-354.893427023620	-346.796294955744	-337.521893255175	-328.346887831690	-389.114854241079	-383.609571592214	-371.205304470923	-362.238221365002	-353.444936262980	-338.944990833631	-331.018460410522	-321.412042795303	-395.043032611444	-386.315417284760	-375.747466148312	-366.635778211888	-357.765510124393	-347.558152034122	-337.562101293200	-323.504024096648	-388.684391665710	-381.833850706260	-372.326379301475	-361.816147214197	-351.841175980812	-340.917936374167	-331.448288561555	-322.415712958948	-397.165693458949	-385.379796166164	-375.096999265301	-365.153082224823	-356.830070993234	-345.485459167926	-336.380101341750	-325.588719276865	-389.355378829991	-380.993887717019	-371.061583705534	-360.525219315605	-352.099769670041	-341.399602625043	-330.727249441875	-322.151840340980	-395.655226938606	-385.357913797888	-376.768401339082	-364.749437393814	-355.801647425828	-346.848348594389	-335.747376778369	-327.103374726614	-391.565350448281	-379.128057783028	-368.964386396117	-362.108213129897	-350.962897469553	-339.680957329523	-329.553161988964	-321.063455434368	-395.540190033134	-386.128154036077	-377.657611329838	-366.282865310877	-356.802798550879	-346.286569895492	-336.793906859408	-324.319868911920	-392.519954731978	-381.578494485492	-372.559244146185	-360.970789565767	-352.431585714947	-340.767331212964	-332.602655365388	-323.225230170626	-397.414838782469	-387.583690110558	-375.622805982950	-365.758308581926	-358.975028373329	-344.737672774962	-336.999908161947	-325.908174197556	-388.884139667808	-379.678128975906	-373.037660686991	-360.324872814827	-352.702463730472	-341.256897100682	-331.165213436832	-321.395477337104	-395.920531881388	-386.597040550365	-374.767952246092	-367.200745099447	-354.664991129842	-346.357302602073	-337.156637212133	-327.005767816632	-395.543995364604	-386.665699826020	-377.125823165649	-364.923778702240	-355.005182143086	-347.714118360874	-337.459767075604	-327.851134068312	-389.151244185999	-381.487494786634	-371.999020264668	-360.989690348374	-352.785554105497	-339.077092097212	-331.469222064400	-321.423321902572	-396.551423530143	-385.286385594538	-375.771998786740	-365.863826123355	-358.081800348010	-348.483398245031	-337.505542278856	-323.307253730372	-390.078594744454	-381.676662173494	-372.262074593764	-361.358527672848	-352.222181119636	-339.667681996171	-330.195388482747	-320.932874628966	-396.187303800919	-384.122315285109	-373.710000843320	-365.038600875582	-357.507789732206	-345.479991199026	-336.675439232299	-325.965982232040	-390.217435704578	-381.446875805965	-371.380963779275	-358.850265835852	-353.087706136799	-341.282060291297	-331.808295944630	-321.820601172654	-396.598552295176	-385.089119450431	-377.234881351586	-364.613885652112	-354.937429612505	-348.139141997820	-336.301064350560	-327.246310144367	-391.399456525916	-378.847470474728	-370.195548300254	-361.283780950207	-350.963314139459	-341.332613093947	-330.780307338607	-321.233639154849	-394.298591634503	-387.506491164711	-377.595389654898	-366.239031400428	-355.352338221920	-345.309145097963	-337.432988157814	-324.799527405667	-392.912098116023	-382.442982497873	-372.015793092378	-362.399734754264	-352.628541226483	-341.716920247888	-331.505368603058	-322.811945962946	-396.912530280617	-387.528149209641	-376.470261501873	-366.061986729455	-357.885194966791	-345.231736145630	-336.325295579951	-325.214291937759	-389.911284362401	-380.238304503605	-373.185661862059	-362.277269365568	-350.836191737417	-343.094816435284	-330.754095675167	-320.557220368646	-396.135862500468	-386.198801070178	-375.524979143593	-367.080842139436	-355.703680258093	-347.632338639873	-338.283518707380	-326.879554373833	-396.233698867189	-384.589377777120	-377.965299841246	-364.098630603115	-356.958438542599	-346.710349601056	-338.785380061478	-327.138604283036	-391.345525778252	-381.436968366065	-373.009682003949	-362.667804136559	-352.226718394104	-339.125824960996	-329.728984060880	-321.421573056113	-394.366235618433	-387.034551080395	-376.778912983542	-364.784412710800	-358.095935069244	-347.085649316514	-337.778577361452	-323.274429647319	-389.899115032835	-382.127811145149	-370.612015352261	-360.935016904213	-350.983245285957	-340.796544436164	-330.167220805985	-321.283532719555	-396.383125785159	-386.040268167060	-373.581409073045	-364.554433016552	-355.486697316819	-345.754733313116	-338.196931423057	-324.881349838332	-389.817714859581	-381.111081317872	-372.117621204468	-358.563888029346	-352.041293003784	-341.802263290741	-330.924437781915	-322.437789824881	-394.458726317801	-385.256329750604	-376.560956775317	-365.909546295857	-355.484308527352	-346.979392433440	-335.086703350296	-327.168170203150	-391.483685656499	-379.033127386592	-369.221521120045	-361.883723200144	-351.912474303701	-340.588057569994	-329.579972647315	-321.308964815681	-393.958831705405	-387.481772363877	-377.839816562371	-367.575913748272	-356.754362548835	-346.715140069884	-337.622006103331	-325.898948354499	-393.293273315597	-382.543170868273	-372.696756630913	-361.334852393850	-352.475733323503	-339.724904452260	-331.261247548583	-322.983408995027	-398.575415170461	-386.475497674882	-375.212881844600	-365.303443788685	-356.510396360146	-343.884934855340	-337.178663558387	-324.965557079291	-391.153705359815	-380.665942805362	-372.637426330275	-360.548435369632	-350.750638745579	-341.489613445146	-329.752198279043	-320.734645623418	-397.192277213580	-386.499447044432	-374.967735972889	-365.532651824158	-354.387512434802	-345.675264355001	-337.845458119237	-325.720737195916	-394.968561447129	-386.032975169771	-376.645025494991	-364.714177722858	-354.632178857375	-347.458781776656	-337.296488791271	-327.630339434750	-390.193297387509	-381.525679848555	-372.446363947066	-362.055315114552	-352.309552505596	-340.968803690523	-331.471069722313	-320.209039990134	-396.265831041195	-386.171032260019	-376.330965198353	-365.941231473825	-356.332614347675	-348.212037763203	-337.202164852027	-323.998162419059	-389.793244747049	-382.896040062078	-371.744990857393	-360.856095724077	-350.656825163461	-341.274983463038	-331.581677811598	-320.167018809179	-396.317106558439	-386.070113380352	-375.718286450210	-364.752429943838	-357.367929016664	-344.569340388360	-336.082125206039	-325.244746918167	-388.394032264435	-381.834502461120	-372.047866894307	-360.357913414455	-353.069935256399	-342.744026020919	-329.657079279903	-323.032521695799	-396.675899203864	-384.658878772853	-375.393872381726	-365.666077668858	-353.944422755288	-347.545972930741	-336.431510213793	-327.570047086421	-390.781910620680	-380.883487668421	-369.063316512224	-360.309161422409	-352.156108333954	-340.413628789070	-330.114259198722	-321.786843933793	-394.509980490581	-387.882294860685	-378.585852922875	-366.155978118680	-355.500153646436	-346.010652812446	-337.951020672706	-325.472003627006	-393.595688121881	-382.587340688729	-371.312217970343	-361.508673565928	-352.141803294558	-341.787735190843	-332.478715581657	-322.024828108060	-398.090014204498	-385.986445904708	-376.487728315944	-364.128532482412	-356.678518803055	-345.552279431137	-338.382461655921	-325.317792298223	-389.866821602666	-378.598238612915	-373.619907615324	-360.836829896856	-352.036958831147	-342.315387502091	-331.990765518043	-321.357535373903	-396.860621155371	-385.279113607908	-373.892980132530	-365.457999543834	-354.209999543303	-346.058891151658	-338.394012561580	-327.605847610131	-394.363344150733	-385.569051963273	-376.939701618760	-364.191827624899	-355.085839628565	-346.887627103610	-337.621562026776	-326.889896208736	-389.542585697015	-383.662398501379	-371.135210688446	-362.244360776781	-351.882922930546	-340.537389732420	-330.720259227609	-320.131676768682	-395.616418769155	-384.830991272525	-376.319743657623	-365.131319627614	-357.386118394070	-346.398580934143	-338.303223617950	-324.598772368221	-390.517542153797	-383.309230388663	-371.038066871497	-360.922184684716	-350.963985228755	-339.080171654963	-331.656907285452	-321.089310123264	-396.683891553801	-384.628150259809	-375.352337296828	-365.395552602814	-357.004083584989	-345.227141869897	-336.605232581898	-325.106576398381	-389.786037081957	-382.546977499985	-371.702224352773	-358.813061814380	-352.519244227194	-342.977121592934	-331.152089197113	-320.948621657983	-395.007112857291	-385.150543356137	-375.342158259888	-366.556852600847	-354.751605509181	-346.037507078435	-336.923103387481	-327.016341586792	-391.059423489102	-381.070784497290	-369.149328382794	-360.925879131803	-352.727211445193	-339.542151058305	-330.012351353605	-322.132020535813	-393.633581652022	-386.625947829270	-377.991223824058	-365.883531563422	-357.534817094393	-347.332106376238	-335.825346318627	-326.393578672180	-393.017310620281	-380.739255583526	-371.391690128363	-361.445450661927	-352.212772935249	-340.544458579788	-332.224864179774	-321.593734314199	-398.236551434363	-387.540817929849	-375.156258417808	-365.151789109863	-356.824190048471	-344.532516422389	-336.264711422068	-324.615921155275	-389.005994227520	-380.488235458124	-373.036090183666	-361.861014858041	-350.933962470677	-341.372167861012	-329.708113563164	-320.596453067404	-397.090656164890	-386.892457408037	-374.325470404856	-365.852788558003	-355.896380265003	-346.868503167708	-338.098863498295	-325.815969702527



seedPosZ:   60.6290302686792	59.1278176784502	58.2894474634329	60.1328508693308	60.1159947934178	59.7926541056516	57.2171240810671	59.3403344425454	61.5854761338788	56.1411620826130	56.7039935061144	62.3270376110149	60.8852946526111	55.7885489564988	62.7558968102128	56.7436961872417	58.6544323746443	58.7654284893183	59.2841811818587	58.1745172710986	58.0827834353493	57.9851915734909	62.1300529745122	56.8826565583830	59.3307187616128	57.2534309739986	58.9774336149436	56.1809529089196	55.1888076317494	59.9478034482050	55.9936679166105	61.3683427883822	59.8324490044807	60.7219693710659	60.8202770944712	60.9771208327747	56.6125438925091	60.7945071445995	58.1378214688112	60.1803865188563	57.8427864057954	60.7882292530851	55.8395925398106	60.3324287116103	59.2626282588561	57.6217264687121	58.6250469511555	59.6498388771472	55.3367593925225	57.3096667720438	55.9715460705060	58.3906575517880	60.5863612984443	59.1427457876631	59.7372895686502	59.3391314820860	60.7514301175806	61.5034539738838	60.9487888390796	59.0917800267003	60.4205740201620	59.1868294802394	57.1941570997430	62.6589782330279	58.4544544611373	58.5179304445277	59.7317663733259	60.4739367477405	57.0931395884691	55.6657471505582	58.9904659459414	61.0034862182104	58.7255010763669	57.7202597688260	57.5391739158934	60.3189331506913	59.4077716036111	60.5044003173776	55.6728682360731	59.7487411621085	59.5262012427303	56.9761317312948	60.0274588004547	57.0327164501703	60.6326119268751	58.4415667547394	58.7471085570699	57.0456427754037	60.9672891256868	61.9857426417107	58.6812047460212	59.3353798765411	57.7622676939744	59.5968300563836	57.5847919716364	58.8182257576471	55.6165641211698	61.8722913691773	58.1709183579601	58.5527587970678	55.7700009346735	58.7207215009035	58.2697618871928	58.5502162831401	71.2679118175201	68.3396974402009	69.4601198394200	66.6993268137397	68.0888665686975	70.0706419949620	69.2831163726829	71.5560959072374	68.1108732640863	66.7849240735678	65.0647272231913	72.2502144659199	70.6853284867000	68.4341301175285	68.4513553824437	68.1716004131331	67.2837195866993	69.2273411201595	71.3259780270016	70.7792480187749	69.4032370576254	68.1153132494366	70.8363551769523	70.0823812046124	70.6950902691341	66.8251784426049	70.3864761767806	66.0568359832857	69.6047681914989	68.0874964641292	66.4681402003453	69.9277978016685	69.5655709547290	70.1778959614840	68.6045169140507	69.1865426976744	69.5650918551231	66.9050069659670	68.4605985125223	68.9322227336829	66.8669380076860	68.6630824000284	66.3175371661064	66.4566020137880	67.0659681668606	71.8740226382931	65.2034632767556	72.4583889838615	65.0406970654883	71.0928257497670	66.2155299666064	69.8827572605781	71.3830354007503	69.8540073788985	67.9459091763878	69.8753121696549	72.3047208484328	71.4547048496633	68.3170740892552	66.9839981041575	69.6073963704218	66.5799889234880	65.8734819033253	70.3189100393300	70.5043079559347	70.4954246963393	66.1524176283841	69.7930823596786	70.3360854200359	69.8033253976802	71.8448217179015	71.0602587090707	69.6596269276684	65.9845678146839	67.9327806961739	67.2931623703862	70.2937270131862	71.8558082427386	65.7151858573696	72.0055436276162	68.9400852940983	67.0123176277730	68.9828622798605	69.6600251505105	70.4543920122292	68.7612110934286	68.7375207112674	69.3626321529540	68.1919773824371	68.5209278667153	69.2995783552429	68.8630986829029	70.9381595155855	67.2213215901229	67.7487963557206	66.8926134336586	67.3092531075277	71.9754163672006	68.3479193853872	71.6809991823314	68.1354251697449	65.3942709246564	71.1298257205419	71.6725072106390	79.8878017370999	80.0040052425652	75.5695642336003	80.2089796542126	80.5337878308468	81.3729061391173	77.7547863780597	78.5021219079160	80.0919530350925	77.2711256900242	77.4496660117932	82.4641958743613	79.8762239589371	79.4021525382241	80.2092422724315	78.6147354987813	80.3902946461562	80.4640705653615	79.4972370999956	77.8799043141194	76.4003387899483	78.9073919485484	80.4676584105404	75.9448304314176	80.3456475204672	79.5212293525189	78.0719836899025	76.3222420827669	79.1296105917036	78.3940919528089	79.1849629533024	81.6424903731343	77.2531729814483	78.0370897955713	76.7896846540647	80.7511050181873	76.5259791537798	76.3581829293915	79.8361631652731	80.6202694085536	77.5250468505951	80.9729693424986	75.8255111378926	76.7481265377724	76.2502504120263	79.4460246953435	75.8744051960214	82.6273518389265	77.0475473774356	81.0141329491436	78.3487867504145	80.1618504262999	79.7726288804576	78.8991888193944	77.0260008158376	80.4842932765960	82.2328640259929	76.6176475082733	81.9005395374985	79.9261813041856	80.8603237115051	77.4709116711193	80.1147685244800	81.0832789690823	76.7814397646161	76.8510220455077	79.9496733881712	81.1075958172609	76.5506095259627	77.6064241567941	78.7133783609693	81.2794338185917	77.5303288994604	79.6848399575933	76.6869027502670	80.8393182641223	77.0795075813533	81.0117231457940	75.0262102137105	80.7985528128049	79.8351253847559	76.9815180538954	78.6883395572247	79.2813936339977	77.4740971267978	78.9675596947436	75.2535551564826	75.5740358625049	79.7475402998278	81.4890768303952	76.8002175762639	78.4811210704665	80.1266390632369	75.4031964544423	79.6156136300244	81.3481607255761	76.0691719038834	81.5469574900036	80.4675777107011	80.6967121276478	77.3550961625443	78.1028019807864	79.3334655477348	77.4408891960432	88.8791693495110	88.6406222035847	88.0794631484922	91.0639415935406	90.7939527159942	87.6773509971360	89.7664552958867	90.4508775685328	89.8494684427780	87.0656218983804	87.4320093071914	90.8497877678853	91.6520576550090	85.1230306341198	91.7457434959743	89.3788814306244	91.0880005554723	87.2493843233079	88.7491899772763	87.8728450784888	88.4818704721504	88.7593409196537	88.6046734268050	86.9099538931573	89.2167615851892	88.1884783350992	91.2068666360242	87.7884334748812	86.9870804728883	92.2281986226987	89.6017556944856	90.1660468274451	87.8495510175421	89.2428024219996	87.8657267295002	93.0059597773070	87.4518034029368	89.6928013478896	87.8460470939326	86.7283651871930	89.1675822549780	88.0042173395083	86.4079452059209	85.9368581730812	90.4774386883538	91.2982000582148	85.7146978084766	89.7228915014948	85.5133785885903	89.0977350455921	89.4745022559598	88.5393176634654	92.0206665191102	87.1210230667958	88.0434682687991	89.9008501826388	92.4652896926697	89.6896683290027	88.0950872869533	87.9570496302527	86.7058969119444	87.4890367013571	85.7781006599769	92.3820640250410	90.2212973492432	87.3752891011725	90.2907280923560	90.8492178223321	89.1386600242620	87.2280961795757	89.4144587137645	87.1101565903395	87.6371007575779	88.1404738840262	87.6904067174354	89.6762654177672	88.7057737035448	91.2878863018613	85.3536797430844	89.9054248306177	89.9498582689764	86.0353306793442	90.6822483932152	85.5803193431765	89.6255144684433	90.7335709519342	87.6879562902205	86.8361001767400	88.0666734313074	87.4393437013727	89.8782816731883	88.8005673131219	88.1390824554070	85.8067670856093	89.0467854669220	90.6356774000775	89.7157979169038	91.1570808767885	92.0755707334352	92.4413870238516	85.4254810607666	88.5049759304754	89.6049645494503	87.3922954440196	101.915092209881	98.3200976116557	98.7693129511767	96.7118734454199	97.2173942520032	100.464715110619	97.1258001260459	100.629741755229	99.4050946015127	99.1128308142725	98.3186955098059	99.4021230028812	98.3539245837422	96.3783070841216	102.351663880301	98.7063367664361	98.7395015472025	99.0146668269475	102.009126808374	98.7104988143200	100.373243548820	95.0168392742838	98.8985709619210	99.6132898926576	99.2743318796582	99.0162535988300	99.7850492555772	95.2898182145050	98.0699153509738	100.708624280255	98.0225542044438	98.7383132275939	99.6558914451420	99.6601632566240	100.389639216324	98.3252802702439	96.5094767318694	99.4107581273066	98.9903720625870	100.702104702222	96.3470307074351	99.5743281996779	98.8669250788354	97.5873574117817	100.369523635483	98.5591118841543	95.7912965356297	101.034069805143	95.9251605429967	100.579848425294	98.4833381923121	99.3542901144458	97.0724946693508	96.1193015234125	98.3700279070533	100.933839477229	100.604821878624	98.1821114854664	99.1988631964480	98.2660809929672	100.393434490672	100.958174535763	98.0435197545368	101.011191487824	99.8511584838486	95.6297818837476	99.0051170754578	97.3127173597034	98.1420014792955	97.5963015817899	97.7312088402929	96.9912644982013	100.548497418005	98.0678352334108	97.2216517569783	98.2687344482930	96.8950378263394	97.9637969522083	96.6217741713352	99.2666875057329	100.920910052296	97.5331663847751	99.9495877243942	95.9768721943187	101.178837080616	99.8946345709342	99.3651246122289	97.9234154128211	102.240972897561	102.196895806350	97.3456978012565	97.9428896511187	100.312516599087	97.7215849318557	101.420468786778	97.4457996929030	96.1276339432408	97.8448407256451	98.0396348039132	100.396601686015	97.4151516245454	97.1896180837463	98.7539265596351	97.0774692215401	111.502448308790	109.026039257803	107.154492710393	107.630491149610	109.922032357468	111.329222703247	110.718733820790	109.773271848273	112.333873992554	109.490560261010	105.446858130798	108.682672114829	110.941686076384	106.706752880619	110.088592299927	111.182683790328	111.352043313430	110.570162062749	110.155384713311	112.194529178820	108.438391613113	105.747524045562	108.819734895593	107.265333194234	110.351805829716	106.259605593313	107.864832676172	106.072928112932	109.811700826765	111.756224626568	108.327745414539	111.875937873070	112.181529113977	111.088567564102	106.701059099271	112.842385061729	108.669962225313	106.532276786892	106.729122125984	110.238163894211	109.894248308271	107.763686102064	108.686823858249	109.724479431131	107.277884954069	107.419839288054	106.439663179477	108.184419039320	107.330830762807	108.331694747545	106.633996622951	111.691217439543	109.174126917541	106.791222206660	107.241762119385	107.667544295187	108.794446229500	106.722461656496	111.288952415960	106.127679737908	108.929242636158	108.373093998084	106.761790867574	111.135581062203	107.856224291586	106.028578099428	108.808279038037	107.904396251768	110.446538049722	108.589915335570	111.856781366085	110.479199604484	109.963784612479	108.561883131966	108.939805951310	109.892321246178	107.742908802893	109.873996431549	109.233733501199	107.859555396939	109.502774698529	107.263286399287	112.147010118191	108.471526193468	111.662060836560	109.447849140403	109.392509010090	106.985044641342	110.047499663548	108.193467051602	109.267241217119	109.634830010250	109.341373240578	107.628804616961	111.139657727112	106.954777269115	109.910912721437	107.850256296567	109.832516315001	111.118115734402	107.690721833083	107.655831918073	108.803508511793	110.067590976565



objFunctionValue:   683.167023426817

