Dataset 20


dvh_array = np.array([
    [ 7.82, 2.91, 18.60,  3.15, 12.73, 12.27,  3.45,  3.34, 0.00, 0.00, 0.00, 0.0516, 26.91],  # Rectum
    [ 4.66, 0.50,  5.44,  3.98,  5.40,  5.38,  4.00,  3.99, 0.00, 0.00, 0.00, 0.0000,  0.00],  # Penile bulb
    [ 5.31, 3.44, 28.79,  1.93, 15.33, 12.68,  2.39,  2.23, 0.00, 0.00, 0.00, 0.0000,  0.00],  # Lymph Nodes
    [ 1.16, 0.80,  4.23,  0.24,  3.42,  2.91,  0.38,  0.33, 0.00, 0.00, 0.00, 0.0000,  0.00],  # Rt femoral head
    [13.67, 1.29, 18.71,  7.34, 15.68, 15.12, 11.08,  9.13, 0.00, 0.00, 0.00, 0.0516, 26.91],  # prostate bed
    [12.36, 2.15, 24.29,  5.34, 15.52, 14.84,  8.01,  6.75, 0.00, 0.00, 0.00, 0.0000,  0.00],  # PTV_68
    [ 5.73, 6.64,252.52,  1.48, 17.81, 14.07,  1.98,  1.83, 0.25, 0.19, 0.16, 0.0000,  0.00],  # PTV_56
    [ 5.76, 4.00, 30.62,  1.03, 14.35, 13.67,  1.49,  1.28, 0.00, 0.00, 0.00, 0.0000,  0.00],  # Bladder
    [ 1.18, 2.81,554.71,  0.00,  9.73,  4.92,  0.00,  0.00, 0.03, 0.01, 0.01, 0.0000,  0.00],  # BODY
    [ 0.93, 0.59,  3.13,  0.07,  2.52,  2.20,  0.27,  0.22, 0.00, 0.00, 0.00, 0.0000,  0.00],  # Lt femoral head
])



templateX:  -52.1411959774829	-51.9992791626248	-49.7846777738243	-50.3267216522677	-51.1137577945759	-51.2746325522943	-52.7987461769533	-51.4125087536934	-46.9836883917072	-46.6136583910666	-47.3069383177378	-45.3346310683058	-46.7977560811435	-45.6023652428578	-45.5800295473676	-46.0591770076493	-40.9022073314617	-40.1858292382225	-39.6186055797659	-39.5288535990892	-42.8514016342336	-42.7693377085624	-39.5587206338808	-41.5926896881117	-35.8549556399166	-35.8840775751914	-36.4561903460742	-36.0454954644583	-36.6025027037979	-34.9631915156892	-35.8768563363192	-37.4831027279184	-30.3868512623753	-32.5935749103743	-31.9623101656589	-32.5504657443289	-31.5091741086567	-30.6234456690713	-29.5970137972758	-32.0254731867621	-26.8132718724654	-25.7541652274578	-25.4421893311942	-26.8930893350724	-27.2450101449235	-26.0500926724879	-26.9253455215856	-26.3288407493708	-22.7619868373216	-19.6182104486606	-22.4865268594022	-21.0658612099082	-20.1605587549694	-21.7604654023330	-20.7337777855776	-22.6353763839492	-17.7628798301149	-17.6393077641143	-14.9231502251849	-15.0645027724546	-16.7877585045224	-15.3701400686337	-14.9311334709249	-17.6841551329245	-10.5777842933969	-10.0195284972557	-12.5345795634915	-12.5717806930255	-10.8083284089974	-10.6445650085038	-12.6510760167229	-9.55134250743936	-7.50282659066320	-7.88474992572554	-5.69211607603464	-4.91823864659924	-6.33837299881360	-4.84017222625558	-5.03268480447313	-7.27892862628395	-2.50137779748848	-1.31292199429408	0.364312769538893	-0.629728903079222	-2.79334200598527	0.581665979604513	-0.899575601224216	-0.0463173002542048	3.20551758726728	2.49456454113792	2.30531165118810	5.17628101863015	2.36804998169588	3.86787241150851	2.69885714193237	2.41867212894363	7.38959477879387	7.99085637510980	9.16855705979743	8.07441332697738	7.91621028600125	7.82024798867523	8.20903257387109	10.3931142277120


templateY:  -396.590266038764	-387.748781555246	-376.851705725663	-364.902252645217	-356.218167542941	-346.080881692203	-337.125267527987	-324.642328928259	-392.296120925825	-381.874081178196	-372.861380821643	-361.348554984423	-351.529737808646	-339.403279379414	-331.955118867466	-322.155937504708	-397.543714230211	-387.389118905405	-374.622311430018	-365.042581133513	-354.827238700541	-344.858496375674	-337.090325872955	-325.469594493090	-391.826084978165	-380.183743963188	-369.972063689649	-360.101232675828	-350.739551762674	-342.373606642165	-329.649991682697	-321.394411528189	-397.425147594810	-387.618561387529	-375.880440212294	-367.392147379108	-357.453001927165	-346.545153351196	-334.392101432949	-326.647578440843	-389.699069348465	-381.231863811040	-371.950104154051	-361.985398512128	-352.316842085679	-340.915219972977	-332.197150476418	-322.530776432160	-396.824484029000	-387.065823056383	-375.754816942124	-366.201668121944	-354.624076233660	-346.363846043899	-335.736003555963	-327.608836091132	-392.787454999976	-382.407710760604	-372.357581286495	-361.209025182978	-351.437409260402	-340.147736191592	-330.812918867468	-322.107964800811	-394.766309980369	-384.665013786099	-375.618990071888	-366.515061807925	-354.575261877973	-345.733587073558	-334.911137649275	-327.252688349816	-389.681174189483	-382.306451139402	-372.415991515214	-361.907912602803	-351.663190060668	-342.565905699022	-332.203247811734	-321.733762539124	-395.175485035131	-384.699467821603	-376.644655372799	-366.516286686051	-357.319710987063	-344.911133557794	-337.129599006097	-327.873664265451	-389.510005226936	-379.458942906173	-370.100577490893	-362.228637354770	-352.353785696068	-341.970428289802	-330.718744030464	-319.570128461232	-396.287563784959	-386.888411845335	-377.834164581760	-367.513576048158	-354.836728665976	-347.363876878651	-335.421390172861	-325.611500762024


templateZ:  57.8495625755624	58.4637226887582	59.8994935974057	59.8264409748049	59.8571702569453	58.9055546234995	58.0205129527369	59.2205993047247	59.0971450954192	58.3618056930562	57.6849045782581	58.9528920544310	57.6631277919136	60.2888719367699	59.5729829438415	60.3898608249637	58.9630210181532	58.0827862967829	57.9282548785907	58.2117456286309	58.4010242527398	60.6021019778382	57.6565950775154	60.0345715893719	58.0793183083257	60.3156210628301	58.7721512237194	60.5725924127269	57.4266640873908	59.2341588818873	57.2553497914640	58.1496860176223	58.8198195049053	57.7115001327947	59.2524476197890	58.8874608839748	59.8709648446059	57.6144244601809	58.3260555445133	57.6298301016704	58.8306651568620	58.7656666100637	60.0630979984987	58.9852930441811	59.9818572320286	59.7620430580898	57.2577865399822	57.4864770514219	58.1365639079518	59.0276491080244	57.5465440104014	59.2410186480680	59.4314413782625	58.3832744925210	58.0541170015815	60.2324016817349	58.4341133672883	59.4814925236652	58.2545468264747	59.9534591359743	57.4333043503856	58.3138004156376	58.8740445168789	57.5824575962919	60.5007626147066	58.5512214342938	60.5205117387476	59.3510047793008	58.7333600392554	58.0016537632507	57.7440562649134	59.1827695765863	57.6795033241969	58.5271097147142	59.3548108503170	59.5736678687368	58.6889123357375	58.0844916271515	57.3559035115715	58.9381707963127	59.0669751418837	59.9517144844823	59.2504018297478	58.8966347922757	59.0185098287361	58.7091229650427	58.0706741762864	60.0233271642001	58.7761223718933	59.3736611640658	59.2096722392079	57.5970148483161	57.9913423252899	58.2720908285519	57.3132710945036	59.6431816652306	59.8911807600283	60.5450359762992	57.4683435858574	59.5680740127384	57.5965451082943	58.2258185977705	58.5663018610255	57.2112251422636


seedPosX:   -51.8436114098865	-52.3873117143901	-49.3148272976622	-49.1215360286668	-51.2723366001121	-50.0963117134281	-52.7035552795611	-50.7595056247954	-47.1857187271728	-45.6453993504867	-46.4221832277933	-46.0785242071651	-47.2393397875302	-46.5222326386329	-46.2523853634992	-45.8247389336441	-40.0801282333589	-40.4084529528514	-39.2142812502410	-38.6224863935181	-42.0965508461038	-41.5500342553115	-38.7491321781881	-42.6711141890179	-34.6275046492523	-36.7376154962515	-37.2969395898682	-35.1345970275271	-36.0485660136390	-34.8383381082111	-36.8617081094372	-36.6692202070052	-31.3861837912548	-32.9386342277000	-30.8206822172841	-31.9159055065763	-32.5373971584803	-30.1805062883221	-28.4404330162924	-33.2042452013373	-27.6039533660241	-26.0581377955700	-24.5743400730601	-27.2043900930035	-28.3633358228999	-25.4871693491170	-26.9210312606945	-26.9588531096552	-23.6321374362975	-18.7784712982764	-21.9867606154769	-21.9917607749830	-20.9063479485834	-20.8167538024145	-21.1691412829311	-23.6966594446700	-17.5310206674794	-18.3618457586721	-13.9782399125313	-15.5601220087376	-17.5952529070978	-14.6665232937676	-14.8322536180654	-18.2785030204215	-9.69350870792905	-10.4286211034696	-13.4589803493196	-13.6552856590468	-10.4241517279199	-10.8938961169570	-12.3210985382580	-8.95110659168268	-6.82038793412121	-6.77480911005489	-6.14373511299988	-4.92341328602149	-7.52827072778311	-5.04956467791605	-4.48589712058960	-6.61750780627509	-2.26123196743991	-0.444627213484783	-0.502824787425420	0.279315395715834	-3.08525080212196	-0.170922526586355	0.160780362768495	-0.353527877037904	2.16711523378222	3.17278030545290	1.81420150674359	4.91667322238516	3.04776160534678	3.06275177343116	1.94324346500512	1.94487676006055	7.38821591108610	8.76031167708892	8.93261327549759	6.84267961473011	7.06711662624620	8.61134499946752	7.06242941807939	9.27496696594739	-53.0402932114843	-52.7439063261293	-49.1604320385752	-49.0913467941203	-51.8469885301434	-50.1680684307367	-53.8242171213769	-52.2763631860806	-46.0216302398935	-47.7961559741171	-46.9420476630264	-45.8796306543441	-47.5579994339458	-46.5230166567028	-45.1061975925544	-46.0611280754689	-40.5850873040947	-39.9263427973768	-39.5626188407215	-39.0828374142616	-43.1613578609441	-43.9786244438939	-38.4518049558616	-42.4678281895696	-36.6907284432084	-35.4735034734233	-37.3687671183033	-34.8545438398183	-36.7835220778260	-35.0668423210180	-35.2415118140912	-36.6756667898198	-29.3720393316041	-32.5897805410525	-32.7260111762689	-33.3913698304945	-30.8632228365051	-31.2049113805518	-28.7470628991899	-31.3080156637025	-26.7906858526588	-26.2065913758648	-24.4310632299297	-25.8367544290470	-28.0291986013190	-26.4068403353374	-27.1416861901747	-26.9506325678759	-23.5695746199835	-20.6286598806454	-21.9372676756958	-21.2198717852996	-20.9792318194686	-21.3726450031279	-20.3775657764193	-23.5563194956610	-16.5292562781121	-16.7919603143338	-15.7236475366802	-15.5698654805938	-16.7033226307736	-16.0251019498674	-14.3861289044306	-17.7109531077880	-9.32885641154550	-10.8624507813791	-12.9686070386132	-11.9502668299907	-11.9045096707743	-10.8568902686598	-12.9685103780719	-9.53228336164549	-7.60811296643392	-9.02580983406260	-4.75367172036865	-6.01087875898558	-7.11156331068654	-5.50168422691241	-6.18825839039311	-7.99455939034968	-3.66722482697528	-1.41451825021297	-0.618387141581414	0.552124541534828	-3.10412169691793	-0.658439570292286	-1.02076503993762	-0.713504430833418	2.61261387379157	1.42050782570140	2.45500406176750	5.40345387837969	2.74548064143133	4.22885215475168	2.27116720460260	3.07281881562750	8.42840757416721	9.01243602560500	9.48253716405653	9.03829692923731	6.92775245174443	7.88347296617413	8.31152856506912	11.5555831061050	-52.3079499568056	-52.3984487624714	-49.7161859644348	-50.8203116023385	-50.6927143025175	-50.9361053791121	-53.4023799680653	-52.0659325468562	-46.6869688821799	-46.8480586495346	-46.9305712397930	-46.3846749653876	-47.8814562790479	-45.4870322341803	-45.8494962712638	-46.6627362360519	-39.8672641951221	-39.7267504657780	-40.7915267060110	-39.4869932565621	-42.6515648981410	-41.9517993517449	-39.7024326248207	-42.1818935495409	-35.2311439118171	-35.5758625606540	-36.7757370722341	-36.4056721802450	-36.4366057435774	-34.2099676029548	-35.8617044686071	-36.9678131962852	-29.3703510927137	-32.3468803637116	-32.1441030757091	-32.4730617063696	-32.3009202987384	-30.0123426815107	-30.5817517813437	-31.6160653321957	-27.8947427318528	-25.6219613491313	-25.7862806996176	-26.1388545764381	-27.7549488884803	-26.2995795129927	-26.5607152466560	-25.9395684050366	-21.6256030190238	-19.7143877286147	-23.3620585466306	-20.6069417405822	-21.0489215648320	-22.9668506268462	-20.2833852711868	-22.7257461980739	-17.7661853971234	-17.2187559312249	-16.0036538056172	-15.2060342611515	-17.8566655103261	-16.1756699150709	-14.7481967894698	-18.3850267547953	-10.0548257974059	-9.87584748510131	-13.7602517776860	-12.9815121060268	-10.9676986971715	-10.3256934275000	-13.3014488103286	-10.3136642159004	-7.11704852461395	-7.19839479267199	-6.86585941224363	-4.43377085201420	-5.36858817502418	-5.83851847898669	-4.95778951851040	-6.65218209949739	-1.71783236574202	-2.18365551099683	1.53334152198343	-1.39305358867265	-2.87227223463793	-0.192921588828497	-1.02488713323837	0.229906881919336	3.11209274331562	3.52615763045367	3.25383733435432	5.85629733496024	1.89755263937405	3.93010485757252	3.04660189124455	2.99808817065681	6.73489646339213	8.76452133142615	9.48637189895650	8.46814531324442	9.13933816312497	7.44869833619417	9.16803215763443	10.8500482852449	-52.8398431964162	-51.0116087859100	-50.3279683421178	-50.2863902014657	-51.0283461465823	-52.2434828812675	-53.3495399823011	-50.4794362498312	-47.8733201451209	-46.8908250385096	-46.4041592588087	-45.9037905149575	-47.8821421176999	-44.6554770996345	-44.5260921759557	-47.1965141239693	-41.8349932370383	-40.1256176682786	-40.6602501796001	-40.5272562244714	-41.9384649303690	-43.7147739909295	-40.2049535777330	-41.9565070488318	-35.8639258322279	-34.8293334892419	-35.7154420686690	-37.1778709224636	-36.8448962168444	-36.1814328285705	-35.9130032496489	-37.4224724485084	-29.9654701753299	-31.4944828368546	-32.1114944742285	-33.1648299460875	-30.8011042264809	-30.2070325284115	-30.3987850938429	-31.2414759653675	-28.0115399666448	-26.1226258217296	-24.6643717286534	-27.5100150764588	-27.7331483739062	-25.6027169659609	-27.6880234967314	-27.1804581133917	-23.7231143681288	-19.2180697446898	-22.5136491603884	-21.8214372502735	-20.6630783764184	-21.8088418207502	-20.7756599968148	-22.9225010914732	-17.4933730886051	-17.9787138654250	-14.9111139878615	-13.9477618643687	-15.8245600001528	-15.1768143538749	-15.5826367038143	-18.3003825035609	-11.2023378696236	-9.29681561915322	-13.5850524854056	-12.2006891912244	-10.8123031116581	-11.3271247007397	-12.0260728653353	-10.0663972484037	-7.78783328861136	-8.80068543178935	-5.56314614799422	-5.17593142383923	-5.68200067892087	-4.89426139377547	-4.73725404511256	-7.27618744431729	-1.25326800935386	-1.38845794298478	0.402505101272057	-1.69289214650628	-2.48443889764235	0.378428023736174	-1.96252973648547	0.780948384485995	3.56566612465043	3.35588693951742	2.93698083138159	5.05478063405644	2.80894571138980	4.89184940537513	2.03590229341825	2.41960898247285	6.18040124134259	9.15691139166205	8.16682062861699	9.09721597332447	8.77207551728473	7.87032029280126	6.99183589428802	10.4780409312881	-52.2627006957900	-51.9190623472747	-50.0473820934438	-49.4604961640246	-50.2286134661986	-51.3134562094246	-51.9351618238531	-51.2626848773482	-47.5031254475014	-46.8561445939121	-47.3479682057373	-44.8369697579266	-47.5707074660427	-45.3104729360353	-45.1951306950589	-45.5291106741493	-40.7341901745647	-39.1384095356168	-39.9429773082554	-39.8269098068881	-43.5214277457021	-43.9837523661082	-39.8502925912184	-40.9930570540419	-36.1475954136104	-35.5765762947494	-37.1254101520685	-36.9334633602381	-36.5223772635798	-34.7612490910870	-35.6371753936310	-36.6923719697261	-31.1102926248784	-32.7615892385527	-31.3448223980127	-33.3843081419443	-32.7085375728819	-30.2881603977284	-28.3599332339408	-30.8446604180748	-26.3018321328015	-25.8997238594751	-24.9956335435511	-25.8633960313404	-27.1354282310839	-26.8562538841421	-28.1685143141237	-26.4082156301571	-23.3767272038250	-19.7516048087832	-21.9954585892990	-21.5666392934203	-21.1926932564154	-22.3451238172889	-20.3835608815717	-23.4077106752343	-18.2366716459171	-17.9355136182338	-14.2117814220598	-14.6855641914879	-17.6398767458147	-16.2775782344815	-14.2888212329060	-18.5700296571173	-10.1540315135944	-9.91241400438918	-13.5998285845440	-11.4350969428248	-10.5799672776676	-10.4398065551070	-12.1096306949878	-10.4156733063044	-7.59642346121008	-7.31851453309593	-5.81564106585653	-5.81241767650629	-6.67559830473508	-5.74161238435075	-4.73117685870619	-6.73423579991840	-1.57468840341090	-2.55955490574890	0.105113626134389	-0.257092878899097	-1.57823272416293	0.999786712573130	-1.97606379826009	-0.0216389754419286	4.44899394627219	1.30251403952751	3.02375266075939	5.81282233883902	2.17343160465230	3.13363948590352	2.34092802324404	2.45468189208894	6.43194729415841	7.91364338896288	10.2484518987126	9.29792673512104	8.71472945022704	7.15831818422996	8.04261106873580	10.5687392710212	-52.8463758412819	-52.0249354570711	-50.7343472963568	-49.1013224551369	-51.7977291652551	-51.5929473714918	-52.4363637153749	-51.9181737095365	-46.5881137847903	-46.4115601174736	-48.1342584465732	-44.1286961538917	-46.5024231512913	-44.5967748055260	-46.2232972793205	-47.0044263920812	-40.3999410257063	-41.4036691705593	-40.3938364598180	-38.4628547731476	-41.9316729632116	-41.8002967491994	-40.4776044642309	-41.8676864011365	-34.6560173436766	-34.8043879620905	-35.3626706394461	-36.3759681565184	-36.0535669814429	-34.7791261901208	-36.7609368217243	-37.7968973637829	-29.7884143243844	-32.3550577234046	-32.4925639490787	-32.6090529518869	-30.6899375200904	-30.6828332857219	-30.5203638035729	-32.9450570877357	-25.6177045386028	-25.9610812272722	-24.4525832508592	-25.6645478411416	-28.0396186199567	-26.0502321708643	-27.2538539817503	-26.0405815062857	-22.1830591690146	-18.8896864852534	-21.8242167756176	-21.6757833347789	-20.5740840854704	-21.9246198353986	-19.6928815775189	-22.9485683990929	-18.5384697347758	-17.4364073909847	-14.4945104159688	-13.9807154738636	-16.4030202103501	-15.7999641346808	-15.0850125218248	-17.3034090943661	-10.3281025452921	-11.0890136127571	-12.7593058723078	-11.9127071367370	-10.6874255133855	-9.55640973996423	-12.9809727449572	-10.6863310992821	-7.47736041225861	-8.43112698436220	-5.37495792849315	-4.62982206193037	-5.76965601398010	-4.75398207725525	-3.80386488142040	-7.84574455704181	-2.16127691130978	-1.02381622568157	-0.246352127360357	-0.770053682104250	-3.17236663807415	1.24350468369138	-1.67796835441975	-0.00659279817928465	2.70090492405640	1.79732552308333	3.45284098912221	5.93826679146587	3.17168953447879	4.35713518985114	1.66674057716536	2.92096601382192	8.49669399326337	7.71273840769161	9.96146093439089	8.98769575656806	8.75289549250462	7.84179174165350	7.87627081559393	10.8936834378029


seedPosY:   -396.588050389742	-388.979290715561	-377.226639031505	-364.110877421471	-356.036543429361	-344.993239389675	-336.080744558066	-323.445618937858	-393.084319601060	-380.690033492911	-373.991057592832	-360.522252318705	-350.559084853392	-338.268658087125	-333.070174008692	-321.141813613612	-396.482182769017	-387.233090979033	-375.476783414431	-365.274672553711	-355.619259110086	-343.958627362348	-337.326311152567	-325.192801449127	-391.984487874955	-379.216659460042	-371.217723841005	-358.916142681943	-350.187914257534	-342.118557925036	-329.178401681258	-320.674398156932	-396.386391857435	-388.056888785419	-376.903393271869	-367.702883699070	-356.254300266112	-345.723045701149	-334.064049576856	-326.658218150806	-389.413143717077	-380.899341423058	-371.321701623262	-361.515323787107	-351.554192299885	-342.076121848762	-331.126903652919	-321.477960145208	-397.499857934558	-386.359743562651	-374.885101286119	-367.047996032352	-354.543710436032	-346.144210656446	-335.271707345145	-328.140875184386	-393.604481429204	-381.428973641905	-373.143687472953	-361.585774848209	-352.237650349580	-339.707184205393	-330.509644359325	-322.577510809165	-395.868585759247	-383.558791154590	-374.977902957897	-365.395032335650	-355.567145804398	-345.558064561621	-335.486717435971	-327.568310768897	-389.074334873052	-383.311944015706	-373.664464036090	-360.736984538531	-351.663364606627	-341.747958803350	-333.348315698412	-322.526193963689	-394.926656382316	-383.801023304098	-376.055939544854	-365.392795482618	-358.336032612080	-345.258944106934	-337.281916400341	-327.936660317985	-389.565266397295	-380.334427361077	-368.888346345017	-361.819380609694	-352.069262489652	-343.171652751570	-330.595346083575	-320.315601768102	-396.014660061746	-386.599849441858	-377.906358849213	-367.672057410035	-354.913737302572	-347.246140923334	-335.971904279026	-325.982540706778	-396.940681153778	-388.270629204898	-376.126740001864	-363.960004297984	-356.942444163091	-345.663621476342	-337.152702238724	-323.703509433351	-391.897950583186	-380.728966889127	-373.886367064347	-360.681171340882	-352.717414268448	-339.780762501756	-332.966102623253	-323.076002874231	-397.434064615342	-386.627765857894	-375.619694104947	-364.246220259868	-356.077058628478	-345.459674891282	-337.338194330141	-325.957186869585	-392.140720389113	-379.604594844009	-370.600993874493	-359.591618797207	-351.630028535076	-342.122969717731	-330.434390488924	-322.072297923446	-396.291332674121	-388.038263838247	-376.932652110818	-367.059992133120	-357.487822761366	-346.241359024130	-335.146545606654	-326.551601000485	-389.556654964202	-381.453620874773	-371.034263010100	-361.826054803779	-351.875362521843	-341.714772777226	-331.444745219244	-322.118305963631	-396.994270189427	-387.563439470270	-376.045965374045	-367.428938256761	-355.666078039847	-346.526575076953	-335.691216509090	-327.785613865612	-393.085813702122	-383.535986598342	-371.849557654168	-361.400909837594	-350.758324826002	-339.833718876792	-331.515745240789	-321.143185570872	-394.049909365261	-384.347708097062	-375.370152424386	-365.608731946106	-354.306997031928	-345.948414775891	-335.554622373928	-326.057541963462	-388.490411465920	-382.176073538957	-372.917296902065	-361.672935854928	-352.173823020900	-342.238899349421	-332.330528285041	-322.014294816445	-394.064144821362	-383.973180894056	-375.993466852991	-367.535973484033	-357.280219491426	-343.792673151083	-335.921743425796	-328.205183583271	-390.726885665963	-379.763274935436	-370.760454013262	-361.244862690287	-352.344058656863	-341.322277281835	-330.598293106736	-320.441429089316	-395.696806613787	-386.616209821857	-378.189944934069	-368.103804069815	-355.274714694676	-348.161395340503	-335.938639202750	-325.983827576832	-395.727616162822	-387.369734442078	-377.933032841790	-364.917253944817	-354.977386431467	-345.403146414679	-337.878056802242	-324.594343949399	-393.296416142997	-380.696115256708	-372.154100455131	-361.397152091250	-351.693129840992	-338.510090352652	-331.131686243852	-323.279282541361	-397.021971819787	-386.738479463623	-374.321977074437	-364.865117438316	-355.552320734118	-345.312602675797	-337.880570071204	-326.536248240721	-392.098757835792	-381.068405870221	-370.853054791218	-360.146020901846	-350.564940973081	-341.580518700797	-329.642240016644	-321.303325891982	-396.302468340860	-387.052463677496	-377.108697447486	-368.105231179232	-356.319136179063	-347.181646935035	-333.144059050430	-326.723681075947	-389.675783549236	-381.699620619438	-371.327014591442	-361.733656562345	-351.873415773059	-340.798876397436	-331.724825306108	-323.257469201373	-396.878592465120	-387.112926254341	-376.714237499910	-365.312858664557	-354.766050264439	-347.384984418483	-334.629495195887	-326.461992830777	-392.078523629502	-382.720215519100	-371.989970984853	-362.083742890035	-350.766749419010	-340.859530809830	-330.471763392554	-322.241528949081	-395.970734286753	-384.544182752555	-375.738309808001	-366.896475018497	-354.861201621280	-345.216353546131	-334.427773100998	-327.408144905652	-390.442954860923	-383.394527799769	-371.170555824967	-360.786988061330	-350.507273030896	-341.564398205989	-331.405221958882	-320.763306301329	-395.868575783398	-384.041619458105	-375.631654433430	-367.387306262526	-356.295568285807	-344.489079198528	-336.376955808836	-328.064340794230	-388.415762217761	-379.194945005463	-370.542871008463	-362.598673327981	-351.580627549956	-342.311389438804	-331.483703237686	-320.162945234735	-396.231675642206	-387.080682608347	-378.633778975486	-368.021464179100	-354.961199091951	-347.151477727969	-334.640491308842	-324.376113179497	-395.542600545879	-386.771437392378	-377.319792803974	-363.837468002143	-355.769215628595	-345.814403922669	-338.086930673053	-324.219358882619	-391.595603885861	-382.336813660640	-371.823404779656	-360.462430600907	-351.194122416448	-340.361370554462	-331.692956966943	-323.319152927369	-396.630322205739	-388.168721796434	-375.180710134484	-364.064430965600	-355.356387171276	-344.277623796189	-338.167275288738	-325.661932676648	-391.264819369987	-379.705400655682	-369.128945362474	-359.210054959765	-350.581652067219	-341.660174062777	-330.070392084724	-320.653596542908	-396.638729617249	-387.357927800369	-375.280719609765	-367.641669957523	-356.916501926543	-346.877276071932	-334.535365788362	-327.520698104291	-388.927481134856	-381.929009135310	-372.939099443157	-361.222268770892	-351.811709705277	-341.461854182686	-332.773341716829	-323.128869265913	-396.704688188304	-387.212413798736	-374.624068083065	-365.358817809633	-354.266411998060	-347.460685556058	-335.390711062704	-328.203857230280	-392.995146620294	-383.532512430339	-372.056646957400	-360.592826091569	-351.561444127098	-339.841582878486	-331.737487926445	-322.777183850235	-395.503625989419	-384.752511494278	-376.727863325540	-367.467790464235	-354.278237609369	-344.577952136630	-335.190205613014	-326.257114157344	-390.900985896165	-381.975294891155	-373.034050023164	-362.721907680766	-350.930589899475	-343.601850140694	-331.024386204927	-321.794231676967	-394.632780961817	-385.901941137354	-376.151435912754	-367.561420814747	-357.537055203357	-344.810763915263	-336.953590698401	-328.382950733053	-390.415399070204	-378.648604270553	-369.058547240194	-361.713847452256	-352.586131604502	-341.066818272984	-330.557224038944	-318.451207183328	-396.763519083603	-386.017450755876	-378.980364476837	-367.379035580759	-355.302989269430	-348.125493877635	-334.305011049069	-326.610388886052	-395.968887281885	-386.677629227414	-377.701310010467	-365.742878297042	-355.360267389463	-345.396000733792	-337.375923921601	-324.599149798376	-391.242104109151	-380.850662262919	-373.088545873392	-360.498183914626	-350.613649855373	-339.547647244776	-332.909027988124	-323.148585868804	-396.950390168535	-386.440087516136	-374.099713348977	-365.179803766526	-354.617489145062	-345.087123591011	-337.981196620414	-325.907622907429	-390.603467340190	-380.423802667030	-368.808009180248	-360.348689083580	-351.737188859487	-343.362388276658	-329.704717299562	-321.210155874959	-397.597514835890	-386.690476021363	-376.138834576936	-367.287565453729	-358.402150967128	-346.583187151869	-333.994684192700	-325.695819390854	-390.740674894803	-382.480558847505	-371.263016309490	-362.349774800576	-351.933932981186	-339.703251996409	-332.957726535800	-322.388560250042	-395.587072898170	-388.177602544878	-376.410660504587	-366.811548751926	-354.455519429651	-347.533783995040	-335.483748769445	-327.139056104806	-392.971210717072	-382.096006568067	-372.121013625939	-360.985447860370	-352.582077012416	-340.691070136478	-331.025364009206	-321.522923018761	-394.427636579256	-385.284843851195	-375.901036014849	-367.704629118500	-353.614324173085	-345.192794804119	-335.213266254577	-328.108933715043	-390.843633269865	-381.676769512882	-372.948834092678	-361.923651492698	-350.960998572608	-341.949879951581	-331.183859756099	-322.689879575633	-396.260590651789	-385.182802299717	-377.179861055047	-367.115709999954	-356.887436985834	-344.187742983175	-337.771485036067	-326.959345664370	-389.235421686664	-378.444857936996	-370.079198096451	-361.951120805205	-352.987323377901	-342.411641939993	-330.948744181292	-318.548142036365	-397.087471606748	-387.358057334116	-376.889772935626	-368.277634047576	-354.551204428756	-346.633592378284	-336.347186403510	-326.541908083525	-396.670874841708	-388.515146295443	-376.412744223545	-364.509285086313	-355.398182637502	-345.587215274345	-338.311940843994	-323.628267868182	-392.791154851123	-382.197452254520	-374.007830815338	-361.136318929116	-352.079688374585	-339.553341172925	-333.096399630349	-322.162492403655	-397.986022800170	-387.012178894905	-374.571693060195	-365.123746189503	-355.022377166425	-345.179762720351	-337.266902416127	-324.263259557711	-392.307431167057	-379.435016742638	-369.673862266024	-360.327989257155	-350.406344592114	-341.587530618915	-330.234048155215	-322.386760836099	-397.860105731270	-386.638833716925	-375.276611925421	-367.605279046844	-357.391882225339	-345.643186764319	-335.330679276145	-326.265795371258	-389.477483971078	-382.459459974273	-370.761889683838	-360.929698899576	-352.161649570639	-340.004197836218	-331.188348771385	-321.850522163463	-395.640593622777	-387.165426021644	-374.574559282761	-365.162319202201	-355.420443171853	-345.712412642727	-335.731536847611	-326.929890511953	-392.844968874617	-381.514317798636	-373.123961038616	-360.961695073267	-351.748837465336	-341.317451443945	-330.010147865623	-320.871787251036	-394.719631235620	-384.257632415576	-376.219396563433	-365.563281840149	-354.696603647158	-346.775053500203	-336.078308077141	-326.901213451767	-389.526679413525	-381.859630313514	-371.893628760801	-362.033983216404	-350.451154436612	-341.866201612391	-331.861779866833	-321.476062879205	-394.147770520722	-383.590305613634	-377.399140632262	-365.573357425136	-358.300905959391	-343.920441692115	-336.695792793032	-326.968755767326	-390.001762967153	-380.359357782598	-369.648870317476	-362.138121841601	-352.947702634791	-341.092849474248	-329.554277071828	-320.631289667449	-395.131406994954	-386.696056881544	-378.892805764620	-368.310147038801	-353.984139782019	-347.313829335542	-334.362386511842	-324.384679123963


seedPosZ:   60.1943937912394	56.4273616458922	59.2524749053125	59.9772582232020	57.7601333616023	59.9270805414830	57.2553708964799	57.2820592728208	61.3066484333378	56.8985348852090	55.2339286857881	60.7957071873925	58.5563007322931	58.6473968303052	57.9562883707843	62.3691372389463	56.8679066098468	55.9420035435671	55.5454315348669	58.5742886552751	57.5279794312867	60.7266685696764	57.1661339854754	60.6807265444782	58.7374412243262	59.5290019109331	61.0554492007839	59.7393160906563	58.2818731968173	56.8650270770260	59.0642153168644	57.3255529185853	60.9201660718858	56.4418983165806	57.1407397187154	57.8046819330773	58.8856726335375	58.2252137195349	58.7349745386753	58.5914164032549	57.0484716557510	58.0056891139334	60.6800632826538	60.7801780697935	59.8396976496359	60.7156411908078	55.2265806673434	55.2744658182351	59.7625718574592	56.9816002683419	56.0784360419686	60.7072187463382	60.3400991417048	58.2332274171160	60.0429601480654	59.7750510685845	59.2268554133940	61.7735896971972	57.2636486637347	61.0777380878211	58.6928157018447	56.7419543125285	59.2159439469156	55.3880204393896	61.4171705550236	59.3948509453420	58.6915104823952	61.3164883480316	57.0816818376481	58.2222035525114	55.4171260670541	60.7555901431923	58.1550156534809	58.0561115788050	60.0749868991206	58.9053833718253	61.1887639867753	59.1147177673479	55.8399116200165	60.5860364997368	58.0794177962203	60.0668028260533	59.8747248833634	56.4203906861416	60.3953623303006	57.2711014295477	56.5905669390447	61.4973378857656	57.6256245541029	61.0276172461409	61.6959792451007	57.0738956388737	59.9895556107507	58.4263077893638	55.2245242390619	59.2359286676187	57.4857019735038	62.5526424477481	56.8431382365176	57.1272916426160	57.6022950083331	57.9427372388758	60.3285209088338	57.2155392842574	65.9105400304405	69.9207292845890	72.0736279972522	71.6058794080506	68.1322032980958	66.8120575263304	68.6618240336238	67.2053830205336	66.7643087153746	67.4798559307056	68.4101599438861	69.3742725237013	68.5240127207892	71.7523160384294	68.9739543991918	68.2863274028007	68.6339802699005	69.5101555207701	66.9526635269681	69.3819049412930	66.4020101402050	68.9659373797103	69.7821728849400	71.4766840536961	69.4734495061313	72.2021523466939	70.8207559013351	72.7245224281205	66.9466926849663	68.1799060418034	68.5988964037380	70.3690880162200	67.7168028270505	67.0671523338159	68.1185204980882	68.7551569738289	72.1736858604643	65.6232083160389	68.5292789227720	66.6674849328675	67.0889191352174	68.3787791419336	69.1841553563879	69.2673273223104	68.4040578901361	68.3365583117323	67.5840945817644	69.5297117260048	69.1360624153814	70.9549601288680	68.7625169991629	68.9644262549569	67.5244573627055	70.5796225555512	68.5363767360882	69.3874649813964	67.3991201449342	69.5019006311875	69.9784523390384	72.1817801878435	69.1748599704904	68.5338914536492	68.9782423550558	67.7135459071434	71.1261756582586	67.4452649351697	70.6299456326084	68.5022128282281	67.6088345717782	67.3662103549628	70.1756663466795	70.4495373083829	67.4094532871608	70.2560000499102	69.3619327612678	69.8330261865939	69.9027067372498	66.9465840555899	66.7876500753337	70.2062225036775	69.0343303165557	70.7776116144821	71.2597540620648	68.0680901358778	67.9963630568156	69.2996284212574	66.4830701557993	68.5840625183601	70.3078857294621	67.4172548556546	70.0962327676495	66.0714378266242	67.3502902418604	68.4706795928418	66.0689631998153	70.7389306151169	68.9970017724569	68.2332286219072	69.0276497285337	67.2946263095687	66.5841675117209	67.2454061443776	68.7482274258506	65.3122209020274	79.3258967382796	78.4764764661809	78.5394193702438	81.4828510387932	77.9243870580465	81.4021793268851	79.3120245858577	79.3128987146043	78.9802688305360	77.2243464931534	80.0007168713180	78.0501261724438	77.4278892025525	80.4549636425666	80.9898830464477	79.9515370676384	81.0120010995663	76.1860414610080	79.7905875816290	78.9686866636843	78.0585027042360	78.7879174070459	75.2486825160831	79.3632647323926	75.6658627209781	80.1728383686648	76.9304475125851	82.2968567961140	79.7136970545883	77.7148110129271	78.4440587085879	75.9276259783183	78.8922884230184	75.8054243834235	79.9657064448069	77.2007566683381	77.6793253736535	77.9069419557282	76.5479454677685	76.9712391009400	77.3366240315570	76.2665678295964	81.6131012304708	81.0006439151308	79.6851241948593	79.0912148147358	76.5818117805041	76.4258510132868	79.8120324850458	81.4070511632065	76.1179966567523	80.0710809933425	79.1351855663975	77.9472135162240	79.7868790955970	80.2442243007157	77.0792032344845	80.5417059674014	77.9154582995616	79.5331891869152	79.5896294778606	76.5494023198150	76.4732355127357	77.2025450095506	82.7347731722921	79.7050733274678	79.5800547261685	77.6263803919837	81.1789230515918	79.7661463811703	78.6120436340727	78.0303766246625	79.6922528405484	77.3556392660087	81.1230687687254	79.1693132865879	76.6173460207765	80.2617817418594	78.9737439015805	81.1004335019039	79.7521285482571	82.3842906566261	79.8966596716332	78.5420708816990	77.9035964639066	80.3557751187532	80.2179789701647	82.2962049761895	77.1107074900150	77.7754978599951	81.4481980487921	78.2573695456880	78.2235242468113	79.0051210845306	79.7644470457547	81.2086534311553	81.9579736854338	80.8406467192451	76.5326576267225	79.2878572985415	76.4263354108987	76.4393979869980	79.9015600422496	77.7562660515606	86.4384289635648	88.3104950898083	91.3728869994288	90.2568062599455	91.9250067427436	90.1656207742262	89.5671555202920	90.3556716761065	90.8240533482468	88.9412454703725	88.2525064497509	86.5012957864655	87.9788531920671	92.0592579358805	89.3324375164268	89.5813887275456	86.8888635253146	90.0572010001657	87.6517861338338	90.1796552929879	88.5369000979933	90.3671341521356	85.2272735863150	88.8737070363206	89.5726312500533	88.8424624108383	89.4862347388384	91.5409464442912	85.4120278430138	90.4308879916150	89.6358827706157	89.4366765906939	87.3525353183163	86.0865608543017	91.3065569377669	87.7354615961752	88.3181194991452	87.2916535325960	90.3880979413222	86.0804368241964	89.8757586683431	90.0838858942506	88.9238277562825	87.9606626347867	92.2879617989168	88.3290293051720	86.6607272208058	88.3251336916322	87.5073566204896	89.9433032624269	89.9231462384108	90.0856371044613	90.4186056474216	87.1207869106331	89.9167476886557	91.6152387878674	86.6345162083644	88.2454024736417	88.5399458831809	90.0026857420945	89.8133702655721	89.7133680397868	87.5887836582359	85.5258554213244	92.0179937661048	89.5671937819297	92.6487740447699	88.8634238461888	87.5092309302664	89.2012990008502	87.2721197237633	89.3789047067050	85.9732746636471	90.8751770478493	89.6826195288924	87.7243602339509	88.8439186427564	86.7716266383236	89.1560184400525	91.0376190980081	89.4921677026982	89.1566486246476	91.7212991099996	89.8022170661509	87.4127998279872	87.3883428107138	89.2526579499253	90.3006046904186	86.4742536806416	89.6594356890450	91.5857996469800	88.6411854802871	90.3233705442927	90.2702096729481	87.7141275407628	90.7098881963285	91.6096170150611	91.4864710710318	85.7806920544809	87.7700619765264	86.8244236165844	89.7895032614061	86.0911071098261	85.8998937871318	95.5088927627602	99.3484360570692	101.657549376794	101.173507909287	100.239405899194	97.7495466030177	100.101107544513	100.903834342362	101.248764152496	100.293802191694	99.0076872636039	99.4924108603943	98.9014831965586	99.2798656262202	100.679289505703	102.397161893496	96.6833677859950	97.2952270121017	96.6202581855027	96.0652091968552	98.1431614091326	98.4552903439218	99.6767849269822	99.7899459699911	98.2185363170856	102.672588428184	100.265532071308	100.694901668316	96.5244333543853	100.925172806681	95.0606429777466	96.6760199475421	97.7407798000944	98.8764990745988	99.6042894474942	99.5070878258623	98.6545597437494	95.9622727153053	97.0227888415802	95.5850040091077	100.604885794176	100.662967749051	101.019986567729	97.6672458249322	100.560775488524	98.8188780433731	97.0172649939151	95.8036547233944	96.7725013682343	96.7430284602977	96.5375278678865	99.1080285160689	98.6499750481627	100.027214696174	96.2678182806063	98.1696189545143	100.466046015963	101.500269955522	96.9273571481197	99.9924805799596	97.6864417711522	99.0054568277525	99.2379940037897	97.7398046624378	102.596277710666	96.1309253312998	99.0571771911899	99.7647885169423	99.9394869994606	98.1338007329092	100.032891600250	101.612538177517	99.1715538944060	99.6633730113766	97.6367433839148	101.318657646430	96.4466655865794	98.8057856171792	97.0653142192953	96.5047650349852	97.3071691082133	100.541415375313	101.418641489319	99.5895898984365	101.118178344671	99.9130658922253	97.4639418989291	99.3304020360398	100.909423643012	98.9134070690734	96.7901385589016	95.5370727708572	99.0208496370991	100.269149906453	98.9629088089723	99.5683569534638	98.7656107641651	100.368056471939	98.4834350458640	100.883130059372	100.054352400322	99.3248259424163	98.3511759679974	97.2805585237475	107.125620416104	108.386606031332	110.955608637828	111.417204042717	111.044474603482	111.145846368646	107.275778984634	110.059975115765	111.037979788250	109.308436185348	108.998771309930	109.214495064200	105.500689225443	110.663558934315	108.069939717231	110.480829986453	111.220268216006	106.174128343344	110.271304195486	110.014879790524	106.182875180723	112.152991602425	106.528048684897	107.625488742713	107.351491002442	110.978441477908	108.081915665511	110.638897654025	109.919981296205	110.327067653533	109.129819854484	107.782322858994	108.642773274383	105.882113704945	107.211186736050	108.796227468913	112.022422295047	107.349969267759	107.379745930747	106.350818179285	111.031946127092	107.979150763359	111.907918543033	111.136296936630	109.169119375280	108.617878596972	107.388395097907	107.980219962439	108.459703154511	107.148374462213	107.881615459242	109.105174519719	108.279977006588	110.803000645779	106.619087751382	108.982164142731	110.689737574787	110.696854376864	108.312828316969	109.729016542346	106.475939855670	109.380194630291	110.914643607359	107.305522471729	111.873061315138	108.891541749946	108.548227074030	108.878129588861	107.913251917189	106.797139577613	107.573983147207	109.561740788648	109.451338768979	106.170513763552	110.525430469362	108.230832624555	110.093459779505	108.975581849036	105.668868927616	107.688341283258	111.443856956828	111.311104906173	110.989737472649	108.244874007320	109.902335648200	108.367496860446	108.840392862972	110.918886200064	111.013561931883	109.405895995695	108.925907250664	105.579122263301	107.730656602102	109.857185170544	106.877904573984	110.143229846019	107.824571719159	108.631621595275	109.925719335330	110.337472619205	108.277433869980	110.059086356782	107.447167340305	108.041133067764


objFunctionValue:   695.815307301285



