Dataset 21


dvh_array = np.array([
    [ 7.78, 3.01, 21.06,  3.09, 12.90, 12.46,  3.44,  3.28, 0.00, 0.00, 0.00, 0.0000,  0.00],  # Rectum
    [ 4.72, 0.51,  5.65,  3.97,  5.58,  5.52,  4.02,  3.97, 0.00, 0.00, 0.00, 0.0000,  0.00],  # Penile bulb
    [ 5.13, 3.64, 45.63,  1.86, 14.63, 12.21,  2.31,  2.16, 0.09, 0.00, 0.00, 0.0000,  0.00],  # Lymph Nodes
    [ 1.10, 0.79,  4.09,  0.20,  3.31,  2.82,  0.34,  0.29, 0.00, 0.00, 0.00, 0.0000,  0.00],  # Rt femoral head
    [13.70, 1.28, 17.77,  7.50, 16.18, 15.09, 11.09,  9.26, 0.00, 0.00, 0.00, 0.0506, 26.69],  # prostate bed
    [12.31, 2.15, 22.80,  5.45, 15.81, 14.76,  7.97,  6.75, 0.00, 0.00, 0.00, 0.0000,  0.00],  # PTV_68
    [ 5.40, 4.67, 59.50,  1.45, 17.66, 13.70,  1.92,  1.78, 0.21, 0.09, 0.00, 0.0000,  0.00],  # PTV_56
    [ 5.71, 3.91, 19.39,  1.02, 14.22, 13.66,  1.49,  1.27, 0.00, 0.00, 0.00, 0.0000,  0.00],  # Bladder
    [ 1.16, 2.63,283.42,  0.00,  9.44,  4.84,  0.00,  0.00, 0.03, 0.02, 0.01, 0.0000,  0.00],  # BODY
    [ 0.95, 0.59,  3.20,  0.10,  2.55,  2.22,  0.30,  0.24, 0.00, 0.00, 0.00, 0.0000,  0.00],  # Lt femoral head
])



templateX:  -52.0391738782170	-52.6497399381477	-49.9117288583990	-50.8182485712288	-50.8845186692640	-51.6678712844721	-49.8736416766462	-52.6627615503663	-47.1961311531095	-44.7208420118010	-47.2256952055328	-47.4408459754717	-45.1871701190582	-45.4020362595791	-46.2581537487925	-46.6495515785890	-42.4270190073401	-42.5074158841954	-41.2106252804922	-39.6591801420568	-42.1083018219467	-42.5866918989654	-41.1250835345990	-41.8464540644685	-35.1874768738348	-37.8740229519882	-37.0208583010356	-35.5715910500585	-37.2136305448609	-34.4221703943317	-35.2531967993271	-36.7501981008913	-31.0055797013772	-31.2256190612909	-32.1411400639444	-30.1225778699470	-30.6660843833840	-30.2238377533764	-30.3105035988554	-32.4547591415161	-25.5057458921990	-25.2843437436767	-26.6465380733946	-27.2326794304053	-25.8894780646662	-26.9816108427671	-26.5287768776040	-26.7761877934312	-21.9543333765351	-22.8833941255761	-21.8048451010818	-20.5860133977188	-21.1256040385762	-19.8263712039131	-22.6334520800966	-19.5244574949102	-17.4346418164777	-15.8105213231981	-16.5745561345232	-16.5063817506274	-15.1409425718455	-16.0156806308627	-16.3129449314001	-17.8500297345735	-11.7859707765169	-11.9442860848254	-11.4931323428729	-12.0948661657730	-10.5078150591636	-11.6240887580282	-12.2255130591820	-12.4778325114955	-5.61876897038484	-6.80757637930402	-7.65386303365245	-5.62497917942598	-4.92869067617785	-7.54518038080629	-6.70157423687060	-7.15912841042950	-2.58061429320560	-2.01567426454335	-2.17524850559857	-0.743645583958240	0.221636137004571	-0.392392876881270	0.128437377092563	0.0340362419651186	2.16865147189292	3.25951451825935	2.29705247015112	4.45442486639793	2.93344805570987	3.76243693131003	2.29295756943828	5.04184868586007	9.19972791723484	8.07825159778093	10.4778178124595	7.40723415665642	7.26431230339302	9.26185308190166	10.4899334676451	7.54232954676910


templateY:  -396.575497969822	-386.917579140782	-377.423487177586	-366.524460572279	-356.779237385950	-344.884248744813	-335.099373037237	-325.692324154329	-390.942998074489	-382.047903771608	-372.045111819635	-361.805163041542	-352.092671720011	-342.312135781815	-329.758806502313	-320.158884069761	-394.797360499313	-385.073654794342	-377.583488413231	-367.304928221718	-357.783810996351	-346.746968291200	-337.158975433172	-326.029518509905	-392.756721680238	-382.323938039110	-370.761831563332	-360.848190336850	-350.984184126960	-339.528693261468	-330.667291997319	-320.775034059514	-397.707584388294	-387.085598395950	-376.621495555588	-365.299612314549	-356.027474706867	-345.391702521026	-336.140682443464	-325.096178048025	-392.151830719004	-379.578943004649	-370.578042400482	-362.023696560657	-351.897248257767	-342.544731298194	-330.494193088564	-319.616723146768	-395.870477179198	-384.687838452054	-375.642684939366	-364.472989891131	-355.644678300645	-345.072543369954	-334.797656087524	-324.526655654904	-391.788373264300	-380.759925707389	-371.915593656174	-362.619762113153	-352.367080248567	-341.736107902267	-330.942977106704	-322.253620926323	-395.929728925372	-385.549053762662	-375.972237010972	-364.802279378415	-357.591738730207	-347.780259898491	-335.575261241415	-327.278254048189	-391.172949318333	-380.819994421918	-371.776376383787	-361.621726748988	-349.470379688568	-342.471057149865	-329.741528412293	-319.919648125687	-397.449892430573	-387.342931089283	-375.242302898962	-367.256845937070	-355.788205969519	-346.267660261860	-335.144037381286	-325.187746424769	-390.915640659571	-379.831267219503	-372.101289769913	-360.042001480287	-352.370608516532	-340.863740281093	-331.532249818484	-320.598298557941	-395.960338972495	-386.535224366621	-377.340783229523	-367.081516834688	-356.773725859473	-347.494347496440	-336.652174595028	-326.568488833348


templateZ:  58.1289033840792	60.4012499359744	60.5619338819170	60.3230961086886	58.0517249338637	57.3657145261946	58.2985466952319	60.2165244224862	57.1496087950529	57.6369507001606	58.1308543665393	57.5854764820572	57.2647280518894	60.2787004412743	60.4986517213450	58.6062189266017	57.6614655813798	60.5841681307510	59.5662492217578	59.5160086931293	58.5085898773301	60.5892871703738	60.3059657199404	57.6326282320587	58.6408645254245	58.5474526281084	60.4098465876988	58.4993233314732	59.9171586696608	57.1306018103074	58.9453244096758	59.6110487585872	57.8989040736118	58.1317738837787	59.9336632732657	60.2515625150212	59.9618401991116	59.4262025739152	60.5765434206309	59.4775478886344	57.8291724096196	57.6271780130539	57.8254984117421	57.4680786871755	59.3027935567984	59.4998235771697	58.2406331414638	57.7592883072136	60.3174462262658	57.5286215640710	60.5327711593414	57.8448689027022	60.3285031858399	59.4629618180292	57.9070280291697	57.6501365546002	59.6322555270902	57.4653011477034	59.0829148707149	58.9629127009668	57.8881251573904	59.4556301312169	58.7037004250139	58.8374847971149	58.7583369784862	59.8297415773367	58.3903601455844	59.6250504457577	57.6718445428257	58.8662379307192	57.8092968402723	57.7620940794683	59.4913428074356	60.2609397364195	59.2290946221167	58.0307520607512	59.1596761461465	58.7905451851482	60.1603053854598	59.4864287949169	59.2472034127352	60.2020020863371	59.9412403573148	59.2177939280379	57.7689222039766	60.3822775151083	59.4304146401872	59.5504484344160	59.9357831029937	58.4500476210882	57.9956858507515	58.2709377691577	60.5449706315934	57.9795881111725	58.4957423874581	57.2138597710446	59.8352757285849	58.6766805455983	57.5303600254581	60.6109625099062	59.4976635433230	58.6685921687548	57.6557593773032	58.2108133455074


seedPosX:   -51.9544490372130	-51.6712750940299	-49.8916637423854	-50.2497285896564	-50.4043947038292	-52.5890247162731	-49.8946697842042	-52.5942494729697	-47.2555075597189	-43.9370911498360	-47.1678272795594	-48.5452247594898	-46.2382127526883	-45.2370715848799	-45.3366931404818	-46.2410536788837	-41.4573135398705	-41.9756680316243	-41.8246400336259	-38.6677276934391	-42.7060217530373	-41.9387677816897	-41.7150801053973	-42.0226208154021	-34.4913793914968	-38.6011784300665	-36.2727722529039	-34.8744069901579	-37.1690618861872	-34.1251885939864	-35.7070609232745	-36.8419101795873	-31.1323138907639	-31.3545074184554	-32.9132837303075	-29.0048640940319	-29.8818065602123	-30.1292286810066	-30.8385795489809	-31.5252400931048	-24.9206416682722	-26.3778211354941	-27.8549574270708	-26.8129426531772	-25.1554415719746	-28.0418901827418	-27.3414340726819	-27.4955345059696	-22.9825787493751	-21.7836558835265	-20.5964473939936	-20.0531383267465	-20.0129709406583	-20.8277291656083	-22.8956788421501	-20.7469357047891	-17.8159210427560	-16.2185449359787	-16.4919738905092	-17.0495545180045	-14.4039464036588	-17.2292187950226	-16.8509127929579	-19.0855664587846	-12.6916361260357	-11.8489083634579	-10.7088785536086	-12.8795933108789	-11.6187799267133	-11.2954238706188	-11.5901082972304	-11.6106303524755	-6.53904047266836	-7.76923952093859	-7.89098633436598	-5.89817876071641	-3.84159627200078	-8.01991391255349	-5.65364510526192	-7.95049116664111	-1.38469054754682	-2.62964823489249	-1.59288868971662	-1.92487507512634	-0.726000514469927	0.189846817067455	0.212551014656960	0.884933980718207	0.975970645608717	3.63065653948496	3.53020337024851	4.16171682398632	1.86846623820308	3.14720367332772	2.22150045532679	4.55382552473884	10.0583724384519	6.97096514847900	9.86999374933441	6.77830562330757	6.78579810047618	8.32988299564633	9.76029884864773	8.42426735549708	-51.2310026446605	-53.6248058848480	-50.7605981220875	-50.1546837094673	-50.1544562612607	-50.7588447907408	-50.9714334094564	-53.7312691464430	-47.1555151804881	-45.2603107441514	-47.0270810496757	-48.0942805559532	-45.3076322764222	-46.4626036876064	-47.2398388329834	-46.6512749065063	-42.7952342195710	-41.6984077477070	-42.3194043534585	-39.1363666091722	-41.6129142765411	-42.8940989801961	-40.5077901263851	-41.1821239951820	-34.2319637671595	-37.3400906005793	-37.4125991960234	-35.9947316153950	-36.3159635418443	-33.4961147016400	-34.6349918166022	-36.5037784532066	-31.5063438139215	-30.1591321909770	-31.4630086873423	-28.9653835366365	-30.5947600353557	-30.9913886032221	-31.1006647725078	-32.7608553367806	-25.8057186200318	-24.6450486187534	-26.1925856481066	-27.3474653868314	-25.7250631437899	-26.3519795200366	-25.9496631642427	-25.7879634003389	-23.1761229992165	-22.3610765144155	-22.9696504801966	-20.3908305501659	-21.6032001736106	-20.9581339104005	-23.1380901564377	-18.3409592103765	-17.2108019882223	-14.5717621773803	-17.8130223202803	-17.1466671026750	-14.1471194559705	-16.6152732660995	-16.5670008365733	-19.0941744343372	-11.0567864995612	-11.0755292585835	-12.3871911167338	-12.8266509199380	-10.8255053426166	-11.8127762933559	-11.7815229855340	-11.3574893296642	-4.58548064519447	-8.02310571145445	-7.57540701316167	-5.14132611454586	-5.36601369930045	-6.55177647373606	-7.19195991435918	-6.74003491525140	-2.24433310460608	-3.01640577149813	-2.00620824362148	-0.793693809629016	0.0710837784623021	0.386194272442856	1.09794735432428	1.12629287934152	1.32243870954585	2.92538559315378	2.11344332586492	3.97327315757787	3.85150820321624	3.08730900624258	3.49047005272403	5.72441633505143	8.08911003231914	8.08897065268628	9.66743952790096	8.45341136207364	7.91449934293527	9.06938153094584	9.88999899615139	6.87383961744230	-52.2025072835231	-51.5312297738273	-50.2634301144083	-51.2534746052615	-51.2096257308562	-51.0155373789279	-50.7981708969662	-52.7364190405219	-46.0986386111873	-43.8026418304700	-48.4215328796877	-46.5150792864442	-44.0390758918753	-44.3591440426305	-46.8868158049120	-46.3973436985970	-42.7362946702213	-41.2887113765017	-40.0962294863443	-39.1923263789109	-42.7187121052152	-43.1084160695021	-41.4187608296391	-41.8250418847817	-34.1399358685178	-36.7482968799005	-36.8297466203716	-35.3992075788557	-38.0885957880168	-33.8567679439904	-36.1388633118381	-36.4371228162107	-30.5715648105125	-32.1202946171398	-31.9647819514538	-30.7130829089187	-30.2197749226066	-31.0908407281370	-29.6063832041912	-32.4318521342248	-24.8761273844042	-25.1083069951273	-27.2254865746663	-28.4645083478694	-26.6281599643364	-27.5399474616701	-26.8006572795497	-27.3198566419965	-22.5049689545798	-23.1909194255622	-22.6734103705306	-21.1666551893106	-21.9488654886518	-20.4687708879254	-23.0478117442505	-19.0081661099764	-17.9156973574401	-15.1006627236650	-17.2898888775169	-16.2531306256724	-16.1532723862565	-15.0821009937974	-15.2701697164202	-16.8913121107534	-12.9576679084049	-11.8120290340324	-11.7453813553719	-11.3848270875397	-9.92078112292789	-11.2093605128092	-13.2646072058739	-12.8703331467864	-6.54045343701838	-7.99501484421962	-6.75846136030185	-6.04113101535862	-5.20231632275240	-7.29232766381299	-7.76517329990417	-7.89395160828619	-2.92761578596086	-1.90226312119907	-2.11280866485116	-1.44281564376311	-0.192890729590134	0.795363549412800	0.375873707096883	0.891583311307656	1.56765699256687	4.30270825582169	3.04934023167868	4.03793187500984	2.24748026027270	3.08149532134289	1.91399840798746	5.14382631716190	8.21592322683436	7.76627289493572	11.1327623585830	6.56221377640129	6.08997875428316	8.30445273748401	10.1626036625075	7.05576358783564	-52.5599966111167	-52.2920816922644	-49.1149207368585	-51.0937531870612	-52.0741825079491	-50.6528964489040	-49.2212965443076	-51.8552946864415	-47.7529344532687	-44.4475256999450	-48.3424989835684	-46.3514011701162	-45.3630902990289	-46.1513131961562	-47.4613464728262	-47.0551024620039	-42.9951013276437	-42.6384150066022	-41.7513378831660	-40.1645419056347	-41.4675525995899	-42.7466967491124	-40.8205309626079	-42.9499977254980	-33.9398589458715	-38.6126989863612	-35.7859583639094	-34.9700681503805	-36.6255792658830	-33.1964535938500	-34.7431739381926	-37.8397273673426	-32.2416871960863	-31.0744438841123	-32.3310021028469	-30.8691304400761	-30.7646089096384	-31.1946322859021	-29.4527302156415	-31.2265853596958	-24.8281699133984	-26.1837407809034	-25.4613658107342	-27.5923202736102	-25.2059288034842	-27.7295303064107	-26.6786035483486	-26.3165140915045	-21.8197813711480	-22.6252631872261	-21.3833251544679	-20.5610199340436	-20.9971439998981	-19.0440081525465	-23.3460139018683	-18.5738470519631	-16.5788945527570	-16.1459677436416	-16.4024017108229	-16.9396996920414	-16.1377321010902	-17.1892070039372	-15.2968066676085	-18.4554707604522	-11.1705503409315	-12.2858320583165	-10.6176044037043	-12.6533305556036	-10.4179474345512	-12.7739915669840	-11.5512326944255	-12.1334577245052	-5.98924445300295	-5.56721265414346	-7.59070937055335	-6.35106052294073	-5.16936941819969	-6.61188062885348	-6.39193534504837	-6.69923222323736	-2.00339134450461	-0.978616987287327	-3.40479490662183	0.0306885853721910	-0.229216485891860	-0.473243526917614	0.559203715628162	-0.0768611446185658	2.93122246820336	2.25355246704012	3.45166662773702	3.60102423331593	4.06991647463609	2.72807916883655	3.39971808741728	5.81821968438668	8.61553803166876	7.55239726203722	11.0645524804823	8.01106394352760	8.07608854866454	9.24343183817977	9.62425889821713	7.79374376819237	-51.1852778671242	-52.6473048232290	-50.3419388902757	-49.8763104203513	-50.1048842188505	-52.2057954054456	-50.4052923743178	-52.3799805515264	-46.1426850548835	-44.0933136543669	-47.7165435630342	-46.9579915947199	-45.1082668235830	-46.2591101458383	-45.2212958282287	-47.4778057054857	-42.1485085184962	-42.3726709564886	-40.9841184002021	-39.9806013621176	-42.3321671278660	-41.4031030010738	-40.6654932831987	-41.2237348663052	-36.0727307077395	-38.7987022239780	-35.9200933510758	-36.5431306582669	-36.5231597717056	-34.1552568410335	-35.5167218024817	-36.9518234310296	-30.4404341320392	-30.5190492959642	-32.8869967428946	-31.1003069450690	-30.4478139148049	-29.9822610600894	-31.3593483951287	-33.3210816430229	-25.2810373836773	-25.3784239361613	-27.4979427393971	-26.8008509823215	-25.7351035964744	-27.5938430786481	-26.8387433619570	-27.9545612275156	-22.6108734892845	-22.2621677479250	-21.0191262672985	-20.2247209061177	-19.8771073778089	-20.8864205678930	-21.3841795571886	-19.2916077461960	-17.0930162166533	-16.3494841349799	-15.3389868850467	-17.2432858000420	-14.6832291751027	-17.0545751691279	-17.4645712820436	-17.6326916380786	-12.0362937660870	-11.2109363358302	-12.3414843130437	-11.8519538542002	-9.27435921199120	-12.8725361814891	-12.3106159344317	-13.6289717736248	-6.44369388365972	-6.46211375550682	-6.99171503881850	-6.70379794027879	-5.16327701884062	-6.37926432523865	-5.45558071497637	-6.60411821501387	-3.36350728149702	-0.966612305699455	-1.68546236878930	0.0490300720125660	0.972640543866619	-0.849781592471794	-0.717864884007183	0.552229582274631	2.51960812775589	2.21326707511459	1.52932881160058	3.25850399712048	3.16122206341192	2.52035551330720	1.91932214793289	5.34995214554234	10.0732842846489	6.96330592218726	9.33596197175060	7.30254608599754	7.02368191599732	8.86135959158303	10.7702764883254	6.73522582463552	-52.1423719236399	-51.9159833559046	-49.1866599391609	-51.3042615757207	-49.6522828356364	-51.6347802469961	-50.4578697259046	-53.6430489593701	-47.9305324775205	-44.4243605674045	-46.3521327939027	-48.1140339157516	-45.9294330444773	-46.3388572381069	-45.7511518261608	-46.0170585181478	-42.9978954066066	-43.7324370586779	-40.0419944360623	-39.2504107131651	-43.3371152589005	-42.1125811739998	-41.7829394866176	-42.4800854016571	-35.7792120745232	-37.1324894166712	-37.9500700189071	-34.7466782455765	-37.6153381531952	-33.9768659287206	-34.9690359208141	-37.4982511611028	-30.1059291909876	-30.3546360502680	-32.5383837002487	-31.1680039104951	-31.6877127104900	-29.3729914828307	-30.5983786571181	-32.0838997125840	-24.8614013160215	-26.4460537322174	-27.8715611255532	-26.5794126019701	-26.9822022077287	-25.9694011655237	-25.8245440690902	-27.3701718500946	-22.0229791295525	-22.6847153046666	-22.4079528216955	-21.7402740977545	-20.5264661117266	-19.4536025888852	-21.6339587737159	-18.7424946758309	-16.3520251834677	-16.3688412484339	-16.0076253810417	-16.2775019574631	-15.2653521290690	-14.8764510454612	-17.3549354723058	-17.5228181091240	-11.1854006374347	-11.4131185655878	-11.9760006971540	-11.3510999983680	-9.32305784255446	-12.2577094270206	-12.8456579354459	-12.4223038292333	-5.15302150906750	-5.79321776167014	-7.74551090102098	-4.53120669245234	-6.12065965696722	-8.58300582584199	-5.95566237366464	-6.40206983793863	-2.83936495506370	-2.60560265809757	-2.19002549743569	-0.713041887280303	0.974138506824151	0.525447944572628	1.28293436383395	-0.272397732572791	1.45827952643746	3.67728593113014	3.00015244205812	5.22919809795962	2.33395259717594	4.31725729361373	1.35265395430067	6.24665240208950	8.37893019662939	7.52124554919192	9.32861283364800	6.26695146243082	6.09292594131154	8.50208731016818	9.47410440655827	6.69946509909906


seedPosY:   -396.746653787421	-387.786580688754	-376.860186584974	-365.757534162737	-356.674120782611	-345.020371235695	-334.602212503759	-326.377756181100	-392.084045028585	-382.798347668762	-371.474140368646	-362.002588368139	-352.058837162595	-342.828017184281	-329.168395216497	-319.003824299504	-393.726313460297	-386.115415517956	-377.963278189470	-366.757640967716	-358.713246079388	-345.984962630482	-336.409008903992	-325.059134700817	-393.344590254683	-382.633997621273	-371.404693438014	-361.401153390618	-351.574290776973	-339.738950645859	-331.166017532357	-319.969117979051	-396.563228375564	-388.162622750769	-376.478589401589	-365.012044482270	-355.866024208661	-346.619173601946	-335.753263796971	-324.563870575130	-391.517200406661	-378.882857485024	-370.954307295242	-361.817242792420	-352.946944105003	-342.546301494576	-331.523323301003	-319.485770392807	-396.930170879993	-384.667605270651	-375.094865239096	-364.988193540733	-355.880330998921	-346.221972925574	-334.553002760967	-325.025541098157	-391.317903976118	-381.692858282480	-370.904976025056	-362.550745477678	-352.855707448633	-341.123678399183	-329.873004502010	-322.324053427953	-396.465499850539	-385.955283734425	-375.913994010818	-363.851142405913	-357.497993698841	-346.829070199273	-335.890288086571	-327.294368011100	-391.270414136191	-381.350813889720	-372.851165118937	-360.959368030897	-348.373580787270	-342.101824793869	-329.376341599559	-319.044641374750	-397.887603922300	-387.171379721437	-374.919014409220	-367.767382796385	-356.678955557565	-346.364862552344	-335.671112045236	-326.041494720860	-390.667214819097	-379.858885859212	-372.068511720345	-359.926781018751	-351.538336836162	-341.688194324466	-332.203051009588	-320.603849973733	-395.150823551084	-387.426105107190	-376.366926316047	-367.399509687100	-356.959554264844	-346.801672989475	-335.924780247801	-327.805787629806	-397.116729026051	-387.120925101546	-378.534655652606	-365.622346411775	-357.286296999585	-344.303629206230	-334.681002845177	-326.699821640806	-390.363346926277	-380.835734690348	-370.951750410289	-360.942929657738	-353.186638702177	-341.593571600950	-328.534932785037	-319.556618310579	-395.864599076924	-385.718801768568	-378.687226481935	-367.486492297365	-356.932954541749	-346.664897788757	-337.409817053330	-326.111314921136	-393.319035254371	-383.240859323173	-370.707652200270	-360.361260263173	-349.950320595709	-338.852722826005	-330.156810025609	-320.326943927088	-397.606480858255	-386.571969720299	-376.430024345784	-366.472847848050	-356.608018131274	-346.207022856300	-336.651043432654	-324.760509770402	-392.242045734375	-380.189954765662	-371.726454813829	-361.281162830101	-351.628672290559	-342.108982015524	-330.839310049659	-318.437356445801	-395.757139030350	-383.615425167470	-374.605049852237	-365.371895209908	-356.274879917874	-345.826008384652	-333.573735158197	-324.526190270771	-391.207619222860	-379.629897858951	-370.939884937388	-363.652559564075	-351.369406670654	-341.121987071065	-330.472810151932	-321.402518829930	-396.494199324967	-386.044493300005	-375.479670378845	-365.584029412690	-357.054429308252	-348.283186474450	-335.987533405055	-328.241505131398	-390.118115329722	-381.985954125363	-371.182234323618	-361.505887720735	-349.273211481701	-341.495681120635	-330.330593772061	-320.399781930386	-397.299111265319	-387.639364246612	-376.366879003262	-368.448612430490	-356.432332505377	-346.419370034702	-336.133198510317	-325.503990482745	-392.128653740396	-380.006424144377	-373.308483300049	-360.616309702253	-351.825464908772	-341.328977711623	-330.428380677955	-319.770446344142	-396.854642774173	-386.099497595334	-377.615380784672	-365.925720178625	-357.841230592243	-348.299532370524	-336.860373086394	-327.390819463126	-397.262915341649	-387.223785392562	-376.195582644461	-365.543641904795	-358.023218731605	-345.067587509971	-334.219385676786	-326.909850057615	-391.249584279119	-381.115735769238	-371.110325353899	-362.787181852306	-352.305973102335	-342.222673056016	-329.054067348615	-320.899794724239	-395.883943052494	-385.032827134581	-378.291049013393	-367.388735756449	-356.941726781715	-347.706810753110	-337.877087557560	-325.979396936423	-391.643752911607	-382.332823642587	-369.536540685966	-360.563138994356	-351.466512693068	-339.368415052739	-330.538377600249	-320.316262611105	-398.222865743395	-385.927236638221	-377.359224630593	-366.322684737038	-354.923771710055	-344.973431210046	-335.137670528982	-325.387105093372	-392.268474842242	-380.020368082062	-370.000872707938	-361.652978493727	-351.511014386253	-341.648252563974	-329.931128560996	-319.887325078378	-395.706136350254	-385.614312063117	-375.124237175150	-363.635119677586	-355.201943366673	-344.704084344566	-334.893375530127	-324.885022241605	-391.186289449831	-380.670857793342	-372.206849171824	-361.848108481221	-351.697745404967	-340.908671568373	-331.170012153872	-322.309507604247	-394.785297499514	-386.088856204823	-376.422517228648	-366.038088227564	-357.326792639792	-346.939152749434	-335.087659732065	-326.645641296731	-390.620553096668	-381.058451249717	-370.972661499493	-361.241552850648	-349.615196060001	-341.248879423311	-330.100761301666	-320.161636984060	-396.732936640607	-386.818642705084	-375.032344506120	-366.800369662899	-355.314477228248	-345.753342782376	-335.965773681930	-325.212757912525	-391.655583443547	-379.146079815160	-373.029588762650	-360.444241299102	-351.129145819475	-341.433221175871	-331.863955743108	-320.476332130991	-395.996890411059	-386.449409333472	-377.163733221791	-367.840240913540	-356.795762393922	-347.360206735485	-336.867728858751	-326.894277177088	-395.641435267152	-386.289361498523	-376.648391753188	-367.663884694300	-355.849584997110	-345.342008177085	-334.727104325138	-324.813525440714	-391.906752397281	-382.907442210107	-372.356306065514	-362.546893116803	-352.084108641746	-341.993251234345	-328.964208072688	-320.966040736670	-394.352779838746	-384.080625611006	-377.438401576795	-366.192328048069	-357.593662899217	-345.971719785111	-337.504726632164	-325.407616882038	-392.546017520169	-381.657508012411	-371.200284430296	-360.219910102973	-350.547942731354	-339.678938669728	-329.744076826276	-321.559344820355	-396.794800021945	-388.111985036573	-377.744026440573	-366.188671582117	-355.274445581652	-345.682844361348	-336.306634913481	-325.437736252068	-391.730056087200	-380.587366623403	-371.457195779465	-362.848237569237	-351.263256471756	-341.578339772625	-330.647392584985	-320.587615050837	-394.695272587606	-384.302971217318	-375.807400594260	-365.148041701898	-355.418975579997	-344.282733895520	-334.292485631401	-325.113597349363	-391.025784902113	-380.179836275114	-372.373169342962	-362.876748899413	-352.939039253993	-341.331366837066	-331.253827501895	-321.314581579844	-396.513428034158	-384.862753580956	-375.551813255741	-365.515396637050	-357.246205489026	-346.686905199858	-335.841230036230	-327.116964718517	-391.885632357632	-380.308465793586	-371.991421547833	-360.858494299243	-350.463144439127	-342.181345806733	-330.249080071200	-320.107690495621	-397.117528906987	-387.928428560506	-374.672634024872	-367.565340474522	-354.804902554336	-345.212513233861	-336.082322395673	-325.594793190577	-390.850211809632	-379.944896198583	-372.233142647565	-359.833962592299	-351.502601571474	-339.970176719922	-330.303976621916	-321.228357683501	-396.946592399930	-387.381885189668	-377.483992456117	-365.833593805282	-356.581563190100	-348.160142461879	-336.106769244753	-326.533087193335	-397.116318799035	-387.900411376274	-377.031693036573	-365.869203644762	-356.833435011086	-345.000602021361	-335.455916370459	-325.906002310846	-391.390302214361	-382.784412213896	-372.623465632995	-362.638035973912	-352.839400344067	-341.669773159646	-330.459414100696	-319.410924996007	-394.113625443781	-385.589611881535	-378.424220650921	-366.299983156053	-356.958548414315	-346.594348182442	-337.044514516152	-325.671132306128	-391.911680626763	-381.857541444664	-370.873436090969	-361.944156556258	-352.227399039227	-339.886441164737	-330.925815135050	-319.957437689182	-396.694500420990	-387.518335771740	-376.233972463909	-364.334702209991	-355.324260626491	-346.205470765129	-335.318802560332	-326.192462695963	-392.237933788359	-378.555602223701	-369.843091749607	-360.976207992052	-352.643773621144	-342.239229545342	-330.846813153594	-318.948286570613	-395.455694611805	-384.116740810679	-375.042478034577	-365.475484455116	-355.849438621624	-344.469411072856	-334.675233028332	-325.390626355172	-391.673188205592	-380.365611455046	-371.890874460304	-362.288670020347	-352.479259369989	-340.509881610126	-330.339673489826	-321.112094049531	-395.895624027222	-385.810523664752	-375.798604805289	-364.000141299723	-357.985208096676	-348.872639966633	-334.357180606540	-327.611820276587	-390.256300855746	-379.852316316391	-371.813179637629	-361.577056629971	-349.266118260987	-341.314673862723	-329.707709851341	-320.805061708629	-398.105631204338	-388.388780205707	-376.020594790847	-367.695893180942	-354.998359860569	-347.009455232990	-334.115632094165	-326.136050842185	-391.793265942321	-379.219299175025	-373.349521295617	-360.286506903078	-353.502774598554	-340.672794389688	-332.376495013669	-320.470698190810	-396.206852041680	-385.289865415545	-378.275846576801	-366.325707665573	-356.136778254349	-347.884488328258	-335.550655636776	-327.524589984622	-395.384537089410	-387.774970301793	-376.880512567494	-367.415520715768	-356.096541203227	-345.188772658312	-334.857314298996	-325.233722911617	-389.972025084372	-383.208771588514	-372.945335940715	-362.116168097925	-351.674261285501	-341.468745568386	-330.273600315649	-319.319761892945	-394.735424958357	-384.467977898943	-376.393250996471	-367.505553209842	-358.126453509180	-346.985375085428	-336.017114419067	-327.184340929487	-391.989045711460	-383.256853262242	-371.848779619164	-360.631679331493	-350.339943084910	-340.102720525646	-330.726776615311	-320.553795682284	-397.108618642645	-387.049141684741	-377.418497881360	-365.391938925863	-355.803672920948	-346.540321537636	-336.065918001453	-326.073043389296	-392.416678785925	-380.672507545168	-370.388277955462	-363.056041942783	-351.546908145495	-342.769670983221	-330.479207925111	-319.918723468926	-395.321043296768	-384.768923960431	-375.284295854299	-365.571393750797	-356.840124567723	-344.102430203333	-335.312452796321	-324.357919545796	-391.042097379697	-379.513826574343	-372.449066785067	-361.996976938085	-353.514324315897	-341.778342131993	-332.059944049346	-322.741454523558	-395.772397782773	-385.184891269388	-375.863287316947	-364.357102739868	-357.191128733471	-347.903255760897	-334.924014643450	-328.256719038449	-390.766561230365	-380.845480111092	-371.367833548064	-362.054563246189	-348.787671989150	-342.381934930732	-329.622717945548	-320.380705400013	-397.523236802841	-386.649588371643	-374.925017492437	-366.395635748161	-355.799023740835	-346.274883987779	-336.211954818838	-324.960439078938	-390.474550902856	-379.194006068370	-371.811691514682	-360.566791460103	-353.469993373707	-340.998601162722	-331.010954889156	-320.750366506892	-397.190438403459	-386.667239305435	-378.448122607512	-366.693092216734	-355.870643266221	-348.166866863662	-335.613410317569	-326.934865908827


seedPosZ:   56.0360202421017	60.8841619541606	59.9934740211226	60.1787754593103	60.4852042490735	55.6844736709262	60.5222802720982	60.0267824411607	59.3603240103260	56.7894636907464	60.0755538019506	55.2445070220857	58.3255044987852	62.0593204429780	59.4443385115448	59.2086308442831	60.0628940204200	60.6219779027523	61.1241663572375	60.4615718898694	56.1918022023061	58.6526842954939	62.7407590222771	56.4307192997020	56.4996930738131	56.1271395325861	60.4060988329133	57.0635268893986	61.4307805392848	57.4780525840729	58.0943954832117	59.6919137241603	57.4658658974661	58.3467558862504	62.2810024289306	58.1257606950461	57.6978417253126	58.3014767111259	61.1621690740388	58.9635110274235	58.8634118420057	57.0645406433707	55.9534956854464	56.7480890765189	60.9929087932233	60.5947924771040	58.5738674582054	56.6577010300977	60.7441100460540	56.9743859539692	58.8988382426867	55.4661028154159	62.4015070934771	61.1941306945588	59.7608430903513	58.9118467405955	60.1926493166781	55.9704228684983	57.8683686302180	56.5108527845062	57.0845959550592	60.7025767497474	57.6116833720745	56.3567628405707	56.4107963834661	60.7870010807680	57.2513810360451	57.6183809373756	57.0791912373394	59.5329625465996	57.0144111968094	58.4167860803911	60.2570621172147	62.3442668858534	60.3200412666762	56.0954529912367	60.0848031134271	57.4797132513774	62.0513677334036	60.1343587566194	57.0299183630630	61.2002636181212	59.5937735604645	57.8908416017046	58.5875323087998	60.8392056006772	60.7082044141087	58.6853371736113	61.0982602174861	56.0969273772126	56.0385919679843	60.1625762140357	59.6871079965433	60.3872878738598	58.9566495174667	56.0113925855712	59.0967383139587	58.6136892107909	56.4137833563267	62.1212964087663	58.3272331250498	57.1203715271293	58.8719238755250	59.1084770769360	69.1333667803404	68.7211433780057	69.9883750411829	71.0001841004211	66.3167422935689	65.6819971611374	69.8550024216544	71.8308445585025	69.0374205159981	65.7317052437686	68.8367375651444	67.8976135902080	69.0497884374836	71.5170332577856	68.1528734652380	70.3739493471712	67.5051456375372	70.5135663074171	69.6452243092610	68.9583138585046	67.9300769795854	69.1132844397173	68.3497534905798	68.7078355847179	66.2524109210489	71.0358263555273	68.2894542314567	67.9609022894957	69.0774571273908	67.8988145341360	68.9117410465824	67.2276362804091	65.6025622634436	67.6514966930695	69.7793549636695	72.5206574569277	68.9066776577045	70.2180387364779	71.4122968266808	67.0273551482915	68.9096185632647	67.4859668567775	65.7659221782249	67.2413334317561	68.6505569045899	71.7281005638289	66.9698875231632	69.2261919669524	72.3362244553434	69.5658500809362	69.1606501060591	67.0155506901725	67.9127959857461	69.0508332140439	69.4881614615782	69.3553269830683	67.5525433881303	69.8142468739202	67.3386494313917	70.3429050637191	67.9002068148175	70.5815738223020	70.1113431404853	71.0980533486568	69.3013021767924	68.8512002998536	70.3675421219541	68.9141043201444	65.7639957911827	68.1721091405824	67.4924168150601	68.7947127048604	71.4638097473899	68.3103260824642	71.0905043239943	65.9673784823228	67.7381481534161	66.3282610292591	69.6344885882347	70.3564437844374	70.6950284164797	70.2980285109872	70.2188586058486	69.1854720848009	69.9456696049592	72.3410452568822	69.8482425188172	69.6235469748160	69.1878552110538	66.7950659414963	68.7319790038055	66.5251562697720	68.7070592157858	65.9988851734981	70.0988505151173	65.2485982432161	69.1371685121827	69.9657344829975	69.3701626038170	68.4945596420990	69.8307156424285	67.8983318053245	66.0132998838024	69.8496262269745	78.5908640357080	81.9766894126094	79.7692823239402	82.3326184040638	76.1334486645911	77.8232906164671	79.0252581613117	78.0190212251819	78.7160146624922	79.9299388746606	79.4243575195421	77.5449734836455	77.7294815782196	79.6426767625481	78.7389485751615	77.5653957093579	78.3461158379618	80.3306476641293	81.4006348389570	80.4842867159406	79.0274835035155	80.0422019980821	80.1653491382655	76.5773231092842	81.0136376804422	76.4533956613058	80.0498606449636	76.4071215885214	81.6812318118628	79.0501125205816	77.5765903563915	79.5053522928368	78.5920384579085	77.6627477626617	77.8884138996335	81.2585381651577	81.3807738488600	80.3515316153833	81.5740819118613	78.6313777382213	78.6956897444493	79.2315725400399	79.7466034126121	78.8814151208536	79.1340133718295	80.9400650761195	77.1111475338875	75.5961730489288	82.7392299202370	77.3575684616859	78.7794108672998	77.2083841775030	79.8461691070942	79.7562727159947	79.3810392016500	76.4815854006765	78.9480392922775	75.5680760022663	79.1687056945005	80.4389716982574	79.9047567571724	77.6583450687764	77.3365710304195	77.8707060750907	78.7766042947649	78.4325095586617	77.7581369594208	79.0346310767227	78.8524384549667	80.4184449249975	79.0651720661684	76.2750682722457	77.2513517359322	82.6170651795180	76.7831058925325	78.0875717417268	77.3869338058289	78.9779971105253	82.1378092853476	79.2560268599905	77.5906085339812	79.5812824823381	78.7794113189637	81.6481208570045	79.7637171002717	81.0355716671531	78.4820541722608	79.8451139477703	81.3068180090848	76.3608868418066	79.1347545197290	78.0342379513420	78.7689573219893	75.9188947693068	80.4805055859204	76.9840202056088	81.7788504131476	78.2031967403206	77.7869873810899	78.5431533641626	80.8831217680085	76.8101050712459	75.7280474658512	78.5362699776327	90.4697572549083	90.0195603881623	90.5564379665108	91.7552771755873	88.4718229475134	87.2153517354785	88.1639668932660	89.4137694697286	87.7886706719654	85.7637895783529	88.4193685712397	89.6748311637292	86.4513335624631	89.4171849096595	90.8816255695155	89.5471454580769	88.2918524703122	92.7329876878302	88.7231512052008	89.1003749413525	87.6876542722704	89.2781895974603	89.8070804199899	89.9021598609815	87.1070078848727	89.0884562251457	88.6826633002281	87.2829630617263	91.4151197838047	85.7993645620118	88.2950616636006	88.6982183214393	89.8274477995817	85.7714390285465	90.5845882440609	88.9132541111049	91.0266657144319	87.3056443903477	92.9281852505320	88.9981363980915	89.4826013059626	86.5564014133907	85.4004965591441	87.8483731490336	87.0906081540576	90.0222046983168	88.8265290555238	89.1729734314788	90.5425620638825	87.3986719694390	89.6914211563330	86.7472160084618	92.0802636108523	88.0196281919470	86.0829770881923	87.9640530175955	90.5669904788755	86.7784962219354	90.0175976609604	88.1858389060818	89.5338684612631	90.2602011315174	87.9803130727260	86.7455659462040	89.2616637357595	91.8157385730488	90.6551563445965	89.2797491082915	89.7804404994431	89.1673801635030	89.9864352705235	85.2646351017294	89.1532463620476	90.7869970086912	90.6799397104964	90.3974142209145	90.8940878350949	91.2791652015779	90.8968114674186	87.7687525962554	86.8859238871649	92.4389977607597	87.9621882702098	89.5234726243039	89.0954876731102	90.5807147883970	89.2901545313822	90.5883254212411	88.8121520215514	88.2992576715393	89.8182651898271	88.7126196500110	92.9785370804916	90.1827801665827	90.7319053598005	87.5489462273127	87.3964134546968	87.7372555999942	89.3942031815274	88.9467143816102	91.3195470621968	89.4724139522196	85.7018907476259	90.5797556663742	96.6507161566465	100.615112138422	98.1573164069614	100.716691939020	97.7306964467578	95.8246350896630	100.451093090829	101.754858636782	97.9868381491317	96.6418865132528	95.9154799485873	95.4363502207888	98.1245334399962	100.504695416795	100.423674980480	98.9276442854911	99.2054573960734	102.061620593243	97.6272737601575	99.5213418355548	96.3574200580057	102.423911540558	102.199863922795	99.5885163000608	99.3259138299326	99.5516175418352	99.8977482384496	99.8993174008700	98.8123007529582	95.2644566308436	100.744755008599	102.058766602689	98.6702374129743	95.8820189172350	101.575647946270	102.349942765530	97.8904857315405	101.557380456088	102.515840344921	98.1908767153247	97.3282655910692	95.6484823210072	100.107128485751	95.8424760183585	99.3486628102287	99.1144423657293	98.9127229059879	97.9933979585566	98.4629153064845	97.5045352942827	100.534578975194	97.4824881939415	100.847226704611	97.4010031009432	96.4840694235293	96.9618935799987	98.2831520134867	95.6665007554966	100.172403941695	97.8830412364900	98.2249351350822	97.4629431070601	100.933201200961	98.1617661006509	99.4336850408756	102.159353954392	98.5619501131702	97.2882771831736	96.8419149883634	96.7856938955763	99.2494569334491	97.2764524506360	97.6428348812428	101.304063839411	100.036786842706	96.9245757188299	99.1272593981832	99.9999084239695	100.006208541192	101.422767743792	98.5436901322984	101.497565675475	97.8113053472338	96.7717869848431	98.1965239107174	102.167384738944	99.8290000515423	101.816712503214	99.1265739243802	97.5334107182506	99.1883310504250	96.5151060167325	103.023960025094	96.8403220045992	96.7489197554312	98.4489815517016	98.1685284078744	100.169489324086	98.8491751330165	98.5450992492952	101.911457313464	99.5342582227631	96.5870835374797	97.0579938536541	108.160031779230	110.761641805475	109.020853346832	110.785028551542	107.716625317346	105.501288586305	106.596474837571	108.801251627726	106.119624317806	109.039870204841	107.249625062120	107.941093817907	107.886391412708	109.465513451801	112.984239026763	109.677751616410	108.191477109064	109.856496767063	108.034561598619	108.117388680712	106.312683992211	112.005757167871	108.676986568866	106.143074268290	106.476747106462	109.981388515377	108.978754099626	107.137156670380	111.063377167771	108.194161454691	107.590415978554	109.108349039946	108.335376102229	108.107232947133	112.218784161140	112.210434094358	111.080755688716	107.381631490869	109.654622479471	107.880800848375	105.852412916479	106.529032678779	110.285262485910	107.163421786553	107.817734104066	110.705627697161	110.621501100037	107.781268953386	112.607825360057	109.649139752630	110.604122126540	107.106213253361	111.005233013183	108.336564136178	107.104313429481	109.145473882136	108.321887075117	105.916291886544	110.949012890625	106.516499648929	109.451691911733	109.279735050960	108.185293500556	108.414736364054	107.784317108215	109.722121120361	107.412765155124	108.638189221858	109.322999243340	108.854893680068	108.396648598768	108.631573875414	107.980251627568	109.828238616854	109.703300862505	107.462590542719	109.710932902004	106.371337279343	110.244361835049	109.688701011300	111.435057483727	112.399083336755	109.529167721258	108.183757930495	105.299456368127	109.636456020722	109.437171541111	107.475208324468	108.318155366501	109.161671301303	110.141943630124	109.950854093396	109.743436974586	105.615116287615	107.145409519830	107.926654705252	110.056122003279	107.581206682767	106.851425226560	111.093038463579	111.159503727845	109.755775243578	105.817198228654	106.828910780866


objFunctionValue:   676.250930782631



