Dataset 22


dvh_array = np.array([
    [ 7.77, 2.88, 19.16,  3.17, 12.61, 12.23,  3.51,  3.38, 0.00, 0.00, 0.00, 0.0429, 27.14],  # Rectum
    [ 5.02, 0.51,  5.81,  4.31,  5.78,  5.74,  4.35,  4.33, 0.00, 0.00, 0.00, 0.0000,  0.00],  # Penile bulb
    [ 5.48, 4.00, 38.65,  1.93, 17.13, 13.02,  2.41,  2.23, 0.00, 0.00, 0.00, 0.0000,  0.00],  # Lymph Nodes
    [ 1.25, 0.86,  4.54,  0.27,  3.63,  3.10,  0.42,  0.37, 0.00, 0.00, 0.00, 0.0000,  0.00],  # Rt femoral head
    [13.65, 1.25, 18.38,  7.72, 15.71, 15.00, 10.93,  9.29, 0.00, 0.00, 0.00, 0.0429, 27.14],  # prostate bed
    [12.40, 2.07, 26.33,  5.64, 15.61, 14.77,  8.24,  6.95, 0.00, 0.00, 0.00, 0.0000,  0.00],  # PTV_68
    [ 5.79, 5.92,161.05,  1.47, 19.22, 14.09,  2.00,  1.84, 0.33, 0.23, 0.16, 0.0000,  0.00],  # PTV_56
    [ 5.85, 3.97, 22.90,  1.05, 14.37, 13.67,  1.56,  1.34, 0.00, 0.00, 0.00, 0.0000,  0.00],  # Bladder
    [ 1.22, 2.74,161.05,  0.00,  9.92,  5.14,  0.00,  0.00, 0.04, 0.02, 0.01, 0.0000,  0.00],  # BODY
    [ 0.98, 0.61,  3.33,  0.08,  2.65,  2.32,  0.32,  0.26, 0.00, 0.00, 0.00, 0.0000,  0.00],  # Lt femoral head
])



templateX:  -51.2065900967550	-52.8309033806309	-51.9866284624896	-51.8090355385222	-49.6737759328787	-51.9359424801817	-50.2685075246799	-50.5783735479033	-46.2291091610488	-46.7156352943892	-47.7855683618835	-45.8441651446705	-47.7082285844980	-47.0878621028211	-46.1867120528564	-45.0871194080970	-42.4762400382879	-40.6962475560794	-40.9636188328200	-39.8106236036824	-39.4337418203263	-42.7789678277444	-41.4295775428732	-41.5777970152947	-36.5703163845297	-35.8693374361996	-35.8696217077377	-34.4457060492406	-35.2353301309829	-36.8992496970958	-37.0337263635278	-34.4925242528991	-32.8043380167182	-31.3341914497000	-30.4969407915401	-31.3418618313920	-30.4798789585872	-32.3801112545572	-31.8074418212220	-32.4595787001635	-25.5952449368211	-24.9057963871965	-25.9122125741315	-25.0461837535692	-26.7756330210910	-25.9945262052778	-24.5666561403400	-24.5719998998936	-22.7379617124474	-20.3523425473531	-21.9881413423078	-19.6053176087306	-20.7141585216304	-21.4630943924990	-21.8080724297142	-21.2909296992483	-15.3374442330791	-14.9495717305094	-17.3567144052775	-15.7090256122361	-15.7828477484029	-14.7534662961454	-15.1670112713153	-17.8764742878906	-10.0701671212165	-12.5953092205896	-9.54701455789687	-12.8613941625928	-12.1043703472178	-11.0015164402005	-10.6343154776552	-12.2271494456245	-5.70568342615494	-6.01775652197532	-4.57871561627461	-7.13053033615976	-6.61519078099661	-6.53119220555961	-7.32379232076792	-6.26435113129986	-1.40358458842175	-1.04602749756018	-1.07821471161263	-1.69243749204208	-1.64243301237802	-0.580806547953531	0.484856363728903	-1.45334731169568	5.17224150981292	2.98253410262544	5.54162888817824	4.38253430005313	2.85553331186438	2.85656572161174	2.51430975289478	2.67537646950857	8.38666134117191	7.11143289696996	9.96219953489466	8.70332300364947	7.77895766902812	9.88319403215853	8.28591336662823	7.43947754886261


templateY:  -394.719273563740	-385.126566600008	-374.393579034980	-364.605361549917	-355.936018529299	-346.971724322682	-336.115505785052	-326.249395118864	-392.313995281886	-379.741888586857	-372.036463237207	-360.478809990842	-350.914212045696	-339.803178510097	-331.692473562527	-322.576805463211	-395.311859985965	-387.858114310476	-376.687236340645	-366.335846654750	-357.265924973132	-346.303568681160	-335.089504397752	-327.567830681798	-391.425679237118	-380.845337503468	-369.699718014195	-362.839479755554	-350.184356930972	-340.660524125059	-330.226467725861	-320.359158523798	-395.498336649725	-386.142318604964	-375.260364018278	-365.158828245579	-357.114132702696	-345.749269632306	-335.153359485192	-326.173177860029	-389.571899636827	-380.866112565923	-372.762926705152	-360.372396015284	-350.456296526997	-339.786104701048	-332.205579775787	-319.707064258026	-397.638541459678	-387.613687314715	-376.414859776755	-365.432379873219	-357.576048277598	-347.481051970261	-334.913855447942	-326.531643394600	-391.925462030982	-381.178194420641	-370.217558455340	-361.582753884994	-350.931393207070	-342.510116555939	-329.438817663223	-320.244433048892	-397.650023973757	-384.421228481742	-376.392088680094	-367.773755403969	-357.537077198585	-346.721359897713	-335.527329263350	-324.741691082297	-389.787512933432	-379.817764194618	-370.733198397025	-361.209120962767	-352.747129849682	-342.385183848445	-329.920410311558	-322.801518309814	-397.145056434979	-385.583814286365	-377.308373003390	-365.028364437376	-355.128441430442	-346.548434776088	-337.605659373334	-325.362084141968	-391.338326337801	-379.583341761558	-370.965600450813	-360.475343737157	-352.197301458263	-340.481077834468	-329.417758028953	-322.607859266833	-396.075355555943	-387.647841728329	-375.503792888230	-366.654461862762	-355.650124078183	-346.593967724874	-337.523593201748	-327.117574131993


templateZ:  60.5256993727763	59.3508604590945	58.0872854932425	58.0370906010764	58.8932912497050	59.1110756725618	59.6539757104085	57.9918915584060	60.4865174637783	57.7490956945068	59.5165516718948	59.7446330286574	57.7164579485683	60.3100054095136	57.9838538386878	59.0752780756650	57.4647615662726	57.5882064633359	59.4380326715399	60.5663501417967	57.4572458969088	59.7068077634180	58.6538131423215	60.2177642777403	58.3598118823302	58.8603978647492	58.1448485881932	60.5133857470986	59.8630539377548	58.8295184435027	57.9582994849784	59.1907264063160	60.5687810177624	59.2088187181773	58.5064904672925	59.3885848312338	60.4673359976066	57.5412797044609	60.2802210249997	59.1023477159828	57.9787575782882	58.5510017840402	57.2629822037452	57.2971626849241	59.7074886362683	59.4871059078547	59.5642845300623	59.2715912839677	58.6291299546396	58.2723981151896	59.9397540861306	60.1750492648042	59.8827651573308	60.3606130118657	60.0515173754226	58.6761526547293	58.4626760032540	57.8138549063487	58.9036245620067	57.3089376843112	59.6525197396817	58.0534224154085	59.2960430579445	58.8211220954995	58.3587619763788	59.0382080751110	59.9347434467579	59.6322634417750	58.5858972720982	59.5262446673627	58.7261813767891	59.1986937243373	58.0948289076717	60.1826122350813	60.1215484170716	59.2221057443160	58.2456766800807	57.7104817052949	59.8189907678179	57.2172263615995	57.8348555478422	57.9616215700308	58.6530287858418	57.6098801762361	58.5851237279725	57.8232878100098	59.8723274915385	58.6781669632941	59.8337867157444	59.6046084349431	60.2324845002243	60.3608328875921	58.4866209626740	59.2124110629986	58.1807216589492	60.3380618576827	57.9662416732948	60.1568571805469	57.6102175903283	59.7440621892276	60.1018986922322	59.6169268984017	57.5319830785376	58.3100074369324


seedPosX:   -50.8132119301665	-53.2726975415267	-52.0903462210591	-52.4819490760819	-48.7236537075843	-52.1450056670644	-49.2572172643521	-49.6621283325364	-45.9288083118739	-45.4728476053219	-47.1779386365098	-46.9419045453949	-47.4727699053453	-46.3764134600608	-46.7405233514303	-46.1438364213225	-41.5711569342518	-40.0895091461688	-40.0255673617745	-39.1893103487274	-39.9992516998994	-42.5122267933261	-40.1808507923543	-40.9232644667627	-36.3812635599102	-36.2668495222443	-34.8100461761874	-33.3415364568721	-35.8418364203939	-37.7315581105836	-36.1620924420845	-35.3983400272085	-31.6021177805761	-30.1276905886720	-31.0968854263346	-31.8828578480201	-29.6601713622319	-33.1522844061553	-30.9620765536325	-31.7603700688314	-25.8207568216215	-24.6659829140974	-25.8275301259554	-26.2623461114401	-25.8285962525234	-27.1156517790345	-23.7236002282908	-24.7798094767980	-23.0763656726561	-19.2152183518751	-21.1569922636502	-20.4762977505476	-20.0452458622067	-20.2774596173822	-21.1802869350277	-21.7354589190732	-16.0026249070426	-15.6067787367774	-17.4903018141056	-16.2155536690098	-17.0031921787032	-15.2379857077235	-15.0225967879832	-16.7450162268964	-11.0278206782706	-11.4900427595841	-8.70274868018043	-13.2326830827181	-10.9845959826948	-11.1445240656721	-10.4266519040868	-12.5023917383937	-5.43256949692511	-6.46884747454685	-3.50745081345424	-6.44558993075452	-6.96752383471376	-6.25720542848945	-8.51623468728525	-5.50748882969821	-1.65724363350466	-0.617202729541696	-2.13734300025508	-1.56183398219554	-2.73560925420324	0.00592953690524056	-0.184188796879841	-0.672247920742377	6.15599505366267	3.23486039044958	6.00906082351027	4.66348866406565	3.41828383105908	3.11935584527225	1.77704855130212	3.58968423935724	9.48149398983207	6.06102055539363	10.6916982313697	7.85106541202604	8.11499036825383	10.2384166572675	7.13389374987786	8.26624979005682	-52.0748037106506	-53.8368545987124	-50.8100803095182	-52.9310188017947	-50.4647904442310	-53.1545442016746	-49.1974652698667	-51.5991292595793	-46.2940363561446	-46.8948504000043	-47.8549104321412	-45.6749197178393	-47.9188419797902	-46.3586325332289	-47.3773812207613	-45.1196200240874	-43.1838724082563	-39.5003113597557	-42.1275982983404	-40.1445536959280	-40.2578650855742	-43.7139169161680	-41.6217553148189	-41.2230408493180	-37.4773295949434	-34.8522232648400	-36.4164399400725	-34.3721757734824	-35.5194672274436	-36.6239132706330	-36.3901469972163	-33.2596574751951	-33.6919833597659	-31.3302294600598	-29.6298176100232	-30.9487130994974	-31.1548913748878	-31.2889083851740	-31.3728468282291	-32.0605097956333	-26.1631463439980	-24.6388652069645	-24.9466656483927	-24.0412771320718	-26.7396582383814	-25.0660483452960	-23.6085000250419	-25.3100008404225	-22.7922712658198	-21.2599321061305	-21.3407893133535	-20.7726226410447	-21.4125997503931	-20.6552146212393	-22.9557680536092	-20.8587917515335	-15.3216765841824	-14.5763274041286	-16.8069010867793	-14.6140625478392	-15.2335279743262	-15.4965087131546	-15.6729033256705	-17.0075764955128	-10.5994286985419	-11.6025199527319	-8.48154980335098	-11.6188592424059	-11.5767146715552	-12.2169368295492	-9.78800412288576	-13.2624688817458	-5.43517509897140	-6.34126511963673	-5.35546744889382	-6.27411467178713	-6.87223561719632	-5.98775256758572	-7.78710474761291	-6.96368301697856	-2.21462861084134	-1.19038337565732	-1.42388158758327	-2.06183076902300	-1.60968064024088	-0.0480415192771592	1.65211142052992	-2.01523601448120	5.43873396095080	3.23685506351957	5.43613142359936	4.83672175469879	3.94358067953195	3.12579155322291	2.82499434423016	2.53932625419401	7.55166262264474	7.86392942197825	11.0130222033292	9.62479679883351	8.93000925892844	9.34572595692789	8.92921680180428	7.56649587378681	-51.0286999142355	-53.1856325435769	-51.3269890281732	-51.7400138036978	-49.6437932785409	-51.2470665926531	-49.5041821728602	-50.4778825646538	-47.3749312182084	-47.5719755679101	-47.7932261378765	-45.4073841523813	-48.8999145933684	-47.8402205057094	-47.0613430325941	-45.8718046495789	-42.4360504194281	-39.6884175083909	-42.0118358693712	-41.0115173161408	-38.5448612068805	-43.0123505585993	-42.4438044155191	-41.0400280037147	-36.4798948405912	-34.8019274405308	-35.5081983879128	-34.5574477386035	-35.9208443139350	-36.4346677889217	-36.6446340964386	-33.4252484280097	-33.4511160613452	-31.7900172116651	-29.2847305216941	-31.7606571465758	-29.7233091323932	-33.0808902476588	-32.6015333844413	-31.4878600978967	-24.7459161460247	-25.4398742245250	-26.6214157883805	-26.0650346664755	-26.5549024429139	-25.9806970942925	-23.5021041253117	-25.6055002491843	-23.2219900956478	-20.5693553805419	-21.0342599068660	-19.5355534504682	-19.6464229526600	-20.5544438361908	-22.7099608185837	-20.2677423710772	-15.1806874149495	-13.8544760473838	-16.4965590155713	-15.6984443728763	-16.2251587528207	-13.9273313739924	-15.9360397726383	-19.0247161451104	-10.3795488143303	-11.4531214632354	-9.28926183158866	-12.8802001959582	-12.6443092560617	-10.0598293019464	-10.6288511156576	-12.7181153517963	-6.00973015098786	-5.80294454770790	-5.39063667752963	-7.85359483094214	-7.61729389764689	-5.36433591210658	-7.31212148417823	-6.57976574982780	-1.02736423451177	-1.88507853707495	-0.469851573047302	-0.874190942188137	-1.55656469654105	-1.33245310550235	0.357522130727543	-1.80141396441849	4.89221118397648	3.70889089649818	6.72727352876555	4.00642762894647	1.79793383150211	2.34661216078470	2.40341583382061	3.81624652088757	8.85229814009014	7.45096522611511	10.9196133959906	9.88189149938702	7.39636870308072	10.8597592254561	7.42028788703696	8.59935134560084	-50.2579350947235	-53.7337217974754	-52.8767879841052	-52.6173650331799	-50.2865581874402	-51.4239415262893	-50.7373620307906	-50.2605369100752	-45.5937323514699	-46.1306597920412	-46.5394009983610	-45.8209375810882	-47.0086487429168	-46.0496965973823	-46.0398867436318	-44.7000720969644	-42.6278480808893	-40.6142261136079	-40.8469133727583	-38.6897540753103	-39.9364023930501	-43.6188559554261	-42.4788758060879	-41.4139737876835	-35.8159075504198	-34.6737032983089	-35.8348489422486	-35.1618857146651	-33.9959579527496	-36.0282181758337	-38.2377126122170	-35.7372905732606	-33.6346203074455	-32.5831928794155	-29.6332371704163	-32.0754272605211	-29.8467299910298	-32.8605266890787	-31.8602629970892	-31.4193609440466	-24.6293019358651	-25.2111638739688	-24.6855336909658	-25.7541275106549	-27.6364283797916	-25.8232640918751	-23.8029634889016	-23.5343284055453	-21.8677059590027	-20.9383712875145	-21.9005756151686	-18.5372817587502	-21.8069756388713	-21.1631304004488	-22.4110239057060	-20.0714857491287	-14.6927008845051	-15.6481184199075	-17.1962561483670	-16.2636179383074	-16.3671960133650	-15.6059313261486	-16.1189720455209	-18.9716567029891	-10.6672777090404	-12.3009868790490	-9.79180728637832	-13.6516820044729	-13.3221792356907	-11.9519491363946	-9.91328094782406	-12.6626870853027	-4.95100948348687	-4.99073329843840	-5.76612075294063	-7.25511275129426	-6.04124915836176	-7.68551978858403	-6.07923151826295	-7.35157501171801	-2.19991723922146	-1.92314985844080	-2.09421830529522	-2.41604631259150	-1.72000654716306	0.650487646787789	-0.671531641080213	-1.07105917091004	5.53161957319048	2.73691431354798	5.58640370467382	3.46759748516202	2.44977376677130	2.92612833982557	3.16283352817927	3.57858491328217	8.11274179862250	7.41903984687969	9.73558670958397	9.92334919696706	6.81482162398255	10.6596231948506	8.59188613673248	6.29674004829430	-50.3564484476773	-54.0596175382350	-52.8403600551649	-52.6473336546300	-49.7246735279370	-51.5928099403876	-51.1933370166802	-50.7822156398209	-46.9967540273749	-46.1227121044000	-47.0774698721248	-45.4968317996052	-47.4697058348977	-46.1921292858043	-45.9547904236946	-45.6243247486302	-43.1648128725774	-41.7441907377501	-39.8485238175418	-40.4883884844848	-38.6000269587145	-43.7848241854449	-40.8331414990601	-40.9670209141222	-35.5523866423682	-35.2502583352311	-36.6726966704984	-33.3052504634365	-34.8905255584218	-37.6601604899586	-35.9584369760070	-35.3758459647699	-32.6727357837490	-32.1956344435845	-29.5457247540603	-31.2737535213609	-31.3390707060517	-32.9643882883774	-32.5915938129080	-31.8022743806142	-26.3133829419355	-25.1128716154485	-26.9901357661747	-25.2315930413465	-26.4807605580648	-25.4051822660770	-25.7845217543460	-25.6581516907074	-21.8280018366788	-19.5876882818239	-22.4113331886239	-20.3905535624558	-19.6234735543822	-20.3312416296265	-21.0562158773550	-21.7805070149053	-14.1622995093593	-13.8593484008759	-17.7793896543704	-14.7127776696979	-16.5640339524991	-13.7041002523139	-14.5387677017857	-18.0279506686140	-10.6641579902957	-13.7376723709240	-10.3408306677341	-11.9341130454595	-12.7036884166414	-11.9010981651110	-10.7180389314325	-12.5780349920648	-5.21371011059787	-5.14502819259564	-5.33625772266177	-7.11394008871410	-7.28989837026625	-7.16970620504302	-6.43573313510157	-6.40548817564634	-0.183411567408970	-0.444568899313608	-2.15713868921340	-1.42181401800298	-0.649254300596356	0.456657306208284	1.13840978217397	-1.98230839381833	5.24402589006052	3.60515617299698	6.27283549717888	3.91715477451776	1.64813660164409	3.01789387742209	2.45557884202526	3.24115433864761	7.91312821999724	6.88741237539158	8.89869899610509	9.00152489071776	7.94327108304629	9.63727788011861	8.11615716976166	6.48290938472081	-51.6522376283046	-52.9420116407895	-53.1506959638578	-51.3608659364548	-48.8453624237169	-50.7487680599809	-51.4144190884085	-50.0466279813568	-45.5185796041872	-46.8718157812658	-48.0040535092814	-45.3681574512024	-47.7581048945761	-47.3006028920637	-47.1748576928700	-44.7174602995136	-41.3522873192014	-40.0409611292212	-39.9583261384589	-40.4653029648836	-40.2718421276792	-44.0042824086040	-41.7510529263524	-41.5910000179442	-35.8996623400813	-36.5979838989393	-34.7417588804807	-34.6405366006111	-36.0447399667913	-35.9652129343328	-38.2164301190367	-35.6555115702378	-32.5156589794223	-32.1365236340766	-30.0265994178914	-32.2724632049883	-29.3015681913539	-32.6266690666377	-31.2166254825396	-31.6338395754084	-25.2182222271277	-25.3247032873775	-26.4824029897255	-24.5415401419674	-26.1909850530404	-25.0369015809302	-23.6273323463050	-24.5309707800272	-21.5944471238112	-20.4787637104965	-22.7480646927407	-19.6130770528847	-19.7290731886065	-22.0604094230188	-21.2330826882262	-20.5321932132874	-15.2732730654566	-15.7832823655072	-16.4040786426930	-14.4828815946794	-15.1691645555250	-14.0747800576410	-15.1841958947531	-17.6507229501858	-9.32292672057595	-12.8938663997183	-9.66481274927267	-13.7918698648587	-12.3178340675447	-9.91897893001607	-11.1807651716229	-11.4271810207294	-5.77711609534301	-5.70364188751221	-3.75938943569933	-7.51991637418305	-6.16987397802238	-7.52883924832094	-7.60049463856930	-5.44723940000188	-1.14249770496869	-0.809252639806537	0.0921503238196426	-1.74001815064202	-2.86504681044094	-1.19624010449316	1.30995261022805	-1.79086522655921	6.40342172278815	4.09007523523245	5.24356259579877	3.53679371028864	3.97754174827186	3.72012674834657	2.75028856364097	2.56401705582741	7.62373354763162	7.78910270541089	10.5508590645709	7.88149434733567	9.01569778330799	9.53756777249812	7.92431560176099	8.17566844056425


seedPosY:   -395.648395897849	-384.736130018277	-374.258990499389	-365.028306947910	-355.232118161920	-347.340499598714	-335.507342939352	-325.541448868707	-393.451114283999	-380.755320826966	-372.430260799394	-361.129365115210	-351.678010049921	-338.938556396952	-331.681883172707	-322.447681514103	-396.371892019450	-386.872529198852	-376.563320576617	-367.383926306342	-356.683241839351	-346.998063040643	-333.908276071217	-328.193465255006	-391.163014094665	-381.614147218355	-370.199660563070	-363.496086064488	-350.808681416629	-341.757943398432	-330.677294698034	-321.399629396978	-396.568244171854	-387.097801565343	-374.985435777934	-365.667741222181	-356.761377370557	-345.550170079254	-336.026893639606	-325.735753324531	-389.632657914045	-379.892853958815	-373.722553633841	-360.501939512775	-349.511120955455	-339.106147398912	-331.569681328265	-320.454393143630	-398.046044868404	-388.705564063595	-376.532000730891	-364.906516599321	-356.402258565104	-348.714004889998	-335.685725262378	-326.313641567045	-391.935585425101	-380.629789127084	-370.294008140428	-361.798467568544	-350.117519245238	-343.053939014410	-328.824129623424	-319.503712412972	-397.584320737373	-384.085490147562	-376.647821283151	-368.511437055018	-356.638434289098	-347.511727822222	-335.581317780057	-324.709522502054	-389.390222309286	-379.818485463437	-371.618543486835	-360.965268423827	-352.847940868243	-342.538742518236	-329.802966301086	-322.661340588502	-396.626151958014	-385.209678752471	-378.156548306152	-364.270461473352	-355.556033639481	-345.994565033602	-337.450884813994	-326.325521739667	-390.421238158239	-378.873633066643	-370.265382447674	-361.307373997036	-352.957155341329	-339.574051792654	-329.480973037798	-323.271149454499	-396.469502583432	-386.765475191859	-375.309696657121	-366.075401598091	-354.927685534994	-345.777365014122	-336.834147504836	-327.472856811194	-395.896370524935	-385.612653372878	-373.489780116332	-364.917171567957	-355.269376963958	-346.215481584158	-335.281468537258	-325.616420455182	-392.850279877683	-379.934219133586	-371.809460465879	-360.870955253338	-349.749358769714	-338.565904652656	-332.816518364150	-321.858158563269	-395.817305556063	-388.367885873164	-377.126565055154	-366.121839101028	-358.363217405157	-345.826317578718	-334.529777070555	-327.259867558886	-391.798913537599	-381.913330874211	-368.533457158362	-362.543948014112	-351.133355773167	-340.841613202733	-331.405599980790	-320.865596197309	-394.338058004932	-384.948029334066	-374.018214142398	-365.283769814268	-357.802713322036	-345.543976083541	-334.643400801161	-324.964226115065	-390.582854127300	-381.527495814521	-373.663049460852	-361.560512468186	-350.472293764741	-340.205916021349	-333.036785717192	-320.614319770369	-396.662523892421	-386.396074210854	-375.266158764139	-365.451195803922	-358.146218918348	-348.490684665893	-335.682313231959	-326.244947258538	-391.338466952082	-380.549524368103	-371.301363504628	-362.268644178736	-350.006411147433	-342.966115107383	-330.589026593188	-321.306631316194	-398.796967274045	-385.174409205735	-375.391476108082	-366.888244607687	-357.754936059899	-346.576888083658	-336.538007772885	-324.083660142099	-390.982969905509	-380.964825505163	-371.966375004930	-360.025866289537	-352.314062356600	-341.383909372853	-329.333243322046	-323.075209323889	-396.277502440348	-384.806743191504	-376.100128713760	-366.113094846088	-354.298544066408	-347.250864213998	-336.794976348435	-325.250598775108	-392.029563288937	-378.730946052570	-370.834207932974	-360.966795899298	-351.277054741617	-341.555171206012	-330.364472740511	-322.085736893493	-395.245880351705	-387.332852976549	-374.509904753430	-367.770249222800	-355.670375201873	-346.754248750432	-338.486503599929	-326.016821214427	-394.787889971099	-385.239061193830	-373.377943141759	-365.093034647618	-354.894689863949	-346.323301223147	-335.364709478818	-326.662616803931	-393.326314946989	-378.764795561199	-372.519034046450	-360.000431117434	-349.682344569019	-340.528868871654	-330.660514839009	-322.410432799932	-394.315381280970	-386.800634111913	-375.928883699552	-365.328662498892	-358.065080862643	-347.406063378480	-335.000467122954	-328.293126193183	-390.956762085914	-379.889406171212	-368.841493135260	-363.329639900654	-349.681967291848	-341.849069782200	-329.284531483038	-319.695771679593	-394.253331875478	-386.044507950806	-375.932198769523	-366.250001163510	-357.016711723965	-344.583090055604	-334.509915165249	-326.383106382007	-389.531896125325	-379.959743339095	-371.752819294092	-359.354338446600	-350.934209589490	-338.682147707017	-331.840981417778	-318.601175545838	-398.029279852018	-387.861032604713	-376.839182791843	-366.327970092214	-356.993777117200	-346.276460939383	-333.965410003747	-327.058134887568	-392.016397568479	-382.365020815377	-371.414731758775	-362.434151885392	-351.138733412262	-341.689372099386	-330.618683848571	-320.697286745085	-396.891756607672	-383.721030465271	-375.653998280069	-367.738024192096	-357.658989982915	-347.382256357261	-335.326290314487	-325.659748914610	-390.518275777628	-380.407329294423	-370.785562190340	-361.110139814930	-352.866750552640	-341.828709384547	-330.796561974975	-323.897460913810	-397.141924889276	-385.824348427216	-377.540842311320	-363.952648399427	-355.307543734285	-346.321908175416	-338.653103383285	-325.961021556843	-391.328871913805	-379.842842607358	-371.342480686957	-359.741664271979	-352.848323263424	-339.258115213796	-329.055039163886	-322.206543905925	-396.171226670652	-388.751639392632	-375.762907371062	-366.286495314974	-356.155647458581	-346.390459978180	-338.742607619537	-327.082699142146	-393.526472302622	-385.935289710400	-375.012399843143	-365.342737689349	-356.013543653942	-347.590075391283	-336.489461017389	-327.347631541485	-392.239023243461	-379.826972589256	-370.949558198717	-360.459152737285	-351.533681361659	-340.830216339214	-332.247744519881	-322.874828714153	-396.444940150211	-387.289360779474	-377.634557546695	-365.705917667618	-357.839587705971	-345.387041220341	-334.055173211008	-326.768656639098	-390.713842554505	-380.105987312533	-370.474816528059	-363.526994108232	-349.184922675635	-340.613024068185	-331.331961620326	-320.427644283342	-394.820419977584	-386.562637484652	-375.959638804197	-364.007372228781	-357.199756747824	-344.929351334058	-334.126044957549	-325.035173855978	-390.438746400013	-379.672184748894	-373.432670047141	-360.056146603667	-350.789251733609	-340.552622939488	-332.818478022577	-318.732054077164	-398.124021840827	-388.805280668271	-377.310700669889	-365.861717244645	-356.476550041678	-348.420726812909	-334.718507066452	-325.559844144340	-392.979059923117	-381.687573198983	-369.259841811576	-362.580523276901	-351.228955891190	-343.247076470770	-330.674147662829	-320.853126121084	-398.868972347030	-384.754543575531	-376.883247912734	-366.694349925943	-358.378302306358	-347.523146313396	-336.622646924159	-325.387908769439	-390.897075819651	-379.695914914798	-369.881276653016	-361.152982008757	-353.772491076209	-342.772376759989	-328.879189314152	-323.548660317790	-396.025844437511	-386.610846915039	-377.489879489168	-364.905415022807	-356.163398581830	-345.523174918860	-338.421056101855	-326.473086616456	-391.685182001988	-379.647778861667	-369.803473215825	-359.753221532987	-352.274459725464	-339.564868255986	-328.772675347958	-321.810410205836	-396.776270635153	-386.647120734757	-375.221890540359	-366.191038697223	-355.777232780031	-347.710838041010	-336.490596982656	-327.839452840679	-394.364389628470	-386.312813823212	-375.639768284912	-363.368434601325	-356.064761975691	-347.020075423776	-336.044650955326	-325.097995807194	-391.383323231084	-379.557757154477	-371.210668837397	-360.423802014234	-351.380122477533	-340.434470431060	-332.209777975798	-323.589829845985	-394.175994380748	-388.954007550013	-376.169721142518	-367.378759044215	-357.903847540874	-347.081377465164	-334.860686281750	-327.228389883401	-392.628461430240	-381.894313629969	-369.022780293985	-362.960601646062	-349.305973626261	-340.340714175443	-330.993614814110	-321.214684451590	-394.432920667305	-386.952507746507	-376.232466032999	-365.347663761291	-357.387578195088	-346.348314375858	-335.378688462333	-325.687892367005	-390.594594131097	-379.949268831885	-373.774889839857	-361.187871097168	-351.272963129202	-338.580631277140	-331.703331918732	-319.876432810833	-396.557428240407	-386.949027280016	-375.322219816180	-366.559979147315	-357.480221426938	-347.760597190733	-336.008705614065	-326.048048557034	-392.616569516994	-382.201706003694	-371.421144842062	-362.232164445829	-351.122606205578	-341.663268922094	-329.727705381085	-319.671151312823	-397.611010646592	-384.823226151698	-375.651992045112	-366.729573552123	-356.347805220936	-347.624677394203	-335.206106891721	-323.655234144428	-389.287997206808	-380.404428121260	-371.678820023750	-362.439684740191	-353.927905873595	-342.077571675162	-329.787940586624	-323.414849672329	-397.172607768644	-385.541379403247	-377.924082943481	-366.235522086722	-354.976336826250	-347.744341479604	-336.943092697424	-325.343550379780	-390.101027914086	-378.657793903998	-370.384490422040	-360.073987415159	-352.553035406325	-339.993281072988	-328.756428262285	-322.960529120346	-395.585567503769	-386.527498951561	-376.274625677154	-367.375504088652	-354.488914095172	-345.881076220622	-336.924991790705	-327.121673228080	-395.759995825834	-385.758819797484	-375.173242448827	-364.518486447856	-356.497887449622	-346.880888789339	-336.892474776825	-325.797753660808	-393.514512295627	-378.946201533486	-371.959742331503	-360.177421932761	-350.751670004438	-340.523160539941	-331.839527722047	-322.306271706569	-396.453786606880	-387.410396963781	-376.059252644734	-365.381583710110	-356.439330225206	-347.479251491472	-334.766265197370	-328.620636647924	-391.531247699151	-380.942014502396	-368.703575164687	-363.664451746897	-350.067794425782	-341.438110899200	-330.517953164775	-320.968327186144	-394.296972738782	-384.976748956656	-375.706041030527	-364.592178375295	-356.446864288921	-344.786381344101	-335.432539568170	-325.581423595251	-390.182086934388	-380.796819399364	-373.128010352159	-359.214822820940	-351.152798221006	-340.565983882028	-332.938983580552	-320.588328676427	-396.673132443529	-387.015865627526	-375.260431390689	-366.212250703569	-358.289092976208	-348.246710226302	-334.524631120151	-326.652045120928	-391.309804839682	-382.083290015014	-369.843348879350	-362.008653743423	-349.788403247930	-342.143725097897	-328.613340236166	-320.798979400113	-398.482153673410	-385.660093844140	-375.167090239179	-368.497843295517	-356.725453361490	-347.249068549899	-335.751278756692	-324.781170342556	-390.187086793946	-380.923374650294	-370.815914828211	-361.868545276249	-351.636314084463	-341.885748797566	-330.974802857907	-322.294264129492	-398.236493831075	-385.852612982782	-377.170674498607	-364.879508449337	-355.594184911255	-345.712049797695	-338.780756839127	-325.379656504764	-392.323577546152	-380.156069610183	-370.579254657862	-361.452112733202	-351.463886519502	-341.526751678426	-330.531820128844	-321.743531553069	-397.200435650824	-388.128162401083	-376.490683006316	-367.856026237284	-354.641529980191	-346.260270891911	-338.422558693774	-327.995833673300


seedPosZ:   59.4199222567753	58.2902178609213	59.3322116855852	56.1297824169307	61.2874972427511	58.9570360413009	58.9139754538358	55.9229689932255	58.0356086178820	57.7664998217378	59.2734060752935	61.9802155398908	55.5413661180672	58.0017188483324	56.8770756695286	59.1901591594682	55.6624951961024	55.9935564806294	57.2464675370584	60.9799436406995	55.2835506351973	59.1467452588194	59.6181069577430	62.5723306576735	57.7124908230725	61.0422404248429	60.1578304258741	59.3288108534606	60.3688036423712	59.2388607456071	59.7939469119453	58.9027326890808	62.6224764428255	57.7313188045234	58.4945139842343	57.1408665259978	61.6003710974277	58.9627937679348	58.6474020395519	60.2867481114946	56.9878617288715	57.6455896745266	59.0573006587987	55.7929407181962	62.0888051645283	61.6129143372107	57.8650465763889	60.2535315228985	57.5869373744912	60.7061272223561	58.4167273697388	59.5806922425053	61.4411401249679	59.5314651860657	59.4244196691904	58.5851034105321	56.0106788272646	58.4012005091036	60.6639077818885	56.8279798026617	59.3890450879993	56.2894753541132	60.2413540005571	61.0959764757546	59.9544777642099	61.3588103352791	60.0053199192732	58.5917256419154	59.6843236060035	61.6629208667845	58.7269352531214	59.8520751770141	58.3327575433641	61.2387397073147	61.0473997675494	57.4192065058085	59.3609466645283	58.2635057867701	60.7178467079288	57.3579850297085	55.5184151105793	59.6965643581522	58.5102693218137	56.2326867596674	56.2220897621272	55.8365286275928	57.7902660890007	59.5891170923668	60.0758865809842	59.7658027102010	58.8002808052845	60.7197017071680	60.9240106205108	58.1676255983056	59.9507265953083	58.7531928519127	57.9833556811335	60.8087628783384	55.5475596246248	61.5758165215190	61.7178715188328	57.3920202160922	59.2900608918858	60.1192781633694	71.0267034733447	69.3208836464716	68.5293703061786	65.9548713243833	68.0704844039580	71.0877311445176	67.3870112274820	66.8060186842041	71.4807126401701	66.8560534183368	69.9869332019866	71.1788921220720	69.4448957127005	69.3758099498226	70.1222782338791	69.5343646644407	67.6137707982670	66.1870499002419	68.2120253778942	70.8432614781089	67.4461340156138	67.6746585758175	68.2106165287124	71.0534717242418	67.0490912993435	67.3867941356812	68.9908538234831	72.1332483556971	67.8743385660691	66.3570891456958	65.9333278545002	68.0070487942699	69.9209297761570	71.2242577639877	66.1446748937228	71.8879596371623	69.7974259127260	68.8710392242840	69.8010515006970	71.0125756096513	69.1913910791075	67.4257739055758	69.3823601287809	68.5876629134777	71.2312993478921	68.6535821903831	67.4336898980492	68.3820288255457	66.1437831172585	70.2125884414809	69.2377554047401	68.4184531645088	69.3733633704012	68.6004100921231	67.8599651114301	66.1840736159360	68.9342440268671	65.9145352539440	66.5166474906256	67.7307874082165	69.3939432824486	70.1481914360750	68.5018256219351	66.4258984852981	67.3328733456752	68.3465362760280	71.3703100388521	67.7024954832231	67.8480090128427	67.9027509192961	70.3304968064270	71.0211560481183	70.1474223821753	71.2958986303461	70.3873092803614	68.6850077190567	68.6928530057671	66.9317390857315	69.5476343710285	66.3578137308333	70.1027859690978	70.3380432183028	67.9691223054465	66.1751993970889	69.0946643535339	69.8462943081388	71.6558435782096	66.5868771759834	68.4120235776984	67.5642629001923	70.1911153772643	68.0344213655290	68.1711301766715	69.0487210964271	70.6095117227456	72.7195292059841	66.7095552489196	70.6827457464496	69.1131511894726	68.4734717677354	69.8544501921821	68.9171921577811	69.2946959205694	70.2872904619142	81.2276017617817	81.3110253450866	77.0188073580833	78.1637988201556	76.8340106743310	80.8716402565009	80.9670342739291	79.7154651206978	80.3868451743901	79.0030435279160	78.5314511400109	78.5728581080413	76.4532852236287	78.4948483844919	77.6424385320192	81.0867238059054	76.9516440371360	79.4112018127325	81.1098420495123	80.9331467169046	77.8185885517361	78.9897046529182	80.5467991011437	79.3691476674930	77.8281503180345	79.4432164482591	79.5822496326730	79.9992078115418	78.2566053353470	81.2537579302108	79.3293332591158	79.3746408544811	79.8392832522617	79.4167534483738	76.5963043948642	80.7295149385341	79.6316959785375	77.4158209224287	80.9548652559276	78.5470201655284	75.9883416928459	79.6079371184776	75.9369333175621	79.5059934726696	78.5432536893374	81.6615479648620	79.9484421698133	80.8735156148376	79.3585495991688	76.7407967263202	78.6496706916411	78.5264649641495	81.4733429237565	81.9925941637256	80.4140383191012	78.1977430243888	76.3404999686063	79.4870698916921	77.2864972991156	77.2084525429638	80.4635080731622	75.9341122608900	78.3114994152655	77.1880284083551	77.6876258077972	79.5044156171933	82.3493683305333	78.4335483522826	76.8886673005242	80.1409518728730	77.7875444386765	80.7118788730863	79.0030871385380	77.7745272332103	82.0920843292777	79.1603860406684	76.5957250343562	78.7065187587974	80.4787243998793	79.0512928224053	80.0473475191007	76.3268702012870	77.9486446889846	75.4084216969502	78.3701523734836	75.7832847959156	81.2165063213766	76.3705681542960	78.4345381191573	79.2993585739824	78.4801680101520	79.2682384557745	78.4737791244204	79.8327046638075	79.5586474154799	78.8106507416251	79.7861913084709	77.7364620861704	75.3863009641114	77.7726236251260	81.2627717258941	80.7629808197652	78.8628361377946	79.3905372133396	88.2162242894736	90.5239023563713	86.2573612358713	89.4608129017686	88.8323846992298	87.4546825101159	91.9468826657348	88.3370363706906	92.9368079659320	85.5356940722482	91.1581599679566	91.1418758759058	88.8343364944657	89.6714286079665	89.1698341714384	86.9963010227338	88.1618835226238	85.8767036305228	88.5462290011490	90.1294264881761	86.0733074600270	87.4081552386426	90.7803394610880	89.9029327917829	88.9194373344568	90.0649589193627	88.5460216809827	90.5792416288334	90.2644001247237	89.0194299922000	86.3150874892740	91.1885747298193	91.9499280412380	90.4575608364296	89.4221027744722	87.4287405924070	92.0430616875090	88.2407731309296	91.4416565020512	86.7746696427890	85.7442266561200	90.5797980235956	87.0552194920925	86.5440654713330	88.5190523842325	87.6734739159675	90.9364853716022	90.8260323458055	87.1472693059126	90.2202652026209	89.1915881528461	88.0583761527780	87.5067871793932	87.9446076376140	87.8293991017332	87.4213665988724	88.5565832829661	89.5732816688135	89.3935002054753	87.1881419300127	90.0735007729699	90.5345998343398	87.3093802423209	87.5310425217574	89.9253565478220	90.1673143422071	87.7090987682324	90.9464922222697	87.5173730512703	89.5446931229336	87.2298689311227	90.7933644792199	90.5681084780568	91.7915542635199	90.5372067118638	91.1995863388210	89.3435662255718	88.5271913506126	88.1553995477016	86.6835797359408	88.0354686596470	88.8192709563862	89.9964448031045	86.5194633189384	91.0498702741124	90.2155153285397	91.7912830692646	90.5783694926844	90.6801489381788	90.5061749668444	88.1460023868950	90.9537802611327	86.7250691048392	91.2919536202176	89.7019860091622	87.8626537874313	89.1838734105999	87.6769487995255	89.4080786127636	89.2123634850117	87.7096633605593	88.3677396329438	88.1019184031857	86.4989336793056	100.251374312787	100.796775832443	99.7078301444175	97.7730014470124	100.742467870384	97.6418710690275	97.8590143935564	96.0528296214901	101.044243032999	97.0568430381634	100.231415008235	97.4069620653965	98.0739115312457	101.827131685277	97.6110791487778	100.707879005115	96.6889986808609	95.4676333138792	99.2147798237356	98.4098210137110	96.9942529960623	101.805431420691	98.0822988877736	97.9364581474895	99.1806879100919	98.7796901878701	99.5045770881588	99.7517131762015	101.233826130379	99.2323046673959	98.6519093234028	100.884338324563	100.890560775590	100.917767444570	98.7469964211819	99.6077803123444	102.570933016029	95.3838168063131	98.4482007989173	97.8159459901820	100.049840803188	98.3785642933815	97.2574016786979	94.9870619884686	101.611415489608	99.0769496912015	98.2324999936717	99.1214728814765	99.2101881845126	98.1278343330521	100.638816235376	98.5241820136076	99.6418514300803	99.6970199109449	102.142444433216	99.0141357233488	96.4677745188943	98.1393432774199	98.0298979101333	98.8588960250171	100.742420087018	99.6699321738633	98.4355721729534	97.7462180459813	100.575259565592	98.6944330132049	99.1039515683649	98.3039989646941	99.3724108833720	101.097977912436	98.1033124714571	101.457198962842	98.9369169046999	99.2857764700514	97.8023309662624	100.517131642379	100.500980070781	97.8858868441157	102.103082193203	97.8913984098540	98.2736345668783	98.1878103348744	96.8802956814495	97.2349711365156	99.3098241877256	95.8283909742940	99.4072194404058	100.204158147158	100.769981906355	101.268894016742	97.8319187057155	98.9305607960278	98.4791629637939	99.2985114099164	99.7470742352876	102.153996473764	95.9010828183503	101.262844402201	99.5099262232700	101.575862801665	100.249484680854	101.528730627081	96.5184271674460	99.5901744392218	112.589376568045	108.070202008787	106.713032020080	108.458286515099	108.998745886749	109.159980758287	108.991306811972	108.508708222807	108.761127521926	107.370727537649	109.495734622911	107.327658211459	106.636574955515	111.262279348751	110.118446966455	108.812609857396	108.736941926674	107.984553693496	107.547770559205	111.840855181068	106.899853410059	112.007246507718	106.425058165453	112.078256496681	110.016431070890	110.603808118502	107.096732320964	112.465976929449	110.082401809619	110.728716535764	107.328520432820	110.348929813339	110.771525674192	110.477927963016	106.274791861878	107.175142769334	109.491726253070	107.461248154761	108.014515007472	107.165736559215	110.130450529166	109.217548462572	107.566480685667	105.632706422277	110.091943170475	107.400844495823	108.434133215758	108.195223247769	106.676540804502	106.645566412492	109.418899844790	109.431893098789	108.907276100488	107.906235917388	111.518159376749	109.140943185940	108.102314329689	108.553949721779	110.876146137355	106.080747916296	109.122055652991	108.253219482165	111.229704512177	107.585809055952	109.808582294974	111.166719266435	109.149791741473	108.185476487171	107.980035356099	108.449503788811	109.625546748441	107.360328827845	106.340010206548	111.906516579049	112.278012232048	111.012610569695	108.749200952048	107.971820819275	109.868534393604	104.794509196984	106.515120818878	105.929877859178	110.163155203925	106.258047505617	109.934497379054	108.591040562138	109.230051181393	110.683405396024	111.415148330829	109.634442825970	109.048456875619	110.409971376629	107.661580430086	107.198401035204	105.748064602820	108.144189411534	109.427263890677	107.689196208356	106.120235529559	107.951724666160	108.714767443671	108.814674126220	109.866785434274	107.810576102465

objFunctionValue:   692.133503565820



