Dataset 23


dvh_array = np.array([
    [ 7.56, 2.90, 16.55,  3.04, 12.60, 12.22,  3.36,  3.28, 0.00, 0.00, 0.00, 0.0463, 25.18],  # Rectum
    [ 4.79, 0.50,  5.53,  4.10,  5.51,  5.50,  4.14,  4.13, 0.00, 0.00, 0.00, 0.0000,  0.00],  # Penile bulb
    [ 5.42, 4.01, 44.42,  1.86, 17.89, 12.80,  2.34,  2.16, 0.06, 0.00, 0.00, 0.0000,  0.00],  # Lymph Nodes
    [ 1.27, 0.86,  4.58,  0.29,  3.65,  3.12,  0.44,  0.39, 0.00, 0.00, 0.00, 0.0000,  0.00],  # Rt femoral head
    [13.71, 1.25, 19.46,  7.62, 15.99, 15.15, 11.38,  9.46, 0.00, 0.00, 0.00, 0.0463, 25.18],  # prostate bed
    [12.41, 2.15, 26.81,  5.44, 15.81, 14.81,  8.17,  6.80, 0.00, 0.00, 0.00, 0.0000,  0.00],  # PTV_68
    [ 5.64, 5.51,134.49,  1.40, 18.47, 13.93,  1.94,  1.78, 0.32, 0.19, 0.12, 0.0000,  0.00],  # PTV_56
    [ 5.75, 3.97, 26.06,  1.04, 14.27, 13.63,  1.50,  1.30, 0.00, 0.00, 0.00, 0.0000,  0.00],  # Bladder
    [ 1.17, 2.56,160.64,  0.00,  9.67,  4.91,  0.00,  0.00, 0.02, 0.01, 0.01, 0.0000,  0.00],  # BODY
    [ 0.89, 0.58,  3.13,  0.08,  2.49,  2.17,  0.26,  0.22, 0.00, 0.00, 0.00, 0.0000,  0.00],  # Lt femoral head
])



templateX:  -52.2948693180185	-51.3593186668331	-51.8755217233377	-52.4710575687700	-52.4001034586805	-51.1770960500564	-52.8719252574020	-51.2291646781426	-46.3536840173867	-44.9850857953738	-45.9750726559044	-45.6791532549709	-44.9674862911161	-47.0411696712225	-46.9344088126832	-45.0383626823030	-42.3073291715725	-39.5052514275081	-41.9795226354118	-42.5349139056383	-41.2990555760465	-41.9097291546279	-41.4433567626773	-42.8470281124153	-36.1658780295777	-34.6977817608589	-37.8911990756668	-34.9319717741158	-35.2296134517014	-35.7426873090413	-37.8772644908625	-37.7921953052921	-32.0214406939075	-29.8961017007322	-31.3885439138950	-30.1994473662978	-31.6168541789862	-30.4206389860814	-32.0829165232572	-31.9159369419692	-25.2445013164685	-27.5456209445419	-26.5122084328407	-26.9339288074201	-25.5613346274064	-26.1712617841487	-27.3710695476585	-27.1094332187900	-21.4336458353486	-20.1472079534735	-21.1848155169643	-19.8324624289481	-22.0247433734718	-22.1307828742963	-21.0425922352217	-22.6475631603772	-16.4415212209927	-15.0496205434366	-14.6359681043078	-14.5628829887767	-16.0427512738488	-17.8842871330055	-16.6835968266831	-17.2899212172865	-11.1406609178022	-10.5951790931550	-12.8769078006535	-10.6907411389048	-11.9029687956874	-12.7436143589656	-12.0093163094030	-11.0908951375791	-6.26836392283225	-5.04857829399649	-6.49865044496372	-6.87037617553739	-5.53434124016021	-7.65186468005084	-4.93372296040832	-6.76111189871894	-2.84515398780019	-1.56860685639923	-0.392445597686304	-0.807877235254595	-2.35836946594100	0.0817281235337775	-0.195388514429463	-0.919851021837339	5.07619548085582	4.96765778614920	4.82333211648427	2.88884654269424	4.35912082101629	2.31413298930680	5.25173190156911	3.11939684692862	8.92543209692170	9.18662904595983	7.69076574537213	9.98477701743489	8.41812322473231	8.37099675489004	8.78409266816214	7.24996556416595


templateY:  -396.307129353251	-386.996349402756	-376.938305968827	-366.337981083097	-355.332044033051	-346.450044065990	-337.102751874064	-326.586327851380	-389.455199788519	-379.916812064250	-371.766637990272	-359.711343991815	-349.448716622197	-340.919588612111	-332.800626099105	-320.651968146403	-394.989468740798	-384.531920431664	-377.798832651125	-365.613327177636	-356.261226863630	-345.715978805509	-337.580017386372	-327.082728562291	-391.750504846586	-380.188916955228	-371.687271963212	-361.204106847127	-349.811289142289	-340.658690948332	-332.647606520667	-320.838744140474	-396.286250806174	-384.407440435649	-377.393962354307	-365.469760483658	-354.977243414359	-346.551375111461	-335.734801591876	-327.835719243879	-391.838247631376	-380.228757463790	-370.522743442272	-359.406553532196	-351.141578232587	-339.404004624502	-332.228712068540	-320.028537222293	-397.105983528703	-385.276415596058	-377.852732360921	-367.000641297367	-356.380503343527	-345.031478050176	-334.941957409059	-327.394081670117	-391.795918871925	-379.464922124511	-370.457140608752	-360.103476675278	-350.853291881858	-340.103940217887	-330.671152101863	-319.660310216999	-395.522321268787	-384.823175619842	-374.645792307591	-367.215458934661	-354.729870173835	-345.512903008040	-335.470964772797	-325.584855345064	-390.896712731264	-379.819229352521	-370.512212803025	-360.739913857177	-349.936229941552	-339.581812323827	-332.317547027839	-322.739640673278	-396.135129556411	-385.680920794758	-374.395624414477	-366.764668647176	-356.218341157911	-344.963889884920	-336.444376349265	-326.194228761769	-391.441446303950	-379.774858860771	-369.739625076321	-362.127656988944	-351.049197663722	-340.418048814468	-329.989232606189	-322.341821739725	-396.107527120057	-386.037857318908	-376.343721803947	-365.744854177378	-355.998210840239	-347.705181219610	-335.855757751495	-327.627562020949


templateZ:  59.0550173695867	59.0374873427412	60.2082769273427	57.2770640885242	58.9557090782890	57.4911418284530	60.4797279710898	60.0933398284438	59.4815925368026	58.3049393200337	57.3548342443728	58.8269606995160	57.9125424781284	60.4173486562500	59.4423989219674	58.4703078145830	57.9103576084423	58.5586631814304	60.2771357601001	58.7927674037205	57.9105131407276	58.0172353002765	59.4543348120754	60.0689330755523	59.8713228268745	59.0062683447444	60.2906986171282	58.1287129166843	59.2627062645868	58.5256268672393	59.0292289308935	58.7685394121298	57.2979087057416	58.7595244220026	58.0267959452822	60.5103355496476	59.7386268815959	57.3538229442011	58.6271557407624	59.6062574094283	59.1157152923668	57.6952355769211	59.8326515484906	57.3231912084342	57.1396517494719	60.2356643999943	57.3987585193921	58.3522998064372	59.8593578663973	57.3907822513072	58.8096091270146	58.4065041139929	59.7959693369995	60.0597082015459	58.9970963478685	57.2864377629929	58.0101658763729	57.5877533497710	59.3512623175878	59.0986717760676	58.4949780312133	58.0850982038574	58.8311017279728	59.1468469879128	58.5291403977417	58.4566834947204	57.4627255985422	59.0357778959431	58.2226011255505	57.5464843354915	60.5175060413168	60.0196000393645	59.9453038490196	57.2819150985533	58.7803259869274	59.4287116150008	59.4406298644701	60.0159186542888	59.2206396980161	59.0511733480679	58.4455963322185	57.3825813137248	57.3381626461638	59.7316754624839	59.8406481203642	57.8546126381193	57.2569706897094	59.3449086792505	59.1616129923204	60.4454273628737	59.9994935161742	59.3362573235465	60.5642317185296	58.6944662720893	60.4413662339811	58.7941979762376	58.7365695578572	57.2972117864387	57.3971569516391	59.7727699994798	59.3870068450432	59.1735676198769	60.4705664068236	57.7886114043104


seedPosX:   -53.5157225456393	-50.9944223577844	-52.9384960635965	-53.6861651174575	-52.0514446021167	-51.5772585744535	-53.4756831650584	-51.9704026700362	-46.7468806194786	-43.8565638435739	-46.1638637866071	-46.1346186506786	-44.7371380647704	-46.7797951689277	-46.5866012522561	-45.5536402295504	-42.0190729578049	-40.3461486074005	-40.9177826421412	-41.8240934466543	-41.7178207264389	-40.8756229011271	-42.0561174194753	-43.9595890421797	-36.3207027821280	-35.3227417689278	-36.8534285970727	-34.0597696753454	-34.8442802497204	-34.6184310618708	-38.9739043556433	-37.9330697596663	-32.5612511235088	-29.8634778724210	-30.6462344339658	-29.7350733041632	-30.6111810289955	-30.0707175744183	-32.6308187592457	-32.2706151289456	-25.3755152737661	-27.9238116550912	-26.6377002875176	-25.7051875678551	-26.0397506356801	-25.2956490285874	-26.4251731947468	-28.2723601757598	-21.4416511972601	-19.9717198408838	-20.1946386910593	-19.3188156174220	-22.6731802474002	-22.7443182397192	-20.1163433003557	-21.6792089615007	-16.6057943575136	-15.5086288870367	-13.4957223361703	-13.7782474443009	-15.1053964516452	-17.2137148046274	-15.5490366994046	-18.4171545166675	-11.8549944968038	-11.2568154800796	-13.1390876574666	-10.9702825367661	-10.8408281741052	-12.7840977346330	-13.2396284786101	-11.9791433862155	-7.50657257406816	-6.22470414762080	-5.63318619532516	-6.91789248912212	-5.74927108062868	-7.80266355006503	-4.41916898257122	-7.62662614204831	-2.00430188109837	-0.744773506791693	-1.29654474321492	-1.66826092202512	-1.21447886443032	-0.657908021593170	0.777406128139172	0.113831471453434	3.92483172872962	3.76919482914042	5.69165733737784	2.02948078443021	4.77495376120922	1.89854730219390	4.76255840486924	2.43943652814049	8.91564881788758	10.1237625169475	7.41484989399934	9.34710622089363	7.85339821123965	8.15744554988048	8.76077990229084	6.63666141168942	-53.2047216327684	-51.2627926755897	-52.5154101347950	-53.3281648119433	-51.6728233727470	-51.1824743720615	-53.1797853809185	-50.6598427441064	-45.9730725184994	-44.4350373092284	-46.9135451463688	-46.4056041604779	-44.0120351684328	-48.0203187327925	-46.0779602776864	-46.2816124818349	-43.4297089316197	-40.4995015865304	-42.2336558243146	-42.0020555536795	-40.1550048968947	-40.7656761912149	-41.0085530669385	-43.9257083436136	-36.8386783318599	-35.0946602285914	-36.9398105326792	-35.1937019930940	-34.5106138666951	-36.9273911341771	-37.5574712493497	-38.9636110589515	-31.1869669715445	-29.4113633001743	-31.8878444509747	-29.9959342321012	-32.7586711170010	-30.4028228333126	-32.2732426077304	-30.7934581015921	-25.3138862984393	-28.7108041932478	-25.6009680881192	-26.3628278318745	-26.1465183481760	-26.7951342364173	-28.0378602920091	-27.0369930674729	-21.0724496784745	-19.2761385276825	-21.9030324065166	-20.0904748095957	-22.7382894674927	-22.6427868810786	-21.3352481200322	-23.8664708611817	-17.4868423167040	-15.5031851619895	-14.5044761663485	-15.6915682569447	-15.4239364680669	-18.4663424571614	-16.0868447254235	-17.4987202207634	-11.3797109717165	-10.6725470110728	-11.6435172193489	-10.9776931483667	-12.1153128193892	-13.7932625899184	-13.1976646106293	-11.8872356646864	-5.17038546394951	-4.28662195605854	-6.02244143155029	-6.59088035338491	-4.49476328843959	-8.50407231395109	-4.64084351691611	-5.87120061230347	-2.79617758580642	-2.53167224504232	0.756702444312996	-0.344081283713072	-2.99651632490654	-0.102098897190157	-0.343987335993970	-0.218497262692374	4.74275588016501	5.61346821680162	5.60833673561613	2.19394304708912	3.90478075762557	2.79779732379312	6.39682605977975	2.18269917886928	8.58113000554484	10.0475984486178	8.69747804740177	9.90083362097474	8.80292547187127	8.34054846805318	9.51660328829908	7.80549643850871	-53.3461752284646	-50.8567868194351	-50.9987775976324	-53.5251157268832	-53.2101429735824	-50.9225898118686	-52.7725415720640	-50.0276580122211	-45.8499059356946	-43.7821063022030	-44.8392089550212	-46.7753957996263	-45.3916179827382	-47.0350165481161	-47.6311137620141	-44.9938199399196	-42.1840364464529	-40.1044806264238	-43.0356147308901	-42.0684080629074	-41.0795797793933	-42.6597836347050	-40.8025295845404	-42.5127674746564	-35.7833763247199	-34.7952341397216	-37.2478216822802	-33.9676773854919	-35.5330017170134	-35.9080870642077	-37.1787035226625	-37.3188205821122	-32.2307851318483	-31.0897430306331	-32.3396545494522	-30.6336657609209	-31.5891224195407	-29.2391553986255	-32.1612745627926	-32.6211378943590	-24.1803744936029	-28.7404206884405	-27.6825531074610	-27.4522315404750	-26.2689081975240	-25.9180629291150	-26.5391409991061	-26.5287589014813	-22.1873069303208	-21.3669725599340	-21.0546068640875	-19.4145772183534	-21.0494826357120	-21.5310610859641	-21.1916968334130	-23.7372223562947	-16.8303352287088	-14.5211753656841	-13.6128993104081	-13.3814799115262	-15.6963723187458	-17.7784137608599	-17.8820727446155	-16.7395490706988	-11.0167755428422	-10.3245790512284	-12.4958706009373	-10.7106653961902	-12.9814828624724	-13.8890227688976	-10.9813012702440	-10.3157722608768	-6.45039753756026	-4.28757805980115	-6.54212428515962	-6.27682275099696	-6.67639308803412	-7.39972177445406	-5.32538775584678	-7.95834339216661	-3.29041335097878	-1.45277695794876	-0.995593812359701	-2.04038288741480	-2.19907982117483	-0.382488496273102	0.488669295560564	-0.947778156187710	5.09489195998860	4.46920397110635	4.68660978686785	2.41572965295843	3.53904574713270	3.47619470378578	4.78688070347540	2.73887536622792	9.72092102178810	9.89523928498421	7.48725268100327	11.2095644496748	9.31291395820782	7.23934880112576	8.11664771231377	6.35928942148240	-52.5380535648453	-50.4164768836638	-51.8207606370905	-52.1658536382624	-52.0655145605152	-50.9217917343535	-53.6736234508245	-51.8835231628109	-45.7225230399913	-45.7745129927650	-45.4118351261311	-46.1125891247780	-45.7876405656523	-46.3617751400881	-46.1093835788491	-43.9681673506314	-42.6459694680558	-40.4562714409617	-42.4363567220409	-43.1859573890509	-41.7958338308166	-40.9549201181657	-41.2390340873933	-43.6780254710390	-36.9887418876607	-35.3477174954363	-37.0160846632407	-36.0466062106979	-35.0442749847406	-36.5604383781825	-37.5014818538600	-37.3195067916943	-31.4767518215504	-29.4870744100223	-31.6949007327692	-30.8705650021906	-30.7335085802511	-30.8488703171183	-31.4704388072746	-32.0685628199256	-24.2820541779758	-28.1769682764165	-26.1723364730050	-26.7176830268530	-25.8543053985210	-25.7163421964133	-26.4443116851516	-28.1305793305357	-21.2617428152757	-19.0123819186834	-21.3977880912255	-19.5337442044795	-23.1002760700168	-23.2148364842934	-20.1967246710603	-23.4215557942852	-17.5308333128063	-14.9459939821802	-13.4003406994616	-13.6254287989543	-16.3176151994330	-18.4749468388866	-17.8868978838156	-18.1003726563628	-10.2918215539164	-9.36128500238839	-13.3825090038610	-10.5376867297125	-11.0412679472107	-11.6493931481787	-10.9651277126950	-11.2192508198769	-6.56326856597958	-5.41783548226847	-6.73470347864333	-7.85087163218117	-6.26419333726250	-7.64091212244803	-4.05043216103737	-7.33126776542611	-1.70389519421878	-1.26669867907432	-0.877832034370129	-0.721550432635940	-3.09925471699398	0.615423402212987	0.0306125853049867	-1.71470005782765	4.45782683128393	5.19642949135307	4.31193288689341	1.76943272120037	4.99157768266392	2.14121791647193	5.00234784576276	3.10242089818722	8.09754599523144	9.26871033208230	7.71526209596504	10.2161494902630	9.64241916034307	8.33160629787221	8.51080334224391	7.62240087139438	-51.8265291234985	-52.3373678500404	-50.7818366450279	-51.3869543017463	-52.8853312867717	-50.8921558609660	-51.9223299363151	-50.4649431914287	-46.0244486972464	-45.8017784671954	-45.8151727639358	-44.8865048545613	-43.9556069207775	-47.7912498296933	-46.8444000699047	-45.2181314243319	-43.0855507425602	-39.2973126506701	-41.2811172992896	-43.4462447881015	-42.5444120784205	-42.9314583955947	-40.7106086972998	-42.8469659035910	-35.4490248436865	-34.1537661523417	-36.7333317856012	-34.8081248324002	-36.4615598208815	-35.6931168330217	-37.9748626634904	-37.6141697196210	-32.4248433139938	-30.5517830282794	-31.4559015251494	-31.4363556595013	-30.6017240882741	-30.0196620274871	-33.3174673359478	-32.6224446806098	-26.4151755733378	-27.0612117145997	-26.7511017386386	-26.8985082880609	-24.7417612790466	-26.0496228055302	-26.9847205047709	-26.6343282920550	-21.4804876294058	-20.1295389233324	-21.1118210089946	-19.2875991769525	-23.0530722044620	-22.6632667207563	-22.1204009017091	-21.6525261137149	-16.6960175194209	-14.2716236387385	-13.9195848370147	-13.3711043686274	-16.9918526917578	-17.5455408383420	-16.7022117827500	-17.0179481303212	-12.3450533470057	-11.3933695872805	-13.3775639552430	-11.6292609719968	-10.7869020772471	-12.4813601737864	-10.8660435019253	-11.6304520068659	-6.36764001805622	-4.50300498393256	-6.81647069096237	-7.71502175367609	-6.22192182051929	-6.79175351079408	-4.27979357585185	-5.81300460639758	-1.85464355491832	-2.25450940324208	-0.348091584014257	-0.386066094961558	-2.51783421110212	-0.258738238382136	-1.33468130456212	-1.10597156048820	4.91537175677117	4.08107153511128	3.72981931517969	4.10130162187455	5.07406457880430	2.63657196920559	6.32139269274044	4.04338958373265	8.39257166908102	9.92595631448862	7.44056859615600	8.81765140097558	8.96857441504613	8.33017035114645	9.36481624011284	8.31607953096223	-51.4383667599039	-50.4287421881888	-52.2337877304846	-53.4191823412944	-52.1278149291847	-50.7491402108970	-52.7012290856899	-51.9920566139887	-46.2508553799680	-44.5394207069136	-46.7483749402939	-44.9445585665458	-45.2421840042193	-46.0690372668446	-46.4252956859906	-44.3396301787808	-43.5280197833401	-40.2010933563858	-41.4508486103125	-43.4802566077940	-40.5969020860640	-42.4589683887637	-41.1133760326709	-43.9817275154398	-35.8636235748734	-34.8515621285660	-38.3220627730281	-35.1624341625743	-34.8523289255877	-34.8444327145654	-37.0657759668388	-37.6068600947181	-31.3262353503676	-29.6871529094779	-32.0191609971565	-29.1168290176760	-31.3898643727011	-31.1076607318174	-31.4288488827529	-31.5599697768328	-26.2755979519691	-28.4920860829613	-26.0807592537031	-28.0436834869285	-26.6069971942734	-25.2761350162919	-26.5930938179025	-27.1760012094795	-20.9200384299128	-21.1199624363260	-21.8509062500531	-19.3218678666319	-22.7419535894046	-22.5348105096762	-21.0726604520096	-21.9134267173344	-15.5957518205159	-15.2894152736770	-13.6912866064608	-13.7745418509925	-15.3502434075526	-17.7018788561975	-16.2939584215924	-17.1164204059300	-11.9378542681722	-9.80994973494487	-12.2109886186863	-9.84013184940369	-12.5435045469226	-12.4633901906137	-11.1359465986144	-12.1411971580410	-5.87286903923961	-5.59219869251068	-6.34996682313516	-6.96310414318125	-5.93643671478481	-7.46885253609624	-5.30550589704087	-7.92786819782651	-3.30169772764638	-2.60858087318593	-0.678457982812437	-2.02529958297424	-1.22611270601915	0.0835846660329095	-1.26584227459451	0.0142875466233640	4.96187398555991	3.86869345178760	4.61644219263994	2.55271749175525	3.88710119359059	2.68048435450401	5.51277773371622	2.91281688013954	8.51692562371590	8.22786486724056	8.93462089745656	9.77844119437323	8.06698220171170	9.48785769377485	7.70822712444009	7.91026922683992


seedPosY:   -395.722280348828	-387.824081511808	-377.026645376472	-365.604855030158	-356.000183476715	-347.025683735762	-337.199388007787	-325.343726148479	-388.517930019262	-380.841876516285	-372.473384213890	-360.945695352583	-349.432486961880	-339.972891643911	-331.757271385414	-320.233046754908	-395.254040192605	-384.441692172016	-377.144056460471	-364.930649595613	-357.338963241541	-346.841254048936	-338.070866974236	-326.258219952025	-392.950428676954	-380.082792221518	-372.879511077691	-360.154542340794	-348.648541155925	-340.020043527066	-332.310471159450	-320.718973985998	-396.402875996179	-385.108974476929	-378.207209397811	-364.620150164897	-356.018296292467	-346.638745398961	-336.805213523864	-326.662397035751	-391.463535276306	-380.157748979194	-370.071047703190	-358.242813346247	-351.900938222655	-339.284991022581	-331.015975112023	-320.331391308005	-396.300405312052	-384.825939516820	-378.170001029906	-366.354438819199	-356.347128390093	-346.225162803002	-334.534088844662	-326.295064588501	-391.721744018938	-378.978287762947	-370.007701639824	-359.119196789921	-351.928318602547	-340.192891987597	-330.743318757946	-320.626742825511	-394.790829088818	-383.767230365807	-374.583370753433	-366.668572648531	-354.308633982140	-344.788920359932	-334.454339484981	-324.938910304603	-391.737803372025	-380.255505327821	-369.811233290759	-361.015485176580	-349.027067417585	-338.405808318456	-331.370260327187	-323.214563974215	-396.658131728318	-384.707929067723	-373.891334188549	-367.756429125584	-357.438716660797	-345.793850529227	-336.929510550781	-324.961350134955	-392.016972633846	-380.461293868798	-369.561313842976	-362.875126219604	-351.532238641182	-340.846689792714	-330.634529354056	-323.024241024859	-395.647863581617	-386.787928264415	-376.224947031572	-365.462935326906	-356.289346789157	-348.409394017380	-335.851850584347	-327.782106528435	-395.875048379274	-386.803731018736	-376.991450654583	-367.288723881905	-355.589112648395	-346.898729014528	-337.356327697813	-326.644865162589	-389.182228458933	-379.048369734154	-370.582065909685	-360.840906396111	-350.488149596410	-341.612662772985	-333.388052824588	-319.919288205711	-394.714004903072	-385.165487641634	-377.021995791147	-364.968335128363	-355.622631031475	-346.275735978777	-336.650350846194	-327.059552646064	-391.006932069111	-381.361324300516	-371.071614362651	-360.007886739601	-350.359234788798	-339.621608397525	-332.804583271043	-321.829054294268	-396.381529082158	-383.623331249049	-377.877091876633	-364.919312606673	-355.641690023205	-347.201775934884	-334.495592543186	-327.293075685520	-391.095034044548	-380.090391394830	-370.756689730332	-360.626416822882	-350.560067620725	-340.069403706078	-333.378169895722	-320.390376570922	-397.546245797993	-385.525467635681	-377.555257509240	-367.668082168546	-357.585034654005	-344.404828294525	-335.261404917010	-327.813701984956	-391.912195979974	-378.406204149464	-370.944862644288	-361.261694075636	-351.214151346000	-339.152096416618	-329.557877384338	-320.664860524906	-396.502641187150	-384.304950749503	-373.985552471086	-367.989066358723	-354.387766598554	-346.665731964437	-334.591782172380	-325.966025074125	-391.499897058562	-379.405483959104	-369.327889648776	-361.496799689633	-349.642054260691	-339.940292025587	-333.317690426750	-323.679275983716	-396.892562218432	-385.965494907155	-374.297489415795	-365.698133014939	-357.217887779673	-344.800185328828	-336.638731256652	-325.106856833706	-391.761408400900	-380.820996443067	-369.013932448621	-362.069862621372	-350.942801286973	-341.548319428264	-328.822071461902	-322.679684419166	-395.476153768911	-386.604394722028	-377.504128286375	-365.510831220390	-355.654678302919	-347.539294487555	-335.011966418844	-328.317856715241	-395.933242032325	-386.946400956583	-375.868374629682	-366.651014133712	-356.286958028694	-345.879578229786	-336.509279843594	-327.144843059990	-389.252733953405	-380.355732554977	-372.904124969283	-360.668902774754	-348.973621305608	-339.876959177781	-333.753213250714	-320.474918353991	-394.640066999295	-384.522220792030	-378.484062635052	-365.874937689182	-356.485045982810	-346.268366220850	-337.670752250478	-327.710705623178	-391.826041525588	-380.414317620979	-372.688853937335	-360.511027516927	-350.137534081855	-339.990440046077	-332.738340529498	-319.765024116198	-395.653988440561	-383.529406532618	-378.304271003660	-364.513577283907	-354.749786638776	-346.457007512606	-335.898279135868	-327.378215097543	-392.407753815858	-379.935920778170	-369.551155640176	-360.531966205507	-352.114828827756	-340.185274189025	-332.399300641488	-320.805074327592	-397.735075348029	-385.414719022927	-378.046313430094	-367.545991866533	-355.589944219843	-344.380232676840	-334.715795613826	-327.893174539411	-392.689056996214	-380.435685491842	-369.522723839817	-360.003399219684	-349.620877086789	-340.197269674189	-331.777890754234	-319.627319835418	-396.754232443350	-383.755925177777	-374.187324799539	-368.401862182283	-354.080675058307	-345.180038623618	-334.926711922671	-324.414105562400	-390.162270138327	-381.049305606506	-371.719286183131	-361.258542770706	-349.643596716403	-338.437308095229	-331.908839272813	-323.236166947948	-395.337015059602	-385.937618500380	-374.163103659198	-365.862251540638	-356.278481438356	-346.092429273616	-337.604805770248	-326.247299890889	-391.391001863930	-379.877507452244	-369.303284490373	-362.904511133940	-352.284371149675	-341.358811904801	-330.650707494442	-323.020949621679	-396.395925205661	-386.356067262486	-375.821824660799	-365.289257582621	-356.052072304806	-347.539858615390	-335.152819656737	-327.489795869085	-396.302054788697	-386.092094039498	-376.341232201311	-366.094395315805	-355.667898370143	-346.748550777002	-337.546624835008	-325.337407607661	-388.887647476618	-378.980735807256	-372.018507813038	-360.074659532990	-348.828430196837	-340.972320168016	-332.634796074914	-320.924452477623	-395.977497644747	-385.138487019703	-377.955791749524	-364.723634934396	-356.984265974777	-345.866416237509	-336.491246189138	-326.024725839780	-390.657102505783	-380.201152530307	-372.148197388200	-360.915398765743	-350.607753863190	-339.716521437501	-332.599733491898	-320.449464605690	-395.577711585305	-385.432537993837	-376.960033842894	-366.367448706917	-354.403959949649	-347.600768948828	-335.204604446304	-328.562571235703	-390.736434358098	-379.972371376075	-371.646607870864	-359.179475255092	-350.141292415718	-338.549134117170	-332.199176345898	-319.370290892501	-397.061962125569	-384.682788587158	-376.800457044554	-366.863956939222	-355.564348411865	-345.207585311721	-335.339595218813	-326.511563580482	-392.158706932426	-380.192334839436	-370.991333238247	-360.429683400432	-351.548699989602	-339.207044181462	-330.126084650039	-319.989152619313	-394.675338325323	-384.433711320261	-375.799364649941	-366.762677267226	-353.565758348144	-345.232817975414	-334.857565632192	-326.582403244408	-391.740633271719	-379.428874108401	-369.815267279462	-359.610913033361	-348.747983038705	-339.563991724005	-333.462021988927	-322.321565948721	-394.941381026532	-385.014939208160	-374.639346760927	-365.681096457995	-355.921900817254	-346.095823583442	-336.173091393112	-326.227509745525	-392.508222311541	-378.953315951042	-370.408098897551	-363.117966344244	-350.486488604155	-341.366719047805	-330.006750961226	-322.784281173088	-394.979939544859	-385.439432158047	-375.409375678345	-365.535092644938	-356.742318206984	-348.832090156981	-336.291906935147	-327.925431809753	-396.760590432119	-386.044993169331	-376.097875735159	-365.131797058426	-354.460877440069	-346.454252717028	-336.341008302374	-327.643031825147	-390.473336443855	-380.446353452066	-372.404578357236	-360.786591939252	-348.868868192585	-340.498994746072	-333.683206419192	-319.571491339531	-395.720175419788	-385.086635001554	-378.464274381206	-364.936567265862	-355.281798465789	-346.941397817019	-337.667153373893	-328.260561768460	-391.879799146681	-381.207244086613	-372.330364931835	-362.130846490959	-348.705959674016	-341.475682211827	-332.951216775292	-321.827845069859	-397.045319100917	-384.990894065795	-376.196916773573	-364.843458636251	-356.044917516948	-346.772899698709	-335.469269707085	-328.619848366749	-391.568894632697	-380.733236184127	-371.744406518016	-359.043981627985	-351.341451258561	-339.970470024598	-333.284024295045	-320.458568691967	-396.706523873568	-385.865018742596	-377.522401311251	-367.783078730828	-355.617943357635	-344.815230770075	-334.842213127115	-327.615671310597	-391.138764335603	-379.379238368188	-369.209348648086	-360.144963229854	-351.061281736939	-339.996531334942	-330.790337120898	-319.944319531474	-395.625631993307	-384.299442224372	-375.840991300299	-367.204011212662	-354.081158849317	-345.021209791458	-334.362602342093	-326.294215307869	-391.595877300589	-380.132497970538	-371.376127033663	-361.019959359702	-349.094848972315	-338.765101549525	-331.556064021886	-323.667955209312	-396.402794881146	-385.698713405380	-375.023050507487	-367.878395784081	-355.375317787578	-344.357198885035	-337.568420482571	-325.362386546624	-390.377633962936	-379.814586495634	-369.486148585797	-363.168296119458	-349.801175626441	-340.594658863091	-330.333195076622	-322.959419723568	-396.316869318411	-385.997929344921	-376.205501718093	-365.870504266873	-355.012198549739	-348.049693659922	-335.558364630071	-327.971572657591	-396.260343772522	-387.048174978764	-378.040218038475	-365.544954731915	-354.275786477550	-347.647406159335	-336.278971410057	-327.273240559398	-390.420526783750	-380.857645204858	-371.979291813914	-358.690039600173	-350.612984826126	-340.125210144605	-331.585513394250	-319.529015992455	-395.982947096685	-385.273285724942	-377.121931981935	-365.524142082882	-356.589572179034	-346.850839835715	-336.998324738996	-328.100051323156	-391.830414267111	-379.251630022539	-371.494699554929	-361.063153988953	-349.587968194189	-341.826770978438	-331.492628132462	-321.764820350846	-395.091586231638	-383.650015647472	-378.623489505799	-365.754572288648	-355.005443044350	-346.067380776189	-336.151843773169	-327.497928922502	-392.405219098872	-379.476369109306	-371.304538505781	-358.444985946880	-351.678272458529	-340.529052929597	-332.745283984192	-321.023764776992	-397.814720897933	-386.484587453393	-377.862588261212	-367.604893058704	-356.095798431153	-343.792147333721	-334.086133774962	-327.966588598837	-391.932912005991	-379.710650931440	-370.545604106651	-359.998763186067	-351.729252534053	-338.870661640822	-330.146382359454	-318.556435945819	-395.433729639759	-384.082635994976	-375.653398974143	-367.050307200589	-353.600036643375	-344.960126542914	-336.666397939834	-324.791507420240	-390.584115559599	-378.824615491124	-369.308601904067	-360.011599585402	-350.653262236204	-340.744107806640	-331.827909522179	-322.152431922491	-396.673502975884	-386.428489388031	-374.623508529459	-365.724987735438	-356.628974638106	-346.064068840443	-337.459883353440	-325.631032518619	-391.257652952795	-380.824904359666	-369.249503480509	-362.297034994933	-352.034152092860	-339.674295249617	-331.204289214483	-321.173200887745	-396.225904646025	-387.182007405516	-376.153214437193	-364.995723833895	-355.820354674615	-347.521244583086	-336.717794179196	-328.765719183593


seedPosZ:   60.2908161938417	56.7749926690548	58.6560482590200	59.3648390473873	56.5482179558106	58.7336202622070	62.8609481526500	58.0025529116306	61.1802374090590	60.6197759651883	55.9682766110978	56.6229567526967	57.9490061362321	62.7429770129913	58.6164897612955	57.6089775776348	56.8809628871523	60.6090198657476	58.2403230789375	57.7908299476262	57.3356814212829	57.7948081312632	57.4912434658771	60.7491618664371	58.9113820990217	60.8927245754277	61.8040174223983	59.6377886223453	59.6327865504003	58.7190257537443	60.4654440297257	58.8118004729714	59.6842847016140	59.4973811129365	58.7045735698707	62.3278918803039	57.5957443878771	55.9406824639941	60.8358518163441	60.5100312580228	58.2704367609767	57.3277973538442	60.2084723151973	57.1153956677742	54.7943135520252	58.4036188751163	57.4290179018932	58.3427726649994	59.3080147227644	59.7501984253451	56.9918860515881	58.3350123729491	60.1317370030620	60.5195833480855	58.4642024005986	59.0465496854036	55.5306447284830	58.2636298606548	60.3287350267075	61.0810113352415	59.1876952682165	59.0532067835883	60.5692698663261	59.3916777528599	58.8838531583407	58.9883339283752	58.3257409566423	58.2271967976858	56.7875492896614	56.7706424983609	58.4245468403925	58.1451514848756	61.7732080797430	58.9023601339232	56.6112246582007	59.7824969127897	58.9888126261777	60.5659125182294	60.6777831567658	57.5356812459223	57.4643215203848	56.0562049075721	59.1151639228014	61.8058232008002	58.8146252631735	57.5471070762965	57.2479045167155	59.5958432848802	60.3918091461718	59.9777507147703	58.6770701754589	60.2208590647132	61.7422795877267	56.5703807018872	62.0096605880933	58.9685640373170	57.2212595229988	55.6003192245108	56.6717348109335	61.9028296055762	59.2739407958770	61.5993646838351	60.1484610106538	55.3542614442184	68.2229164402864	67.8979563861256	69.8510014590880	68.2489940339657	70.0071779828395	65.2152254038403	68.6844660310115	71.2415007757020	67.4214363482267	69.8602289387615	68.2961875072151	66.4974992473984	67.5012323014435	71.8731395997581	68.5293214192101	66.3782816796823	66.5049069546502	66.7889756028926	71.4646120543363	69.7599566125330	69.2713813005261	69.8218121016427	68.3755066334694	70.4833133179801	68.7917530391648	68.9475932426031	68.0207415950830	68.7446639757857	71.3069648022401	69.6716410577409	70.2817014913282	70.8373980921493	66.3736051782557	70.1901691668482	67.3837813202356	70.6889597025463	69.7273825691593	66.7477690509037	70.3737953708514	68.4072287880798	67.3784822295761	67.7202935387316	71.3465592501827	64.9614036954051	66.7995180129031	68.9091663094869	68.8986487247846	69.6199917258331	72.0810264833026	68.6601150403784	70.3348085302918	66.4960482604610	70.8838556710054	67.8274165040287	71.1965759219844	65.7493547559405	67.3405478931782	67.6602392822641	71.2070546099634	66.7668197390413	68.5068410205851	66.8178784038364	70.1958779065311	69.8904837342632	66.6689113587462	67.3477557619833	69.4897420273786	71.1799533042541	68.3465575938239	65.1787237432609	69.0717513633544	69.8354726914287	71.5476160217706	66.4413979867447	70.3019763197733	67.9851619155170	70.7802103392734	68.0744954014837	69.1234662002122	69.2734130310124	68.3255259721009	65.5108329447440	65.2192846789178	71.3920488630959	70.9943002705202	67.7562097244544	65.0915172050758	69.6086654585815	69.1220038701178	72.9287381460759	69.4680406640881	70.3381386874201	69.8494692783701	71.1737253888457	69.1141050068034	66.7655463645617	70.0577947379631	69.0753871443280	66.8647396256251	68.2768684255839	68.0735453329627	66.6826488625358	70.2104625533064	65.7085159340712	81.1402665976564	78.7334523319521	79.5970678549558	78.2130468411572	79.7232739616840	76.3157067221770	80.8187308419625	80.9202877632799	80.6776613824682	75.9346298978063	77.1788659841113	76.9939108408128	79.1581457333342	81.7083943220854	78.1787567843024	80.7852811974751	76.6492665080074	80.4781323382918	80.1423236748447	78.0832772642935	75.7621067919166	77.2886139377841	79.9241850470445	79.3383590976255	80.6247384627859	79.2330234951709	78.9077587921217	76.8206338073616	78.3607802961138	79.0472086041098	79.4645489135572	78.5493884002347	76.1311186929773	77.6090344557098	80.4915467512765	81.2397025093101	79.6395338640968	77.9968611724234	80.3717102164709	78.3225345782740	77.3097892047180	76.6278041240200	80.4715301513276	75.8388894933205	77.9270700855450	79.7711738278891	79.1324761207095	79.6772019320137	82.3003643177413	79.1164946794882	80.8612940474212	78.3201574535166	79.6774596023072	79.3723034060884	81.0689740377635	75.0864707596830	80.4742445031677	76.9992545250789	78.7606189209534	79.6762618289565	77.4933071426393	78.7708520950163	80.5443065585802	81.2389808736989	78.0246345050507	77.9112423780709	75.5006338132501	78.8642231157614	78.7536436879475	77.4311619028789	82.4764733506394	79.5319506206504	78.1002448052628	75.9627757972175	79.4761144859652	76.9319240423850	76.9771841011138	82.5091602787938	80.4208285911063	80.8068571522405	77.4520886249830	75.6771424879384	77.5778464480983	79.3761089912070	78.0883818811238	76.9478955748130	78.6728600223437	80.6131926377266	78.9040003916978	80.8310273141211	82.2025265656543	78.1831994362407	80.1692546241206	78.9330325120542	78.5211720685166	81.2189385187150	78.1902470957196	77.3193411927744	78.9151854166282	82.0937755268431	79.7327611798856	77.2309253979980	81.6254401035725	79.4419341325111	91.1733965377343	88.7883607814119	91.8988122142363	88.0129018386841	88.2042305003313	89.2659321351865	91.4164991230543	92.0848854555659	87.5294824098051	89.2892319684501	85.8846718976756	90.2380253245472	88.1602933389912	88.8689712409935	87.4907397072602	88.7383357623573	88.3022316590822	87.4114766908171	91.8163038421550	89.4386427089223	88.8417334546782	90.1648389266059	88.0006939936978	89.6741373888136	89.5466680960299	87.4337377518196	91.4711562247427	86.9303026883648	91.2972775111369	88.1448965308381	87.5279452565387	88.1627750441234	87.5158174953987	90.2242587299954	89.0008853511969	90.7168512617939	89.5624341444432	87.5097357395792	87.4424809123813	89.2457051705421	89.5143018081046	89.0557139822229	88.8613726427898	85.4946679579225	88.9881261718374	92.1994147268250	89.4982736878575	87.6798006851717	89.0628840363987	89.4951749889685	91.2951539234370	90.7025717445937	87.8012574177396	89.4253048889870	89.5633859079434	88.5839187489424	88.6549557443233	89.6498292561916	87.0195086192990	90.8602985044276	86.0363517020852	85.8040885176874	87.3312605621452	90.7865656256255	87.8714732590605	88.2727450389479	85.2148249088937	88.1732272607619	86.1919926728455	87.2219767482607	92.6543439632993	91.2495310272647	89.8023394626421	85.9508928946558	88.4338405376568	89.9602989262636	89.0700910585053	88.7904584509916	89.2726231483746	90.8164455161084	90.3543855377690	88.2645627959266	88.1607439448252	92.0067273350999	89.6306358995447	89.4539768570220	87.2758334973596	91.6940858678990	89.1009433756105	91.5261350984481	87.8964118767796	88.9947415355076	91.7006737695282	87.9141545478866	91.4937627076463	88.6987336703530	86.3290809558120	85.7399669210614	87.1036859661809	91.8040435546543	91.5850066694947	89.4901100753539	91.0270542484319	89.7450602575328	99.0849295788557	97.6128723306406	101.219942608047	98.8101820737507	99.8113338485011	97.6404117328936	102.545151675348	99.1081762069193	98.5104860460721	98.4029637557688	96.7540953161693	98.4188510122367	98.9448220798413	100.265882959001	101.636318904700	99.7634807653993	97.8693471122240	96.3526003005082	102.596358097994	98.7530914610509	97.9091694245600	98.4169272446003	98.5521470010907	99.1508415941541	98.5025556554519	97.2396976435025	100.465980836599	99.2689342967559	99.5542921283001	96.5711419237601	100.971868368161	97.2224734463399	98.8050851603422	99.0917434557192	96.7478841864559	99.6836572972798	100.727561382398	98.9736271264978	97.5057615656291	99.4409187984102	96.9482595416853	96.8643267623787	101.173350010127	96.7456672935853	97.8710639132943	99.2120381671846	97.0309368635276	98.8780354160749	101.987002833398	99.8252424478900	100.162315113395	98.6574622606382	99.2289043370517	97.9133469810098	100.476722739554	94.8532106850423	97.9190803390066	95.3896487323394	97.0956458468172	98.5382661527650	98.6519374475712	99.6592275896295	101.246021898275	100.473300133852	98.2962553332182	97.1463925860824	99.1609996531699	99.8421049127172	96.6449611706012	97.4967517603470	101.161265899159	97.7450212576650	100.275700633999	95.4215167137116	96.4617313624910	99.1097228839351	99.9152405360850	101.845695247628	99.3231170368903	101.545223683685	96.2346717158988	98.1287129228574	98.5877648243227	102.113241429994	97.8212334982166	96.8296925531207	98.8467629393969	101.472598544706	100.367640571144	100.793087167500	97.6967694164639	100.846408400714	100.328473333929	100.858882861232	101.978980250183	101.026199652973	100.176394550032	99.1133690175202	99.7733738492036	99.3690114935263	96.9731067590512	97.6876760242905	102.507161192092	96.3260403307142	109.617419093055	110.831615231920	108.805368144269	105.040774809440	109.291428966542	108.844039549754	111.787927335624	109.172317569371	108.617122219903	109.215309952652	106.129545173912	110.377675817311	108.723139491343	110.985351993301	109.723288598699	108.019660727754	107.959548365429	106.564886428478	112.466528153307	110.318760873991	105.663947882493	105.736951242344	109.025026356716	110.195951587685	110.533156668184	107.884028304923	110.816736273918	109.751644911905	110.812618482284	109.169081224403	108.529216137139	108.498535409587	106.175084714093	110.671907209400	106.813020443150	109.638016315714	107.858636459116	104.945748639290	106.969756619787	108.154699220376	110.770966289737	107.824266737014	108.169160993934	108.274895473115	105.693480485375	110.806983798535	107.827097115485	106.092010870438	109.502770743761	109.154781879253	108.419815437546	107.081945063787	110.554787531632	107.912965018038	107.238321630342	104.856336096339	107.679051861660	109.346493666453	109.781534119536	109.577570077604	109.356990624848	109.969535900951	106.657649146877	107.689670378290	108.320376197501	106.946586081339	108.265169385999	108.485911950212	108.538127837470	107.740384072717	111.106398057834	108.408839542069	109.084775792314	104.902517452074	111.002497036273	110.313551806315	108.467137065964	109.004706742927	107.078740513415	110.315034711127	108.603592307050	106.425277753912	106.872361677910	109.500645151212	111.859454938003	106.697878671940	106.354741581316	110.086623334750	110.609203227494	112.373853870103	107.679920334524	110.347968058026	111.646229801275	106.731390501003	109.114631083615	109.078104750532	108.039940836816	107.330951300652	105.425309588976	109.002195785424	109.903752686462	110.034577526072	110.218643926210	108.056271850087


objFunctionValue:   681.771721900826



