Dataset 24


dvh_array = np.array([
    [ 7.80, 2.89, 19.45,  3.20, 12.65, 12.23,  3.47,  3.37, 0.00, 0.00, 0.00, 0.0518, 26.35],  # Rectum
    [ 4.60, 0.48,  5.31,  3.92,  5.29,  5.28,  3.97,  3.95, 0.00, 0.00, 0.00, 0.0000,  0.00],  # Penile bulb
    [ 5.48, 3.97, 31.88,  1.87, 17.69, 13.34,  2.35,  2.17, 0.00, 0.00, 0.00, 0.0000,  0.00],  # Lymph Nodes
    [ 1.21, 0.81,  4.33,  0.26,  3.45,  2.96,  0.42,  0.36, 0.00, 0.00, 0.00, 0.0000,  0.00],  # Rt femoral head
    [13.69, 1.25, 18.51,  7.37, 15.77, 15.11, 11.16,  9.32, 0.00, 0.00, 0.00, 0.0518, 26.35],  # prostate bed
    [12.35, 2.14, 30.55,  5.27, 15.61, 14.83,  7.91,  6.65, 0.00, 0.00, 0.00, 0.0000,  0.00],  # PTV_68
    [ 5.70, 5.39,131.21,  1.42, 19.39, 14.19,  1.96,  1.79, 0.21, 0.13, 0.09, 0.0000,  0.00],  # PTV_56
    [ 5.67, 4.03, 59.69,  0.98, 14.34, 13.55,  1.46,  1.24, 0.02, 0.02, 0.00, 0.0000,  0.00],  # Bladder
    [ 1.17, 2.58,222.40,  0.00,  9.71,  4.92,  0.00,  0.00, 0.02, 0.01, 0.01, 0.0000,  0.00],  # BODY
    [ 0.87, 0.57,  3.05,  0.06,  2.43,  2.12,  0.24,  0.18, 0.00, 0.00, 0.00, 0.0000,  0.00],  # Lt femoral head
])



templateX:  -51.2005040336557	-52.2792060039193	-50.1907090890592	-52.0095539617042	-51.4924646398347	-52.1591945326613	-52.0306481959216	-52.8064044269380	-47.7527051196372	-47.5530519382577	-46.4770561821048	-47.5368966054522	-46.2040395433800	-46.6185838709597	-47.0281733282905	-47.0443174065792	-39.9512045267096	-42.8554458787583	-39.4295060228856	-42.5539394967255	-39.4649018706131	-40.9242959052317	-39.6132872614635	-42.3645737513025	-36.0663415253707	-35.8790022862035	-37.8641323233334	-35.6547310528867	-34.7472799927636	-35.9288709700236	-36.0057168588008	-34.8062160429763	-30.3224724603182	-32.5277273718663	-29.6495127059145	-32.5571698035840	-29.6486415593361	-31.2473018974155	-32.1108469438107	-29.4434035480103	-27.2076534226045	-27.0921217559651	-25.4348816664318	-25.9759550925046	-26.0646538777724	-25.5730390479159	-26.9573499491936	-26.2072038891722	-21.2842541408945	-22.0941887738814	-20.6254318453404	-21.7645371858692	-20.4297767651842	-21.4206235630058	-19.5568798428865	-21.4456950823080	-15.2283132092977	-15.7042573993065	-14.7669241350713	-14.9405539312832	-17.0007292806172	-15.9610053701447	-14.4110717930736	-15.1845169486148	-12.5911650236685	-10.9816425037234	-9.68512050975493	-11.4429779751287	-12.8459410938791	-9.66977533854595	-11.2522639424142	-9.56264489830106	-7.35639847780259	-7.56731793171652	-7.16218742086834	-6.46041590882215	-7.63358841876392	-7.48076946718880	-7.27746534744931	-4.45550708006604	-0.720273484331994	-1.71205347414364	0.0630371891485351	0.150226172023856	0.0842149755127093	-1.94269771935022	-0.805951775883455	-1.17318066029826	4.71832111369850	2.88013587804404	5.00124190682943	3.77147341310678	5.04269208496367	2.12954989846402	2.52135813747931	3.74070266750109	7.30669834365537	9.00282726063402	8.10586785327286	8.99940853187316	9.88619250383644	8.81234457161388	8.22630598878443	8.38384078707544


templateY:  -396.014746658797	-386.401862522139	-377.543357698514	-366.668063650055	-357.561557280790	-344.949770570728	-335.636900035077	-326.142830236576	-389.390617909858	-379.776701883824	-372.276106935163	-362.601741476513	-350.657515315575	-342.091178946572	-329.654467101023	-320.924600319640	-394.915548523242	-386.120075999264	-375.089867788476	-367.314117999172	-355.592393593462	-347.633016868256	-335.596341162408	-326.077398360221	-391.716898986772	-381.320884367170	-371.423651136278	-362.544778495201	-351.707788169172	-342.542906134737	-332.661954486858	-319.769413909492	-397.850510969013	-385.699490644050	-376.099407131914	-365.709894905418	-354.737459687790	-344.927579831054	-337.399285640331	-326.310034444542	-391.680112974826	-379.388270742238	-369.430504932015	-361.399710637455	-349.871988959896	-339.596531229082	-331.294607174109	-322.377990500789	-395.199172657558	-385.258009984478	-374.961155371026	-365.301946989422	-357.178781370634	-345.345958304945	-335.902622460959	-326.541698592105	-389.664947326554	-382.068991316202	-369.610313006403	-360.818606263011	-351.109342301863	-341.466439190227	-330.537979247888	-322.014155208490	-396.660452097507	-385.730852282358	-375.169606474680	-366.364885749068	-356.561914492286	-347.079434181200	-336.925937319533	-325.846405525003	-389.955067099349	-381.244684822398	-371.660802086645	-360.280115238544	-351.045995297838	-341.205582135561	-331.171366529515	-322.179435100936	-395.131971960408	-387.294827119758	-375.094467055295	-366.108286591813	-355.540567047108	-346.377858242894	-337.523435731768	-326.550108555688	-392.537865764494	-379.684433482109	-369.533008300804	-362.288381250195	-351.610207101130	-340.840685651302	-332.075055236550	-320.058914354238	-396.522385138106	-384.727486250013	-377.367662239406	-365.630883266088	-355.980492101388	-345.267269038652	-334.941915310374	-324.547351841212


templateZ:  57.9812024638451	59.6985591659896	58.0402527125330	57.7410430667347	58.7066752904032	59.6957391511967	60.2012531080553	57.3928322331991	59.1356451690014	58.2356394482362	59.8988817918551	58.4125491651505	57.2274359928963	60.4961755560560	60.3018978976606	60.4169534840588	59.8770355212943	59.8872840673857	58.5110847210084	57.9105019920840	57.6023283252739	58.1923721236846	59.7950187423760	57.3104037088085	57.5559844531156	57.9122548292397	57.2325957997007	58.6858402810424	59.0295577705233	57.9746007050392	58.7744683009905	59.0362857459532	59.7606264750780	59.6437714283388	59.3497885226240	58.6792200657424	59.0400906985247	57.8553811251233	57.3602196143256	57.5743792830814	58.3073757418236	58.7015784995314	58.2203812447600	57.4646513447088	59.7494902616459	58.3448988327233	60.5121463803937	60.4149561361465	60.1956268638758	57.7406528046454	58.1226656028782	58.9469763669000	60.4892985256374	59.8059014559148	58.9689944569797	59.4164215327128	58.4578564983588	59.1069037739700	60.2061278888552	58.8753643996191	58.7533509416925	58.7514524737295	59.8798163944747	58.7449167921417	58.5675310516082	60.0707536452355	58.4690764831840	60.2017937243493	59.7242824136417	59.7478609384364	58.9677563048089	58.8327341910858	57.6206493179720	60.5002600981664	60.2244919839483	58.9983641924533	60.3585336014465	59.6908509124077	58.6025163191703	57.1800734911972	58.3345539092947	57.7357543976778	58.3293279603133	59.5260805593853	58.3085408839577	57.7434081742936	59.0977147007728	59.8014936442794	59.0001905569184	57.3337096820760	60.4492836029436	57.3276028511185	58.8080142365401	59.8019798308783	57.8677762252464	58.6467626000789	60.3715766025829	57.2670457217452	58.5081274611752	58.0551666096860	59.8347376023352	60.5383436223907	60.2280815789176	57.5044715860364


seedPosX:   -51.0768799382645	-53.1078307564383	-50.8881670932671	-53.0014322009607	-52.4589435966544	-51.1403513255178	-51.8681828468168	-52.2056176909929	-46.8591819988271	-48.6671631539566	-46.4606779512448	-47.9148766612373	-47.4265185580964	-45.6057550290831	-47.3392443653256	-48.1458531991286	-40.5003287046360	-41.8406330901466	-38.7943054155795	-43.6120972621304	-40.1539545663715	-40.8300384354216	-40.1993811521481	-42.5495745935816	-35.4750137392841	-36.2065987611813	-36.7492255957628	-35.3145047974276	-34.8211803691085	-36.3950639545956	-36.3124921781680	-33.7019472028295	-31.1837167731872	-31.7441322811923	-29.8706335898205	-31.9371125458307	-30.8142885593510	-30.4511704140494	-31.5818522465485	-29.8444198860401	-26.6521342996924	-26.3433962256717	-25.6464084030615	-24.7853779299929	-26.1064055285679	-26.0527684231481	-27.4583191892322	-26.7644922912457	-20.5915868198498	-21.7344505219420	-19.9679741611203	-21.9680717728842	-21.6109765692943	-20.4271457159714	-19.6614400871508	-22.6528329545311	-15.2261329913123	-16.5650608829580	-13.6173915941624	-14.5993792901943	-17.0415367736907	-14.8541132269998	-15.4532475717694	-15.7477603729001	-12.8611120409593	-11.6717186708372	-10.2391672210900	-10.2727095234963	-11.7852500464057	-10.4789986897187	-12.4083956281729	-10.6440095102135	-6.76817862968963	-7.65177399579371	-7.16584345398795	-6.27135365400689	-6.85519239939174	-8.51855235856872	-6.73320015353205	-5.29828201273154	-0.932332091114051	-2.14705055541291	1.05823642593829	-0.292339354365265	-0.0152400060125606	-2.29200833789305	0.211908581221841	-1.89983930493694	5.20103544825075	2.21127122284510	4.55448205271544	4.03304972043712	4.14405547264089	3.30321660863355	3.00558882497894	2.81835391393763	6.51805019415898	9.74140207304950	8.76707399887907	8.03022255150621	9.63265064206406	7.72760700970812	7.73953456987633	7.88341473683670	-51.3165161118412	-52.0887618945166	-50.7359536387236	-51.8960774227699	-52.6598214596483	-51.8529704142708	-51.7053681308017	-53.4409759173126	-47.8475634602061	-48.3885673783790	-46.3476852363912	-48.0567350619441	-46.4691973710841	-46.5760389737961	-47.7960631309174	-45.9447026428513	-39.0628491216570	-43.5636973693288	-39.6868705375817	-41.7370122956980	-39.4897913628156	-41.4661147925172	-40.7299635820040	-43.5835505489654	-35.9590740974488	-35.5542001538226	-37.8386577077910	-34.8187247207542	-34.3078380870331	-36.0023656015673	-35.5429853780170	-35.9696274814084	-30.6249366775760	-32.7549467552488	-30.5927668852918	-31.5358778923363	-29.8906891881016	-32.4193654583877	-31.7606900630659	-28.7651508213365	-28.2160314651966	-28.0903891019674	-26.5107337813741	-25.1944934514370	-25.4876921073916	-24.5680877700180	-27.2422818655323	-26.4864209261265	-22.1724212953951	-20.9474712557570	-21.0367800221910	-21.3613380904167	-20.8164133191159	-21.3119865620499	-20.0788495697835	-22.0181008513398	-15.7779193299155	-15.0510848894239	-15.6491532854336	-14.0855844291848	-18.1524093172643	-16.6593221985706	-13.1619405850611	-15.8218048410642	-12.7612782616250	-11.4434922990687	-9.32462460788407	-10.9736369125605	-12.5399150613008	-10.0274443144311	-11.2562102772578	-8.98176313682151	-6.90132915196201	-8.04013893655097	-7.34894509446319	-6.51089472583391	-8.43059673793786	-8.69938643788174	-6.83192393271284	-3.38447953967765	-1.31369172438490	-2.50539368218969	0.508450705017600	0.0256801063891571	-0.0379160107989184	-2.41019680242893	-1.09824651144891	-0.747679669613875	5.80372510698582	1.65012307006132	4.08021609869539	2.99029005853214	4.00190255227972	1.16209945851460	1.96757093135944	4.43054051697819	7.34371202468712	9.03524372063117	6.92963527521660	8.11686409398239	10.1881545532988	8.94139115487503	7.59579927563900	7.66761907044028	-50.7948655151267	-52.6726869516677	-50.3625113722420	-50.9449237586282	-51.9011197851357	-51.6531011089531	-53.1811981703341	-53.6063805322235	-48.8027129068733	-48.0840727438756	-47.0655451664430	-47.0356730299329	-47.1508116832054	-46.2025364557962	-46.3247930765679	-47.7023037558736	-40.1504243297482	-42.8398474329274	-40.2592805186797	-41.5388983508021	-38.7014535474978	-41.1692080153770	-38.9150828987380	-41.4477073749067	-36.4241965951674	-36.7136048739312	-37.5255605208427	-35.4936916856775	-33.5703327288646	-35.5460657989428	-35.7389590919252	-33.6639129315663	-31.0889399822684	-32.5352600303667	-30.7817694554304	-31.4457140270183	-29.4925236513713	-31.2423661515718	-31.9267190796301	-30.5728405529024	-26.9105425609162	-26.8472005620390	-24.8559140880506	-27.1706108941743	-26.1083098203830	-25.1818586718674	-27.7360376211443	-26.3772666613788	-20.7634771790225	-21.5265047586343	-19.6106789534371	-21.2919068701413	-19.2042644898552	-22.5257846509993	-20.7225029683310	-20.4266819437295	-15.7458851341752	-16.7415931654863	-14.9822865534813	-15.9923784153130	-18.0107965940800	-17.1212219501949	-13.5222080405940	-15.3694856985708	-12.3225391210948	-10.0334551055757	-10.3166901544005	-11.8641590328477	-11.9847611545689	-10.2712356750576	-10.4053053696038	-9.53294222425103	-7.64815443536744	-6.55879085814017	-6.37424007995442	-6.41326011470419	-8.44690186654804	-7.81777753042249	-6.94224843379467	-3.71500170215667	-0.674994223148521	-2.78314030866425	-0.866059302999418	-0.891973175078291	-0.571789495778874	-1.68440669029497	0.300326665130536	-0.603706826078457	4.01536244868326	2.84802252752125	3.93596125846518	3.61234719735280	4.66238450791225	3.05800016355914	1.75353419612357	3.25094132413026	6.89411975400737	8.65351286087068	7.21224771023115	8.67310512810870	10.9781504776362	9.75889599457027	7.02719978756242	7.23683627322168	-50.6083710106945	-52.4942091770337	-50.9145060220933	-51.0492469769038	-52.0456265725303	-53.0015367654092	-51.9042576585459	-53.6393612733481	-47.2393488873535	-48.5790637060209	-46.1598733622851	-47.3725163537070	-46.4520425919845	-45.9229662802556	-46.9457113334044	-46.3753493149861	-39.8014046085357	-43.1508740770033	-40.2778153523652	-42.7631829633869	-39.2111536263625	-39.8784995793252	-39.0446018473486	-43.2379864771530	-35.8549355611833	-36.1979490241474	-37.5582513724503	-35.7374607141961	-34.8179619997012	-34.8257311042889	-36.4504349625189	-36.0423996413696	-30.4208817416364	-32.7436620019220	-30.3776099647732	-32.4158892779672	-28.6974408586257	-30.1683545536851	-32.0119773419868	-28.2083026454410	-27.2143504652747	-26.8284340813574	-24.4570766787603	-25.4992792843805	-26.7431332143891	-25.3377803551010	-26.4105863083042	-25.9876956730510	-20.9373100789232	-22.9208387450008	-20.7279032974329	-21.6813289875578	-20.7957315210955	-21.6350036323203	-18.6796396472570	-21.8201061117322	-16.3571377887599	-16.5586632133206	-15.4956553939446	-14.7888567696788	-17.5781963195830	-16.6948624947016	-13.3087824817242	-16.3677970673784	-13.7842457768780	-11.8132868410643	-9.87033799378036	-10.6715681309939	-13.5089696630755	-10.0708022556594	-10.4848596061595	-10.3524573779254	-8.18551281528418	-7.81660051148711	-6.94348605540921	-6.42733504766105	-6.95355077771886	-8.45844001262026	-7.33538163043698	-5.32364688495632	0.0337779629648564	-1.71877632168493	0.0556939043479329	-0.887109025882403	-0.104318428325850	-1.60336711100113	-1.35066903292522	-1.87878648308498	3.72372766662842	3.00330261148754	5.09409331852938	3.90815018623957	5.69873912694748	1.78509424746013	3.67124313744971	2.88652792456678	7.36138945673917	9.89075829890251	8.35412512110538	9.06850355895008	10.8101184807437	7.86630993431027	8.91008913322330	8.78535319927420	-51.8522088035920	-52.8162002055132	-49.3319521813454	-53.0919882285846	-51.4634963140344	-51.5428735381384	-52.8996346212836	-53.3419495414357	-47.9844457555213	-47.7749202055034	-45.9466708880846	-47.4329679111462	-45.7306664983415	-46.9629894505962	-45.9232094458648	-47.8406516753971	-39.7470895027550	-41.8876946261165	-38.4079004558589	-42.7581905066585	-38.4150142927573	-40.1805917070360	-39.0783387442601	-42.0529624256057	-36.0245389820440	-35.7827229098574	-36.9293815665691	-35.8419725712436	-35.3507704317457	-34.8577091569996	-35.9977140460277	-34.1606357210878	-31.4153166330073	-31.4802772608817	-30.4219815575962	-32.6747529581939	-30.3954154850933	-30.5584161304716	-32.7897900072841	-28.2298682262955	-28.0714480091367	-26.6466577455948	-24.6765744953690	-24.7782409023811	-26.1289681604640	-24.7164453757167	-27.3782303014386	-25.8888715285201	-21.0390667280988	-21.5156098710320	-21.3639605245387	-21.5775034971619	-19.4673071726916	-21.8249519443854	-19.1724862882625	-20.2890795504985	-16.2283961963625	-15.9152821068962	-14.8647637095068	-14.4468907290029	-17.8152997432478	-15.5794561963706	-13.9826780235775	-13.9496171208399	-11.8244860843603	-11.0515349601015	-8.61403817091281	-11.3932642875881	-13.6156013310166	-10.2990259225280	-10.1877700535332	-8.32623863273120	-6.40480943004229	-8.56476863282938	-7.69882454107051	-6.61342859796338	-7.43736866103294	-8.66428643040583	-6.19442213680398	-4.84562707331666	-1.56149038506260	-2.42718081607168	0.588827354362762	0.427967995191169	-0.940214086874738	-1.09856695641728	-1.19438944707779	-1.67171809993098	5.36388433423573	3.59907402815413	5.04733680958781	2.86153657716107	4.96405061336330	1.99067653560785	2.92164025698911	3.55448449159865	6.51239154197454	8.49886865626998	7.84945768125078	8.65641716380148	10.9388831838579	8.82490577427241	7.63575948563733	8.50881476560500	-51.7954901657859	-51.9943902475228	-50.3578884667440	-52.7955169301768	-51.0144502168530	-52.0513475385343	-52.0416422910488	-52.3088786296581	-48.1067254395316	-48.3024680377693	-45.7331932833125	-48.3710799733648	-46.2678897548539	-47.0717166870846	-47.6214228514795	-47.2532968401160	-39.9274742527735	-42.1466486519723	-39.5852392517792	-41.9075201438601	-39.4825738413667	-40.9721812418247	-40.1774701687708	-42.1754460045311	-35.1613063387938	-36.9161239693620	-37.7690540789768	-35.3210604726327	-34.5547987400482	-35.8573336078365	-36.5975063486004	-34.5418642082334	-30.7177426317264	-33.3876684352546	-28.7186677790279	-33.2274165425509	-28.7433167787442	-31.2613571566207	-31.9388949058772	-30.3959087857218	-27.5176923727008	-26.1527404202817	-24.2289311049330	-26.1564793476016	-25.8498353200818	-26.1535935819711	-26.1463109365641	-27.1737058150483	-20.5587608557258	-23.0656977756532	-19.4785691138398	-22.7635025227982	-21.0480009168986	-21.1597004366702	-19.4252188583990	-22.2112787072048	-16.0513054478553	-15.5350103214074	-13.9221738401047	-15.4707063510611	-17.1787943308132	-14.7658976985500	-13.2614953935178	-16.1250296511457	-11.7614564476770	-10.5493088969534	-8.53457416930159	-12.3843353662434	-13.2583971042752	-8.81729282634475	-10.4523388969915	-9.08730235445864	-6.34161907931394	-8.64586392293140	-8.13687162813387	-6.54133849042238	-7.25195757652594	-7.94170088237338	-8.18504894624390	-3.97237402751182	0.433505884181753	-1.03977901652982	0.668236732468329	-0.172979553286546	-0.941000646475264	-3.17109937980468	0.254526832405341	-1.17769349358132	5.95693700915281	2.62493631641999	4.03884870967960	4.06313212776287	5.18272315339146	1.28146900441829	3.62748471969715	3.42756551679821	6.22646390210130	9.99997091827686	7.07292473397906	7.90441640494518	9.02628555686856	7.82407704969941	9.16104678724144	9.11422863527350


seedPosY:   -395.612600561301	-386.585828597910	-377.182736635429	-366.067339348942	-358.551611867429	-344.898964075621	-335.695531438379	-326.265699885695	-389.728378787408	-378.691417775119	-371.187819124617	-362.166989943573	-350.213213067051	-342.717476209447	-330.064745135809	-321.807407211569	-395.832346216845	-387.058898126616	-376.172068224188	-367.843866834293	-355.861807333817	-347.654645470950	-334.497874975191	-326.365987925898	-392.070599524797	-381.178982455916	-371.025741345274	-362.110454116577	-351.703569132840	-343.476705759931	-332.755247402667	-320.706486445324	-398.832938035964	-385.588091756256	-376.489955636050	-366.363169742589	-355.670995596377	-345.840026019565	-337.009747600603	-325.632058121186	-392.726450896734	-380.505296686381	-368.592801708007	-360.986310817157	-349.259402261659	-338.982793339730	-331.671661996198	-323.005637896962	-395.874293560033	-384.301252016852	-374.031501993149	-365.888734391023	-356.211292216353	-344.505304742782	-334.812671206510	-327.641628208441	-388.674520767017	-382.747675310319	-370.181276560892	-360.473899859007	-350.833329733405	-341.075379800110	-330.615819294304	-321.830493381207	-396.385842321256	-384.520873068510	-374.156001114203	-366.221512840712	-357.475321427351	-346.378328559098	-338.094219340091	-325.613273971246	-389.823697308594	-381.635601690020	-372.201383525992	-361.143273448676	-350.013785603957	-341.277283067130	-330.073175923825	-323.085361740238	-396.343739739978	-387.700652000830	-375.655527411715	-365.892636971052	-355.505887250796	-347.563610195683	-338.499615125668	-326.871218147602	-392.625344453653	-380.488318324184	-370.117962405852	-361.328324464453	-351.521317886248	-342.040247530749	-331.885430756037	-318.966257120613	-395.870759135094	-385.716438985414	-377.475159216130	-366.529794964727	-357.198171730423	-344.018567367043	-335.194885636669	-325.463018552747	-394.790380949645	-385.605286070148	-378.465813530193	-367.775324460454	-358.105520391089	-344.500357569475	-334.698820894747	-326.886419283134	-388.777235711030	-379.288127413130	-372.903953400023	-361.793670001636	-351.128969260374	-341.865109429615	-329.147090847371	-319.984084504672	-395.691077054047	-387.139089779532	-374.435567493386	-366.226376744588	-356.612118333741	-348.819175719380	-335.928745933496	-327.039306538579	-391.160519532330	-382.043880785959	-370.298519406585	-362.622866140274	-351.875621685208	-341.540768263071	-332.639809109764	-320.159248374558	-398.393850250850	-386.425020558865	-376.415620307365	-364.996160176339	-355.353773538521	-343.992771253490	-336.300463523431	-325.822428363030	-391.077070663204	-379.886254219850	-369.876352318866	-360.704179875211	-349.508186839549	-340.520491759260	-330.766626210702	-321.846862411823	-394.043537858658	-384.916430950584	-375.490279879732	-364.222632860426	-357.374896446650	-344.879202054470	-336.302727854201	-325.850323330806	-388.948286492334	-383.095701892840	-370.182346784099	-361.503314104620	-350.508145751772	-340.534717283005	-330.719918419988	-323.092034090624	-397.101852069803	-385.494505682779	-376.332519410769	-366.593431335407	-357.094877692023	-346.737857720110	-336.767231674003	-326.220575165914	-388.770067792243	-382.389143142281	-372.071896087244	-359.407300266400	-351.655992220913	-340.834992452038	-331.621800986132	-322.404245804920	-394.913750004813	-386.476601530060	-375.375022278378	-367.280264691243	-354.662053654526	-345.357380676573	-337.734821666452	-327.078909388881	-392.931202504802	-380.785122630712	-369.139063014030	-361.129901931124	-352.263644454573	-339.647546155492	-331.132587741181	-321.103883336171	-396.276957173648	-383.678113863243	-378.322198428973	-365.246261762904	-356.984817186146	-345.739181881149	-334.003604924999	-325.624330748729	-395.341904428352	-386.867990405658	-376.405601440004	-367.612968632201	-357.719165225086	-346.037547276327	-336.685784369714	-325.418384001954	-389.721219854832	-380.316313479905	-371.200179332413	-363.128873128292	-351.276564679535	-341.995215538311	-330.017095670480	-320.582418424082	-393.949312143692	-386.019491263476	-374.307825994357	-366.446372373746	-356.530183948944	-347.013982491346	-336.730954079998	-326.967739790038	-390.914211303334	-380.549020233663	-372.327090292146	-362.306518034321	-351.873608744930	-343.234369735464	-333.484038076767	-318.597839547508	-398.758194960204	-385.818035652806	-376.315923941088	-366.132396174311	-353.746557150350	-345.196037680457	-338.349954872088	-326.346420628226	-390.778131326297	-379.320306268045	-370.508151903118	-362.202438921771	-350.847972112192	-338.625349482890	-332.313501559519	-323.080137289293	-395.711256415309	-385.866926879458	-375.861405381373	-366.348014486048	-357.078860674897	-344.706888094838	-334.814755208588	-326.906332681361	-388.621770210793	-381.276343900292	-370.248687593402	-361.819924971886	-351.396037491030	-342.161214864391	-329.327335333886	-320.817376407065	-396.210266271665	-386.680274927580	-374.278247245602	-365.785650379482	-357.091581519962	-347.393731962323	-338.151354693994	-325.197025112692	-390.533190698771	-380.103324307349	-371.856260613301	-359.311113754924	-350.505941903674	-340.533078332860	-330.350748134140	-322.309279895556	-396.214980251793	-387.462785294890	-374.651421401795	-365.619502743196	-355.222480269408	-346.677966758757	-338.764063923316	-326.447299249602	-393.308107470274	-379.173751507173	-368.340842377535	-361.952493385753	-352.839782260649	-342.060650921202	-331.927471337303	-320.634278105169	-395.675298901456	-385.893341072378	-377.862695184199	-366.363655331023	-354.823581281943	-344.857389578352	-335.495874520322	-323.297501496728	-396.229263064960	-385.524942063545	-378.262837450439	-367.476550566018	-357.882509927154	-345.790517640514	-336.886029056554	-325.993444514984	-389.458198692080	-380.123259460188	-371.340712272977	-362.565482787766	-350.305882452391	-342.941855225314	-330.232317638033	-319.986406704475	-395.448549245850	-386.222915092735	-374.795873688541	-366.546428233337	-355.221617791135	-347.095156872814	-336.204383811732	-327.319671653666	-391.596089339413	-380.180107185924	-370.927927891300	-361.303609974337	-350.485639219461	-343.450742049917	-331.980065894373	-318.674300336905	-397.931548850387	-386.914648206336	-375.890177228440	-365.982785812707	-354.555954728743	-344.689650282809	-337.850295705947	-325.356852573096	-391.676858890430	-378.701183615621	-368.774226033198	-360.331868845751	-350.012441734587	-338.980262805377	-330.904688658216	-321.288926321836	-395.889986416931	-385.530663031471	-374.097547884096	-366.373749240784	-356.108876544987	-345.673573734125	-335.158616554924	-325.850701050455	-389.439270601294	-380.974935716129	-369.840244895407	-361.036968716461	-350.445687243590	-341.179853473582	-330.761692975270	-322.003801407514	-397.262308554448	-384.905938212091	-375.924386866651	-366.041939274687	-357.769641589644	-347.405644364752	-336.852509848581	-325.489513777096	-390.679631380568	-382.491720266156	-372.506270381319	-360.197226381687	-351.312406627743	-340.707230594824	-330.068223299135	-323.382659562253	-396.121199910800	-388.453753514926	-374.208650652124	-366.464460793103	-356.772359082696	-346.790872454415	-338.023595225582	-326.733398725680	-392.457999028699	-379.643894205068	-369.342741544647	-361.129473183905	-351.228447435371	-341.438930843125	-331.474068874884	-320.717517285486	-397.373538092072	-384.180259103725	-377.674757598046	-366.161834016137	-355.948366306034	-346.175793747952	-333.785807057615	-324.752866233295	-395.143201675525	-385.975839170539	-377.333083182585	-366.653968437911	-358.441646910003	-343.886413881542	-335.994263329761	-326.006394045296	-388.344521274945	-380.194388093132	-372.698375944824	-363.284742961423	-351.650997702253	-343.257516033802	-329.803603669265	-320.006966633564	-396.034365161627	-387.220435658210	-375.015106229500	-367.574049541063	-354.853645898188	-348.247319285756	-335.901884511087	-326.489931639166	-390.833009981261	-380.279642523157	-371.531568409475	-362.698028313330	-352.925056810220	-341.938396965139	-333.848033986860	-320.249117756522	-398.701361604892	-385.975310254207	-375.484818898185	-364.669483256345	-353.834362964665	-345.998040439726	-338.580146613010	-325.842328567731	-391.197436771325	-378.206916527495	-370.497500745378	-361.207458644979	-350.604936752609	-339.333724920051	-330.788430212013	-323.023695575782	-394.197584674804	-384.923197091201	-375.970680949237	-365.765582086180	-357.225354109855	-345.611351265898	-336.499013357536	-325.815032757185	-389.522938491908	-382.654204918419	-370.356813865626	-362.009819428530	-350.768456275496	-340.873364962755	-331.680915008071	-322.516720505680	-397.454664675923	-385.701298462642	-375.035739748648	-366.646738515752	-356.722609781937	-347.206132020572	-337.293465294230	-325.149255486694	-389.707102996626	-380.178306398465	-372.151436645006	-359.299710717150	-351.535658783662	-340.303250394892	-330.976276332440	-322.825719643164	-394.754120684731	-387.601792131585	-374.915890915992	-366.431530426172	-354.450564145720	-345.320627042367	-337.908561422751	-326.064300574046	-393.506556871268	-380.255795480162	-370.067917160367	-361.982186454852	-351.528973685461	-340.070603594483	-330.834346372476	-320.529290759196	-396.040485322494	-384.866934529609	-376.393626709276	-366.418055492207	-357.212974362272	-344.368438536897	-334.971195909288	-325.468724481230	-396.420048384982	-385.610570615197	-378.748015265669	-366.224693501854	-358.439009353071	-345.977285983202	-335.934530922121	-325.552120734106	-388.198484332821	-380.467124294167	-372.617175458116	-362.650692366470	-351.515301403637	-343.222403418671	-329.262469338101	-321.503318566975	-395.485759944790	-386.991519351280	-374.796227252079	-367.428489522033	-355.746003919089	-347.819389088991	-335.938286813451	-325.612513958430	-392.128436020240	-380.615028074340	-371.248300965328	-363.190509251031	-351.055989369087	-343.686346157015	-333.090294946432	-320.738409255972	-397.496323063039	-386.366022017623	-376.412658455589	-364.895309762285	-355.854975224650	-344.402730907918	-336.528549245821	-325.559936057382	-390.456956870946	-378.486619156752	-370.453899075009	-361.348634033401	-350.419616019019	-338.934092224799	-330.433731456467	-321.832464707578	-395.323104318937	-384.531338685156	-374.270609937477	-366.383262381320	-358.423922789063	-344.973995568688	-336.555017614509	-325.785245200131	-388.740851874915	-382.782051966912	-368.551266757424	-360.827008039397	-351.044415956752	-340.475071104050	-331.220672261038	-321.590244924454	-397.389247933047	-384.879012009044	-374.479260326562	-366.163535561166	-355.648113028045	-347.554423137312	-336.776958015763	-325.552935568702	-390.687518554372	-380.205603285724	-370.975677529393	-360.874238911925	-351.238658524365	-342.180723833068	-332.060821878143	-321.855292371330	-394.873757514530	-387.561878184508	-373.933566873259	-367.349207812086	-356.506852326080	-347.125635022418	-338.258317907500	-326.603820817168	-391.479644994295	-379.857884514274	-368.475789227066	-362.726709156789	-352.280913490557	-341.909706120671	-331.752898769314	-319.373779763682	-395.428341624805	-384.790231587607	-376.802548959210	-366.571114687937	-356.108493290846	-344.454629970176	-334.481050062953	-325.359815437727


seedPosZ:   58.2827361075045	57.9657736134441	58.9040597395828	60.2214795201277	56.3193633279223	58.8047189894033	59.9334343077877	58.2062144326245	60.8597959002571	57.1350241918659	60.4235521937167	57.4985878082412	55.5017084671114	62.0470571390652	58.9251125203252	58.4129971582589	61.4196070898993	57.4937168652257	59.7016514233308	57.6527008941027	58.9328457604964	59.9027360192348	60.6070258094914	57.7187443832238	58.0237292712652	57.0333201962567	55.8694757514707	57.9373969280370	58.3067646260392	55.9785405319350	58.2321558019546	57.1585562187867	61.5832897123823	57.1567497867666	57.7098232817982	57.6424057522524	58.9665861136608	55.6416532370628	55.5264765721839	57.6223139780528	57.3489291644399	59.6302826267610	56.1685121019924	58.0221081071555	61.2486039666961	58.1864901214280	62.0698959409708	59.0305190578980	61.3094296013935	57.0464151804569	58.2581400915805	59.4069527176049	59.3858319972634	62.0271362640638	58.5736755682065	58.0429821625310	57.0343510006520	58.4443323208593	61.4274427449972	61.1367867633473	58.8856096916615	57.3284512039590	59.0892696006689	57.6583823138256	56.1088234721566	59.5487808277676	60.5357998363331	58.6267447153040	59.8510498564859	58.9622268828990	57.6249740994820	59.9813156379337	56.9843993449200	62.6790320881629	61.7847405232721	56.5468309196615	62.1368538999254	59.9492055757796	56.5059927830865	58.2795382925730	58.9027653967026	59.9182621003491	59.3320035048076	57.3315055310224	55.8462698686472	56.0580264608192	59.8759205385303	61.9213479088084	58.3722342211787	59.2869566289038	62.7897608385371	55.9971617946142	59.5894658263655	60.3297148334858	59.2276843088915	58.3239071744826	58.4993070112878	54.8666165116031	57.0020464996994	57.0274641400032	60.8893475256830	60.6453288815957	60.2025036639878	59.5813190487319	68.5838166168604	70.3992689261844	68.4694830603683	70.0619122653383	69.2211674053266	71.0738163487085	69.2233805097679	69.1226158843138	66.7476458479835	70.0248736062557	71.7093166259264	68.3262698921268	68.2400869366572	71.8772451125418	68.1388774403321	68.8183569216544	69.8185608003032	71.6695321538862	70.8567392173636	70.0384048020626	69.0522930955735	67.6463232905987	68.1626508802749	66.3726642510329	65.7397083778263	68.0749510591558	66.4975776779685	71.0467194556516	70.5569960453368	68.6606149797636	66.3334021954218	68.5672447360370	71.0079838220772	69.5653667792652	70.5906930669015	70.0387419983831	69.9531716105568	66.0610832205071	68.5129236019985	67.8393958747956	68.3992146312611	70.0929265118113	66.9398538110725	67.9751375321682	68.0136842672073	68.6758474295323	70.7840822970611	68.6515677223565	70.7222909921069	68.8660971415989	70.3716196593723	70.5279311433938	70.1336067304882	69.2848645644788	68.1707294871834	69.7683676340239	66.5713734567503	70.7272073494914	72.5995448834948	69.9520237423296	69.8117245776595	67.4270000851292	70.9020944251299	66.5160522979127	69.3008616600072	68.4292841929162	67.8017438863645	70.9556812772424	70.9071016688953	67.4296363205828	71.1856838048689	67.1511905248553	65.2336819597003	71.0500337339542	70.2263303711384	68.1400839734976	72.2634088446383	72.0496290197761	66.5098419745213	64.7704557252235	70.4521675403159	66.5779188659713	67.4970702879228	70.1719148968211	69.6007918095479	68.2971310416542	70.6432816678900	72.2426808420356	67.1306187516278	65.9249815753514	71.0548872442296	66.1926771701785	68.3645582161566	70.2648088551461	66.2821425882736	70.5185417970710	72.7815748658901	69.6045945373206	66.0453248592928	69.9873793144085	71.3291716473054	71.7512035209629	70.5195058532465	67.6240274259751	77.2446121479977	79.0445578365177	77.5393932449205	79.3917586170330	80.2492792296388	80.3392360842224	82.6547167042421	75.8116062062328	79.5056805620933	79.3690862326638	77.7229311502639	80.4033779518312	76.3490063456145	80.7964899381328	82.4190903724168	79.8087392415538	82.1982139765901	78.5731953071270	78.1896542836830	76.9099647421956	79.9077523937032	77.3679556853681	79.6950820431834	77.1027178496796	78.6730509038584	79.6347153686693	77.1691612469032	77.3401741490293	78.8981635637052	78.0940837397086	76.8444864931998	77.6211612058938	80.6201988378479	81.4450198568677	77.2200260331061	78.5799237136153	80.3577859155872	77.6232668655092	77.3268933316545	78.6871709624053	79.1305414015515	77.4364248364070	80.1498480027524	79.1544381431664	82.0741353078750	76.7332798953382	78.3387518583492	80.7838545740518	79.8712473246083	75.5693939928984	78.9088521053001	79.9827013401889	81.0392764724715	80.3031243883844	80.0483315633262	78.5263906702328	77.5688581851188	77.7346918302981	82.3026187817560	80.5996970009764	78.7056859066943	77.5524603158946	81.0105582582102	80.3483768645684	81.0115779171791	80.5679181764740	79.7721501818400	78.4715187324077	80.6709834268347	81.4242159379882	80.3000345657505	76.4925376502403	76.2635950052511	79.9524707153112	81.7139622099475	77.4703398690450	80.4423028948887	79.0453452811395	78.1036093295248	76.2523378912590	78.8357293519823	79.9620655356796	77.9121167626867	78.6802681379229	79.5832454083202	78.0029009175406	78.0078897581455	80.2293555282188	80.9190520390356	76.5185387589647	79.3326663051646	75.1718212364983	79.7137081810071	77.8357841301660	79.5698723802489	79.0073686262885	81.2872234228227	77.2914481423036	76.3151858423634	79.7963730094742	79.9771339272968	79.4653079301167	81.2925278591218	75.4341360174002	86.7375433806411	87.9856308600426	90.0854608878926	85.2423748842583	89.7326736150176	89.1050526095641	89.8621970910377	85.0964118298843	90.0708635172639	89.7625526737010	89.9291417724256	86.8329597459915	88.9840321300508	92.3575219127309	91.1422214762409	88.3713026963235	88.9818910545481	91.0030830532038	89.2210895397631	87.1742974483929	87.5989234887219	89.3688117320726	89.8963929331817	88.8555545368427	88.0593320864389	85.5080543920338	85.9791695472300	86.6259710694727	87.7978054074200	89.2745264002614	88.4737977966328	89.2752916256147	91.2855686278143	89.8353529660557	91.7422065102585	87.2100356759670	91.1597106379084	85.8760992136435	85.5227897949526	88.1904513509523	88.2406758666087	91.0222193971392	89.3981994100232	86.1210369826950	90.4973028679595	86.6530683185965	88.1546119407674	92.2530872749799	88.5039710073364	89.1859259968203	86.0468580545572	87.6489603963545	88.8845898507158	91.6180425683618	88.4077857517459	89.7987593772066	89.3693394744339	88.2826052277126	92.3064982952586	90.0567076844986	88.0699881022411	87.0920015924234	89.9982651929582	87.2947508853820	88.3041853808478	90.8896627182301	90.8079799515847	87.7632089305787	91.4047280314357	90.6331120019467	90.4509412179702	88.7135173051907	89.0736530758571	91.2605826727579	90.4577863372135	89.0786652822702	88.4401007908456	89.7086351387318	87.6146959642225	86.9126601745463	90.4357529552352	89.9683489097333	88.7955770598830	88.7225411610251	89.8079664595635	87.7846482596467	87.7867466931026	91.0767724196999	91.2294672788154	88.8024137846978	91.6401256485110	89.2160636735047	89.2695238876417	89.9618832531594	86.2573994704356	88.5886913783865	89.6057397030246	88.1191935190569	88.8873328775000	88.6219485087387	88.5881941525631	91.1627572130046	90.2438142208088	87.9294990739796	99.3365687358930	100.401361059487	98.9033037246319	95.3258041802145	100.693808820942	101.569908487765	99.2451509526009	97.0748545713697	101.216981862683	98.6956279064721	98.9040780050055	100.610362560707	99.2582116314357	100.726576508877	100.056674084349	102.659783988097	98.0090007325081	100.212537600692	96.9094744919606	95.8796240671459	95.6663770498684	100.315865778388	97.7268075510933	97.9491326501763	97.2361370095985	95.6337506096421	99.5938414169648	99.4172282267842	99.5418696913035	99.0597270093768	101.071996412966	100.856870597559	99.0463980087932	98.9016959397758	99.6892456241900	100.433665539317	97.3862380168585	98.5330256738653	96.8338783052985	97.1872945215070	99.9428160899272	100.826851018582	99.2874431833750	98.0792253652821	100.219685975291	99.0329580423034	98.9400866410576	102.807942866485	99.9701996651638	97.3916082757774	99.1213851107828	96.6037167212036	99.7343395360924	98.8168610238615	97.5390159543068	101.516540483850	98.6489454554431	101.054270712418	98.5923008425664	98.4091489115552	100.150525289650	96.4829604998642	102.256552751939	100.764323128578	99.2748490562351	100.469646232252	99.8063149198442	98.4956989965910	98.5806909715922	97.5824773719023	96.8935145684223	100.044614108221	95.6771025122957	100.566021030102	98.7736874619034	98.2276083008546	99.5069263432938	97.9955585142660	97.0834162234821	96.5605492977584	96.3250556528975	98.1734189395620	96.8494699684719	101.710379651903	100.039192658987	96.1238747046745	99.9461563802103	102.037158602620	96.9174361977412	97.7601851186814	98.7125527560329	99.8202829138193	101.218056788261	101.597415820966	97.6087451311502	98.5236651172400	100.049635154544	99.3399935976140	96.2193049040746	96.1156361453808	98.3444964260486	102.522864815180	98.2224428501059	95.8561644858686	107.191930217686	109.496710175723	109.015897256109	107.181013458211	110.547948919896	108.950703449107	111.362002266510	104.941631137723	108.955978843565	110.395181199255	111.147846488335	109.845687480339	107.638114437597	112.961156920897	112.104927972570	108.095940817338	108.827804800035	107.613173659255	109.166186718089	108.703861950001	107.809795385442	105.803232017181	108.591866992216	105.878503178005	106.591994713288	107.919679203679	108.251912976969	110.253752954417	110.425340162593	106.347655086819	109.636530698108	111.043464394763	109.704610815482	112.142418414545	110.043303461170	110.204544009843	107.172158060713	110.051149314833	106.778875010780	108.337323618913	106.856965347893	106.807346623726	106.969055473098	105.637377820453	108.006797066008	108.260192343652	110.344814578976	111.597481724010	110.631816918429	106.897222124934	107.761094522898	106.655683486997	109.412499709551	108.815403775137	106.810570691302	109.283980939536	107.450341772449	108.967435603325	108.559974291324	110.274200922993	111.243205318626	109.383635626185	107.977929476616	107.886565935991	110.231844697012	112.380473006012	106.676852687435	109.282376199802	107.801457346652	109.844237479377	108.445622378155	109.617362897723	108.387935752190	111.048308034522	109.292417857401	108.475562019001	109.227408314211	107.703908318678	106.468780548663	108.037927638259	109.249483848133	109.757741893297	106.949051808081	108.804322391898	106.657454161564	109.638736053927	108.175239491592	109.473759239651	109.476521158811	105.540948484116	112.240803377449	108.300699112203	108.307475492192	111.367079307150	109.423627790802	108.831917564009	108.271129047293	109.384318468066	109.610814797101	106.425820493138	107.405191842737	108.600877449948	111.244321716139	109.568074071174


objFunctionValue:   679.726534995003



