Dataset 25


dvh_array = np.array([
    [ 7.75, 2.84, 16.99,  3.21, 12.53, 12.11,  3.52,  3.42, 0.00, 0.00, 0.00, 0.0438, 26.54],  # Rectum
    [ 4.88, 0.51,  5.75,  4.18,  5.69,  5.65,  4.19,  4.19, 0.00, 0.00, 0.00, 0.0000,  0.00],  # Penile bulb
    [ 5.63, 4.08, 41.64,  1.96, 17.47, 13.18,  2.44,  2.27, 0.06, 0.00, 0.00, 0.0000,  0.00],  # Lymph Nodes
    [ 1.24, 0.87,  4.55,  0.25,  3.69,  3.14,  0.41,  0.35, 0.00, 0.00, 0.00, 0.0000,  0.00],  # Rt femoral head
    [13.68, 1.23, 18.48,  7.63, 15.60, 15.06, 11.08,  9.35, 0.00, 0.00, 0.00, 0.0438, 26.54],  # prostate bed
    [12.42, 2.05, 22.94,  5.59, 15.57, 14.82,  8.27,  6.99, 0.00, 0.00, 0.00, 0.0000,  0.00],  # PTV_68
    [ 5.94, 6.11,136.12,  1.50, 19.69, 14.23,  2.03,  1.87, 0.48, 0.29, 0.21, 0.0000,  0.00],  # PTV_56
    [ 5.84, 3.96, 24.16,  1.07, 14.38, 13.71,  1.56,  1.34, 0.00, 0.00, 0.00, 0.0000,  0.00],  # Bladder
    [ 1.22, 2.72,150.79,  0.00,  9.93,  5.10,  0.00,  0.00, 0.04, 0.02, 0.01, 0.0000,  0.00],  # BODY
    [ 0.97, 0.61,  3.30,  0.10,  2.64,  2.30,  0.31,  0.25, 0.00, 0.00, 0.00, 0.0000,  0.00],  # Lt femoral head
])



templateX:  -52.7658293415989	-51.0366430689463	-51.1988839658447	-51.2088193222362	-52.8792023981079	-52.6547840265233	-50.9107572866498	-49.5154166028244	-45.2110400014409	-44.4836427168722	-47.0727013593880	-46.6899971793075	-44.9063493749365	-47.6574499363584	-45.9566977327301	-45.5480253973598	-41.1682434739720	-40.6108233322558	-42.1853470864412	-42.2543178094570	-39.8921690642568	-42.8191942069131	-42.0948227963425	-40.1760250016736	-36.3278310147161	-36.0735993422449	-35.2495167791227	-35.6324521796784	-35.2727137115693	-35.5623760826738	-36.4412100401279	-37.4895499215779	-31.7990015373655	-32.4516570876825	-30.4364569929454	-30.5048679934796	-32.7596056267151	-29.8426346488264	-30.6234144005664	-29.4835549457355	-27.1460371660672	-27.1124435800124	-25.7300168033138	-26.5073920993740	-26.0180209568477	-26.5518494444208	-26.9902245837482	-25.5211843447242	-20.3736101725614	-21.9270516128269	-22.8309778760949	-20.5097550215816	-21.3949581709492	-21.7022812456844	-22.5357387033844	-22.1014170239779	-17.5369616994724	-16.0614577095949	-17.8790640042521	-17.1623731828967	-16.6906336972250	-17.7770037925608	-14.5421433059024	-15.4981111900036	-10.6997886332953	-11.0463812001143	-11.4314707631500	-10.5513819507390	-11.9081977408488	-12.7048013570327	-12.4467537956467	-10.5945745329844	-6.68142589402246	-5.25878612959778	-6.86840165940166	-7.16512890401052	-6.86641599047147	-6.00613297856198	-6.20202090250719	-7.69684752715405	-1.20085924266111	-1.64903627433281	-2.46169308141477	-0.354198660753727	-2.26346395220168	-0.949391429582353	-2.14758862306991	-0.0467954803979473	5.21896209565029	4.11201741409744	3.62645053491171	4.34658299600699	3.36766870144366	5.36131762583522	2.96018051591708	5.44391629482997	8.64664404373940	8.89127339523740	9.74803503027599	7.77033660951346	10.1997898734308	8.52050192294250	7.31297205028284	9.18089752917187


templateY:  -396.821301546628	-385.734336990251	-375.408382535414	-364.626984711375	-357.677551636501	-345.531709030752	-336.261615012193	-324.505362703702	-392.570436099711	-380.058171428743	-372.112991145474	-361.990255749849	-352.438417284726	-341.487325973688	-330.056444277249	-322.788708721857	-395.054892284321	-386.500859106506	-374.490692118292	-364.566183396325	-354.457230058528	-347.198025262379	-335.352017801192	-326.949881932401	-390.893450506871	-382.264974418568	-371.293781575151	-361.129745654384	-351.437783601519	-339.957535426909	-330.820877911349	-321.290121899065	-396.985707040812	-386.377343687253	-377.717048782404	-367.142032793255	-357.049208716480	-347.763639837958	-336.913335796578	-326.224109799842	-392.289263170159	-379.481981937912	-371.764026326940	-361.345411911727	-350.346774467211	-340.561308965845	-331.922516129522	-321.085828179444	-394.444440115884	-387.229019484575	-377.383809696778	-364.726486770434	-357.150651952998	-347.616735383135	-335.123452078825	-324.812656944705	-390.986724586530	-380.957391482734	-370.417203919725	-359.855726188861	-349.833412403167	-342.011028308002	-332.086582316145	-322.458734532470	-397.315663151588	-384.715204644142	-377.166821180379	-365.528910186089	-354.972920134866	-346.851586624495	-334.778598304692	-325.702865059335	-391.199845448184	-380.680538133466	-371.137870474293	-360.150994419061	-349.497325056784	-340.023940961302	-331.351301790693	-321.869740377680	-395.089743729452	-387.730843350011	-377.255421475725	-366.522162103067	-354.978141243750	-345.294354708013	-335.669790767408	-327.383150525490	-389.625697377087	-381.056392171686	-370.621999665577	-359.540885867445	-350.005024100304	-341.913333801935	-332.366878524647	-319.958177068294	-395.878468452697	-386.410438170276	-374.822626959274	-367.822585278113	-354.985650707980	-347.154199305832	-337.361984164750	-326.431801665078


templateZ:  60.0662404740077	59.9894720962618	60.5971531274113	59.4767347521231	57.4497853648968	57.6884267799467	60.2297918930441	57.4090538758397	57.4804792541699	58.7297730279586	58.0322459402030	57.8228379065653	57.9804078006084	59.5120657845052	59.3934819805289	58.4737428623682	60.5527251904298	57.8330575481763	59.3715392967013	58.7576221330894	58.6588602212389	58.2544032507396	59.5234418502192	58.0122203346969	57.5697904556711	57.7035635193498	57.1854212117608	57.5669467387616	57.8778827382871	59.3596550395203	58.6577464629201	58.0349975428682	60.1332723167530	57.3643815743778	58.9866154786944	60.2556449072449	59.0637031644633	60.1722529387945	58.7844881268418	59.6351821515037	59.0302038835307	57.9823306386468	59.8696602590089	58.8185309437036	58.9120112258449	60.3991269809561	58.4429938621218	57.6655215640986	58.3121447231112	57.2227263508627	59.5860796373476	59.6790581546094	57.4289076686318	57.1619504131450	59.5813782101111	58.8738889791038	57.9624929926284	58.9542295290470	58.5862547237920	58.1129654749034	59.3834039108871	57.2745450446291	58.3316571464563	60.5511941208282	57.4120070635209	58.4220149724319	60.1659376124370	58.7970830507609	57.4431093591947	60.5591241166170	58.3389731271087	58.5097889341760	59.3050213683723	58.9348687378436	58.5057144975065	60.5151851049413	58.0373348416380	57.7769611727504	57.5401404713469	59.3185354059524	60.4925740496155	59.0666171440999	58.1997919689382	60.2531257053807	58.2275522388217	58.8120397579143	57.4330434984317	60.1087644805970	59.1953791806895	59.6403981142096	57.9941017872394	59.0465966478456	58.3537435704413	60.4495664833267	57.4817643063952	57.5407433660924	58.8947088006157	58.4191329167249	57.4754583481639	57.9155534041712	59.1459717266696	58.8767326345606	58.1279018324463	58.9831636625285


seedPosX:   -51.9183825834271	-50.6468863622213	-51.5805206987160	-50.9495327641491	-51.6497675845402	-52.2159895835186	-50.1089827786858	-50.3900971756427	-45.6280926394681	-44.4383582711636	-47.4789384238952	-46.5267159164939	-44.2120518714033	-48.4705854158955	-45.1968378384176	-44.6447965110723	-40.4095280411831	-41.0865798711800	-42.2090148800709	-43.2472800979355	-40.5089747972852	-43.8049592609089	-41.1488904989244	-39.0794794128250	-36.1386850514362	-34.9516132617931	-36.0529090606227	-36.4085059391075	-35.4070530529497	-35.6212907287471	-36.7610887455474	-37.7647012125992	-32.7121173832498	-32.7444925192101	-30.9319648746057	-29.3920348455139	-32.4235772829803	-31.0759652611946	-30.0671472477666	-28.6695836497630	-27.5838374572298	-27.6486851315228	-24.6220971963526	-26.9360244995815	-25.2098361541982	-26.7652272243902	-27.0057672921036	-26.6403964557429	-20.3956883806739	-22.3489840467983	-23.6631939090251	-21.6647220901532	-21.7653874757263	-22.7152967978427	-23.0118259341989	-22.9122520865326	-16.7237828289957	-16.6814480242964	-16.9455846628982	-18.3699519859738	-16.5958527626014	-18.9609213592023	-13.4413860444628	-16.4885762607588	-10.8514612338982	-10.4043542545419	-11.9153836040286	-10.7648532614320	-12.4294326658969	-11.7605321510065	-11.9037796090057	-10.0719899094021	-5.53560636160455	-5.94607307765165	-7.11001487242817	-6.94967954543035	-5.72079117153364	-6.72547453748291	-5.69817590063005	-7.59409271230247	-0.378519294240207	-2.82552829754656	-3.51727579915500	-0.750194888099854	-1.74169137643644	-0.713780210523096	-1.05498390364972	-0.0554448309550776	6.34654068153935	4.58049394067498	4.66270270405432	3.91443650355390	3.58221804442554	5.82246471244098	2.92691319462501	4.69828144054574	9.87603692165041	9.95485226728081	9.30312914412112	8.00366389739426	9.15662199964623	7.90749233820271	8.52567956215158	8.95375709800395	-52.0420810386585	-51.5115474888498	-52.1798039596740	-52.0871118878962	-52.0523346478443	-53.2679469016571	-49.6668006575930	-49.1092039997903	-45.8539828618856	-45.3854636682798	-48.0825831235590	-47.5926473788597	-44.9631014626515	-47.4259794001139	-44.9400587647929	-46.0530162249805	-40.7033954032391	-40.1805677438879	-43.1504834785517	-41.8020164927432	-40.2539797762977	-42.9435708059335	-43.3404471465350	-40.0747525687855	-35.3543767731312	-35.4050078590014	-36.4043000613718	-36.4486850820346	-35.2954743027871	-34.4995190380249	-36.0516670398733	-37.1353943686226	-32.3526940969496	-33.1739017870113	-29.6986523316532	-30.0622020856984	-32.8336415984486	-29.4980061648959	-31.3412897960709	-30.5925154611080	-28.2950902651852	-25.9895625837625	-24.8125814866058	-25.8144140871418	-24.8419759959402	-26.1880225167092	-26.8518379486083	-24.3743745885008	-19.7050770671302	-23.1226979014012	-22.1335577871039	-21.4706050523909	-21.7135437721081	-22.8473735857894	-21.3331331732199	-22.7013535292295	-16.4514178341431	-14.8165216583908	-17.7384907720884	-16.5920987905843	-16.1283001932500	-18.5275322937302	-14.6421024466565	-15.5948853945284	-11.3741215663182	-10.1195534408232	-11.2853226096145	-10.3887055490081	-11.9584390239023	-13.7404915719580	-11.7398472448359	-11.7250066057816	-5.63958653807177	-5.57245959430307	-8.09616041134933	-7.14155692305639	-5.65665778244328	-6.74479671876173	-6.63058065514976	-8.45506172890163	-2.08185380222497	-2.35276828588507	-3.30825273124440	0.177254960548726	-3.31471236690731	-0.386080142524007	-1.90488493460038	0.843573474891926	4.42793155862498	2.97373888545051	4.68034531117320	4.34709149942716	4.46219798617239	6.53194730236751	2.19077133936499	6.12556872891803	7.82256167314902	7.83280342513636	9.83797809461676	7.05838905902894	9.50797662051671	7.56140224259909	8.24902748830264	10.3855777722918	-53.0120918719503	-52.0071117805011	-49.9562951034450	-51.4344929335716	-51.7457143827063	-51.5602046763470	-51.9494082865683	-48.8701397257240	-44.9602549784581	-43.9360359148051	-46.4219995681626	-46.5198236283105	-45.9008416515955	-48.5311148557211	-45.4571602171788	-44.6304748741256	-40.4699826987827	-40.5394010044391	-42.7919520844587	-41.5901736586047	-40.0075618030958	-42.0032644266423	-42.4042273668558	-39.1474065591064	-36.2063463926885	-35.1116298421555	-34.0408713544149	-34.8416903003898	-35.0523063288717	-35.6922397450945	-36.1182093514233	-37.3772574051843	-32.3991534277617	-31.8725104170619	-29.7220434380142	-30.7721404324925	-31.5759731477478	-28.6066368134664	-29.9096429580204	-29.9379063432643	-26.8909228791218	-26.6659309220122	-26.9741413733422	-25.4029324424731	-26.3306788994618	-26.3967867760687	-26.6579726063663	-24.4237475025265	-19.9862491149021	-21.2380005057309	-23.2580325613666	-20.3307484466407	-22.5557774632018	-22.4622217456848	-23.4167683868067	-23.1967509157328	-16.3215402835178	-15.4810978162328	-17.0872566814805	-18.1547726859389	-17.2471473431292	-18.4558003157853	-15.1460511682444	-15.4019582382861	-10.5464622918718	-10.3892428310520	-11.1615213849962	-10.5652115211654	-12.0770653553930	-13.8192875235403	-12.5957920133191	-10.0564310234253	-5.84316505229827	-4.37400766232064	-5.97342982637626	-6.26879657250643	-8.00144997004490	-6.03256118733758	-6.66665474730967	-8.36383710249846	-2.06650758167945	-0.768055308286294	-1.23036627801835	-1.45575231474370	-2.64619468401491	0.0529089813914778	-2.82754817881586	0.317905418372965	4.74940696645380	5.36063835879078	3.07583468312998	3.99125873422752	3.85695518860960	5.11243647060117	4.17223189233692	6.57696495550400	8.51917984139002	9.59987985742134	9.64116678745263	8.12384853672188	10.9856511703701	8.52819983355138	7.20219511301961	9.73772552787248	-53.0909001270946	-52.0475479715144	-52.2136218130723	-51.8407875613503	-53.2875794830203	-51.8263900682406	-51.3542863297459	-49.6938391313767	-46.1029051890715	-44.5831327441717	-46.3338389642938	-47.5505534601027	-44.7838925695773	-48.3911740561949	-45.4109073916380	-45.0695617632960	-40.9071755790968	-40.5597617161188	-42.5835386965744	-41.8306149453493	-40.1550085036884	-42.8537053640962	-42.5526882519881	-39.0936731060450	-36.8660540506637	-36.8048102323577	-34.3312559259787	-34.7801571429886	-35.3130521590991	-34.8322923480625	-36.6146837335926	-37.9856899607884	-33.0277201260586	-33.4135273024743	-29.5092161617256	-29.8449810787830	-33.6154209460789	-30.4670319142811	-31.1089207736253	-28.9668103702630	-25.9635825456406	-27.3887598112331	-26.6755848990275	-25.6604774623439	-25.8144162234040	-27.1897557476327	-27.5584692690434	-25.4903498386369	-20.4396734723242	-22.0633925695973	-21.6403182026426	-20.7722855551480	-22.4313806960121	-22.9217278106351	-22.0363687495216	-21.7322512970812	-16.5448604820603	-16.2206135243511	-17.2564377178572	-17.3318758198778	-17.1474440078486	-17.9990971538015	-15.2398047677540	-16.2573893769412	-10.1370000181142	-11.7762248933592	-11.1242383441634	-10.0038543320473	-10.8313173710499	-13.6274095793665	-11.8851561319129	-11.5181282882981	-5.79178062198635	-5.01583611311139	-7.25045757634928	-8.17446631990102	-6.20756132433377	-5.67602067059903	-6.02603996237768	-7.17849008559755	-2.16199870786850	-1.42311376895279	-3.41426738997775	-0.384333200011031	-2.98823589554260	-2.07441763905880	-2.09734898442128	0.161273176159993	4.04672837973571	3.52177708993749	4.34629970942444	5.12742953156062	3.32466135120267	6.30354969052679	2.30419440960605	6.57089980115975	7.97391690868161	9.78321190818186	9.80712595254662	8.64771085132956	10.3241506696981	8.08857029919940	8.38198839910001	10.4279559152602	-53.9200557703667	-51.7077616306126	-51.5659594521039	-50.1407311196340	-51.9241501218761	-51.6184641297785	-49.7524312844027	-49.4661814159749	-44.6280463214844	-44.4690747871459	-46.4164091486565	-46.9742796221415	-45.6648020570458	-47.0838489837401	-46.0291521021425	-45.4615367282753	-40.0011855520988	-39.8938979640895	-41.7395715381959	-42.5393338109020	-40.4269826049568	-43.1222299180387	-42.4552760641030	-40.7348468365418	-36.4600476233678	-37.1124181630378	-35.7855549287512	-34.9899674596398	-36.5171189022382	-34.5976095474741	-37.1510209465563	-36.8898512542473	-32.1950901466356	-33.2210981786123	-29.4481018081441	-30.2331057812338	-31.9789080107807	-29.1141992204744	-31.0039007186703	-29.0191709708777	-26.7411785149286	-27.3140873496894	-26.7263740989709	-26.7351082705366	-25.4641653517596	-27.7187987694718	-27.5031193483591	-26.1857215013984	-19.9613513762206	-22.8247522124306	-23.8300779187803	-21.5808916029093	-22.4475567710471	-21.7151071175416	-23.0131872860620	-21.0015025108536	-17.1859823154664	-15.7147256679016	-18.7924022176294	-17.8438401001459	-17.3940729470140	-17.6106291482674	-15.7467065626896	-14.7012039447204	-11.5183587155155	-12.1088762765362	-12.1131498307435	-9.72699842579636	-11.0966966087650	-12.4175313198307	-12.8971642594103	-10.9925753662377	-7.63696812251090	-5.25417835726778	-7.96056209907567	-8.08613680712367	-7.93481089097587	-6.12997716353371	-5.78468459632093	-8.78859026569447	-1.98733248669714	-0.974710804279190	-2.01752223867714	0.292788592548686	-1.25921442529480	-1.07942510463029	-1.07141178762614	-0.318948660113165	4.97644834716448	3.90229449273343	2.85085250343514	4.13512010289032	3.67561989805663	4.49904920829867	2.68648379583345	5.63697931835352	8.06490945548867	9.42683682090382	8.84202132329231	7.46469305591045	9.20010994278704	9.05312118104164	6.13344840711072	9.40396765053914	-53.7365078448880	-50.7168406389242	-51.9872378969654	-50.5838224553852	-51.7928711826566	-53.1073469535761	-52.0347728503585	-49.4049838672727	-44.0757923920128	-45.4813113841863	-47.7642408879687	-45.9589361757339	-44.6904567082412	-47.0659017150236	-46.7598192514457	-46.3737994044010	-40.0746367286298	-39.4228438680645	-41.0806380509133	-41.8271510072153	-40.2625760726378	-43.0503051783600	-42.8982923422283	-40.2201650123100	-35.4071031738962	-35.2027661312349	-34.9206763931828	-34.4850205276811	-34.5590005670592	-34.6006085124421	-36.7283060331154	-36.5990698136192	-31.4850172443048	-32.7040455522727	-29.7438992296339	-30.5918079904755	-33.1195246285161	-29.9482101604347	-30.3723310040107	-30.6664015072486	-27.6108453468799	-27.5719274996209	-26.1126827754450	-26.1731399289421	-25.4716605934280	-25.3320732542291	-26.2005994937104	-24.4594918648871	-19.2622014268092	-22.4375117002198	-21.8276026792922	-19.8584663709533	-21.9258101888828	-21.6403122657166	-23.2315239923925	-21.7942048438768	-18.3105723751640	-16.1750634795668	-17.5581509230389	-16.2157973123558	-15.4761289661566	-18.6971084280981	-15.6285478738264	-15.4202416112133	-10.8413874945328	-11.9943412607391	-11.9434144021871	-11.8010274844044	-11.9879357269733	-12.0669315388810	-11.4823641717904	-9.54601607039984	-5.48135895865108	-6.26543951492065	-5.93655380562686	-7.01814434878836	-7.50179014778454	-6.54450445279327	-5.49183536420160	-6.85562084352253	-0.832347555901140	-2.62274829854981	-3.05158182985642	-0.658197773757264	-1.75866262944845	-0.678141776224587	-2.04225254426690	-0.263436642520872	4.50219035364416	4.40580933278417	3.07671305409726	5.15234272202750	2.36684353984220	6.39745320196431	3.62929080455566	6.48110818281464	7.86314330226936	9.65094202862827	10.6568916611774	6.64670630678393	10.8984662858869	8.74928781226158	7.71027596383586	10.3623038604267


seedPosY:   -397.197938110718	-385.106374959285	-374.183128442796	-365.866619010451	-357.235312724920	-346.723350190288	-336.755596708299	-325.055750811727	-393.063600323853	-379.336361775331	-371.884222170350	-362.684172130717	-352.676210158671	-341.973547542365	-329.021130011464	-321.722793607070	-395.267909447936	-386.892987822673	-373.628552363006	-364.408044316820	-355.402877236110	-346.709543496917	-334.146828004735	-326.949963878886	-390.876723741342	-383.419254923199	-370.909461926023	-362.158806009922	-351.926412055027	-340.334192286056	-329.854997003240	-322.060795140968	-397.087230761085	-385.549077539441	-376.858016187648	-368.382108726657	-356.012178023199	-348.695347558455	-336.151368037744	-326.653488281346	-393.154889580161	-379.708086749710	-371.671974066283	-360.205712023621	-349.211729493618	-341.479240270126	-332.298979999141	-320.429933716503	-395.274267927583	-386.471437580921	-377.174037223240	-364.986540492994	-358.185225186176	-347.579173527387	-334.789876686554	-325.119800197985	-390.928643341010	-381.658512101653	-371.325794024598	-359.364944273516	-350.574479327423	-341.004462284005	-330.871305385073	-322.299893981419	-397.221099089009	-384.962023787463	-377.045880321275	-365.456855127252	-355.004462321398	-347.511117988171	-335.252454433614	-326.800586481250	-391.259169497402	-380.686227027412	-370.494967575860	-360.335907512602	-350.643925278019	-340.162602754330	-331.496477029787	-321.937949422632	-394.128190384675	-388.263124306099	-376.034574933112	-367.388403473684	-355.527973180415	-345.943986289772	-336.546985074269	-326.730907137486	-390.272571825346	-382.265548452148	-369.611333256324	-358.609888353894	-349.592209594674	-341.444144924289	-332.959821997354	-319.996878483489	-395.995867710292	-386.512617470692	-374.000089243088	-368.785700946191	-355.217043464030	-346.527065314669	-337.938771124939	-327.132079383001	-396.740717416602	-385.330678235753	-376.167596661990	-365.223037631021	-358.632716383109	-344.913502079256	-337.145871996943	-325.438696018851	-391.471261088660	-381.080474659712	-371.370725238947	-362.983648597647	-353.484092551438	-342.368494644891	-330.433202377546	-322.903794594892	-396.215487223642	-385.920045129782	-374.694381055982	-364.692491321188	-354.235708006603	-346.691130175398	-335.271377737569	-326.343212938533	-391.514799848591	-383.195873568562	-371.531987823638	-360.344476390377	-351.677926139857	-339.254764296526	-329.832866009778	-321.519588418816	-398.212303346764	-386.487987834839	-378.701407614262	-367.973785160356	-358.163738578594	-348.416086199484	-336.835480130090	-326.305535590548	-391.340856616343	-380.633535794900	-371.442232249682	-361.423245450751	-349.744797301240	-339.395506661318	-331.463072032546	-321.538558342613	-394.102355421498	-388.250329826372	-378.561891367604	-365.804833359122	-358.095758414471	-347.390474509664	-334.053977658790	-325.486402231603	-389.953102101576	-380.543630959342	-369.541257026721	-360.500499934438	-350.484011152599	-342.100935634781	-332.180304469948	-322.031077307101	-397.329503257051	-384.862662936825	-378.357089079342	-365.977981813453	-353.827469249753	-345.757793826129	-335.025652152880	-326.516028833320	-390.869726440994	-381.133910089059	-370.354280248082	-359.744226196421	-348.443645876515	-340.433927366581	-330.716800186664	-322.345599326520	-394.713574060521	-388.381363970276	-376.058616810935	-366.798586743849	-355.887713949614	-346.398223111656	-334.502570498907	-327.383769902916	-389.730997930148	-380.924376149846	-370.471245192123	-359.019660884105	-350.939858187091	-341.932429300541	-332.129434073695	-319.830445509439	-395.133745980262	-385.482665336224	-375.915338156281	-367.416886401798	-354.614967669154	-348.126159838087	-337.814686790673	-325.244118624596	-395.663034013422	-386.183612611248	-375.003482307226	-365.348813454009	-357.619306755756	-345.673224018905	-336.925384938357	-324.678480989655	-392.465385485321	-379.961259610017	-370.961090351012	-362.255709352585	-351.893441573735	-342.086721570241	-329.850397982002	-323.173129297375	-395.859861998154	-386.858678785486	-373.974952405049	-364.327556432557	-353.281687313517	-347.948025590722	-335.522895178599	-325.789376827186	-391.293585258109	-381.762087807458	-370.169772766284	-361.182887154388	-352.120060761105	-339.834561386528	-330.741026200727	-321.203649854527	-397.816473809109	-386.003383395742	-378.478390139530	-367.818510007402	-355.848460348083	-347.410736823785	-338.075355670118	-327.252587632937	-392.508462076948	-379.856756399227	-370.519656507569	-361.138799798548	-350.617804970488	-339.363554546469	-331.211765614357	-321.995475606580	-393.821137924170	-388.264787444631	-377.282718794126	-363.781559331732	-358.370991960836	-347.959462324216	-335.965472780396	-325.166369717294	-390.403505124765	-380.210686491918	-370.049695850190	-359.790162379275	-349.296820249112	-342.919893771015	-332.786710404175	-322.108347508523	-396.161380965027	-385.813189760699	-377.955037132409	-366.153117105792	-354.957236210123	-347.652562601678	-335.129550872120	-324.884907314226	-390.532606590408	-379.865931177633	-371.866339804193	-361.324086172819	-349.402744104632	-340.376895203580	-331.622955991045	-321.504323520360	-395.486544816740	-386.697431708841	-377.675862069176	-367.650430907441	-355.768110617647	-345.101664995515	-336.895601113826	-326.823461443523	-389.424202975972	-382.185893217944	-370.957168932953	-359.825204510313	-349.426755159501	-341.460116383884	-332.887652098200	-320.060650410152	-396.529143505529	-385.561812383229	-375.019367560231	-367.284609855386	-356.156873048053	-346.203685249912	-336.164069465539	-325.927925705956	-396.140517199182	-386.622881619626	-375.149311181173	-364.018551393533	-357.026680115534	-344.907645890431	-335.497537482777	-324.479556531352	-391.507461200127	-380.648543155933	-373.214412732447	-361.648438500291	-351.502712326081	-342.407905256567	-330.598017476307	-323.555941411859	-394.720465311135	-386.982380225392	-375.580366073157	-364.083912605556	-354.424259768284	-348.384272451004	-335.712119755881	-327.516930626509	-391.252198023337	-381.390414994034	-371.153743209879	-361.018383094051	-351.095221632120	-339.198378095545	-330.350963775657	-322.537274061711	-395.898927046629	-386.991071721988	-377.932529738395	-367.705387360370	-357.588641799446	-348.757343764961	-337.188142339842	-326.809096084716	-392.374284108069	-379.816438012507	-372.019539470035	-360.224839020198	-349.837803149955	-339.448242478585	-331.953275236066	-321.592385626792	-395.670297185425	-388.142306889978	-377.574414111841	-364.549955277898	-357.748928688097	-347.155479351015	-335.590794955804	-324.626721876485	-392.178910085173	-379.789958709443	-370.370411943038	-358.801215603124	-350.258628123527	-343.243376378813	-332.870363743628	-323.009589330279	-397.788270086448	-385.479306750216	-377.516464070678	-365.765775347426	-353.769776149201	-346.999705835624	-334.955338575760	-325.106584320768	-390.307259003741	-379.860336245898	-370.661433105201	-360.563313809322	-350.061372539824	-338.792157260380	-332.543971674809	-322.653408129610	-396.243274866562	-386.585091327227	-377.848251058891	-367.159382053808	-354.999821496427	-344.675694072806	-335.903089020866	-326.471067251951	-388.894457131091	-380.906339957888	-371.486012286054	-359.084867465885	-351.161935050212	-341.882627962936	-333.534617947855	-320.942827269501	-396.174707128073	-387.258550925532	-374.231894953755	-368.279639162748	-355.834394907188	-346.868935097748	-337.044957660277	-327.446532652895	-398.013455984510	-386.448727455135	-375.368999034438	-365.429399281921	-357.257341755349	-345.353244163534	-336.572097997854	-325.276021776399	-392.762675586329	-380.106346484429	-371.973554580215	-361.333528435435	-353.077573479938	-341.879550343613	-330.273233187077	-321.697564666601	-394.678940236530	-387.628084516065	-375.223618603075	-363.684406553143	-354.385226889183	-346.075329638366	-336.050883789449	-326.427432473093	-390.314623375116	-381.411344926996	-372.527444489701	-361.561411584878	-352.282627006817	-339.542597956733	-330.563011875515	-320.151666648557	-396.242031410679	-386.159354670866	-376.651590726125	-366.860157325574	-355.927509966786	-346.801041505104	-335.906695662406	-325.341894034667	-391.930435128125	-379.151923349956	-372.633472687260	-362.061301264026	-351.058211004925	-340.983405365241	-332.666403338891	-321.106468041232	-395.071903719377	-387.119754998344	-378.024307157205	-364.439607459439	-357.092320880010	-348.494373293117	-335.922726715925	-323.980210805074	-390.532031205370	-381.972179897709	-370.867752081552	-358.935898971449	-350.504809160633	-341.574184865037	-330.949341612245	-323.341630054776	-397.476861685040	-383.717209368830	-376.721440500667	-364.840377555202	-354.539345536758	-346.420437617485	-334.937017498018	-326.701451955940	-391.030568138544	-380.917933302956	-372.196958768442	-359.333333481880	-350.250510999689	-338.802765729179	-331.472405030504	-321.543660513767	-396.187123532137	-388.451607851187	-376.571571778742	-365.493985197101	-354.763209578858	-344.443538424598	-334.638824747670	-326.536351686298	-390.829731546385	-380.873602667709	-369.988057446872	-359.572133618241	-349.236128173573	-340.670376563306	-332.257944621754	-320.193051862053	-395.560901939246	-386.870008930561	-375.324226909157	-367.312785322077	-355.225882350457	-346.663439605781	-338.429763701934	-326.998363024295	-397.644639452226	-386.320437704309	-375.682226339983	-363.557604596807	-357.780126287481	-346.504973366062	-335.313942638237	-324.262946104873	-392.909733262629	-379.311045927267	-373.240808454610	-361.469195458135	-352.640981367950	-340.790903318412	-329.993699908802	-324.015973366405	-395.922725867107	-386.503588227615	-373.789075111291	-365.030757087519	-354.869570563922	-348.032156188147	-335.687653126961	-326.644803568484	-391.651866201951	-381.858250895339	-371.487759951846	-361.088383976302	-352.286187300456	-339.164178572394	-329.982337627240	-321.972498469849	-395.784101477359	-385.954739160264	-377.537493285907	-366.263107781646	-357.199941884347	-347.705433235097	-336.151757793013	-326.463613543558	-392.061957025440	-379.998088378802	-371.311685908635	-362.265860902864	-350.177023586489	-339.794272323249	-332.116545065045	-321.673815927647	-393.299674120307	-386.071287565049	-378.123356512168	-364.910167452526	-358.389220480181	-346.686401406643	-335.391220884031	-325.918128773053	-391.815337751631	-381.949956428965	-369.310403041441	-360.069599406123	-350.583861505964	-341.807589753305	-330.946603453626	-322.462619448112	-396.287121826648	-384.506844569945	-376.504556591994	-364.329097454035	-356.000627292317	-346.728737337392	-335.361155475972	-326.283368456498	-392.239962198051	-380.292581955835	-371.807629531879	-358.912375889208	-350.046763195945	-341.159174566940	-332.335332306238	-321.187690326624	-394.417450649767	-388.346916830954	-377.154073822234	-367.549801631556	-355.294431058480	-345.728631282956	-334.997999556946	-327.953066344082	-389.709804944977	-381.030306206449	-370.955550379606	-358.402431127529	-350.177100154978	-341.021501557440	-333.491024849727	-320.432493682235	-395.490238090631	-385.883270622268	-375.620224136109	-367.258222118235	-355.567801300802	-347.950271557614	-337.539166455674	-326.626880163087


seedPosZ:   58.6895971568738	61.5289438587563	61.1606483764031	57.0480296966038	58.7315493005601	56.4180572087796	60.6619366444893	56.9153056970800	55.7618447548726	59.7222167740841	59.6637608760772	55.8528476664011	56.6591881976992	60.2962495256589	60.4293917540761	57.4398379698425	59.4052110059034	56.9794611883292	59.2402414213868	57.5931371102640	59.0864234203419	60.2354056529739	61.4794228301721	56.9846200453622	56.2129979035632	59.6656771045962	57.4409566789512	56.9460491680899	57.2362988684247	61.3851340733336	57.1311028940998	56.9445415187645	60.8818959064643	57.4540167768636	60.8362482924581	60.2313527583437	59.7294823661962	59.8714420290587	60.4203032581109	58.8654390861470	58.6842292641071	55.9258805394385	60.3922430679963	57.8300748987934	58.7691856426293	59.6077470510827	59.2511228340339	55.3545627373948	60.1862850840846	57.6688061114875	61.2695107613848	60.6141000044807	55.9617189908340	54.9062895391656	59.1411750362638	58.1159750781894	55.4781151544609	57.2398977028991	59.8899784658411	56.9921585665843	60.3566269896367	55.6889797224782	57.9261525938394	62.5051270089663	56.6477175052125	60.8601637784847	60.0432653401883	58.6303186070091	59.1361049280505	61.6707196270285	60.4728134189245	58.6890123661956	60.6572639265610	60.3083000497705	59.7869563293869	61.0887552380917	59.7167509834426	56.6588238630412	57.3787819491653	58.5300679139032	60.5449129369593	61.0882541619358	58.4234900974876	59.6777446778641	60.5946394589674	56.3441439766770	56.1435569718232	58.4117844495423	59.2821247222966	61.0947804632133	57.1643182481256	57.9782016945626	57.0684524994870	62.7462827227783	59.4714468948392	59.8524400563799	60.1526920652539	58.2472818679185	54.9782911528096	56.9873677213572	57.3992293692857	61.2984097739033	60.0679640947557	60.7401355058806	71.8014483444707	68.9745680974440	72.6450328868146	68.4729576955626	68.7007204006345	68.0600125814520	71.1265444253744	66.0148112718682	66.9187696658370	70.6751056048475	65.8828495829810	66.8989511778313	65.8919608963627	69.6309592649643	68.9303458882618	67.2665244445622	68.0945145514699	67.6530726775810	67.6023443986625	67.3802175063279	66.3381511359306	70.4670994351894	68.6930523700049	69.8157360466676	65.0713542107941	66.5209241507884	64.8653261689217	69.0068657276903	68.0807125688848	68.7019604236150	66.3899568750009	68.0839135507114	72.1382719791144	67.7300946949782	66.5031630820692	67.9489378810444	68.0411609886703	72.2109455375933	67.2195208421506	69.0746462662855	68.8535521691451	68.9537801621692	68.6045850208706	70.4963880867569	68.4156859628674	70.7891451834786	66.7132755209274	67.2739988153604	68.6652302966971	67.2516488604124	71.3279108807583	71.0380492179642	69.5006507509067	67.2334394944935	69.5722000595826	68.1951268204915	68.8376242491406	67.8791126505689	67.9347010646248	68.0798633370081	70.0268149648151	67.2108698017935	68.3768186666062	71.6161763406896	67.4808620668608	70.5394659307431	68.3614297047858	70.7897404173953	69.4529363588342	71.1831902104809	70.3112538212576	69.5797511375361	71.6603742882500	68.3354209508763	69.9813479780536	69.8101301736828	69.5864703111206	69.2159113445802	65.1662436125295	67.9576839032630	72.8415147431702	69.8859689912755	66.8417368209352	68.3911572995910	69.3965688078841	69.5674959266502	66.6353786429643	68.6126841237510	69.4005557449579	69.8906540138712	67.1025059353922	66.8274054001638	69.0299940013941	71.4068032519155	65.8255434479214	67.7141220567752	71.2877248817244	67.5165088996876	65.4593602737933	66.6234784521679	68.7477980596815	67.6285443533192	66.8060463642966	70.4716741642000	81.7058232346238	80.4834064395971	78.8517353759027	79.5245193552435	75.8452301619897	77.7261032788944	81.4204886737106	76.5198301304807	79.1356098946388	79.4955351102472	78.9212002046846	80.2210629665231	75.6617541136897	78.6605091698328	77.5767769796560	77.6903264111550	78.2539093051997	76.5963377743486	79.7998815744260	79.3294205923266	80.8470376187817	78.6425224213391	78.4634572551119	75.5160199217382	78.7663160884918	75.9082817409798	79.0048574669030	75.5375255441819	78.1872140424865	77.0248079906431	79.7578625198918	77.0419290875243	82.4789236898398	79.0793638753660	76.8927451840778	80.6788699864614	78.4454401109070	78.7206305874997	78.6164766695850	78.5963658550463	79.4798290353381	77.9022636035754	81.8748418061293	77.6317493336770	79.8417442393231	82.6553403171709	77.4857081024031	76.7255014731441	79.1854742059091	79.4368323414558	77.6752392425103	81.5778249621292	78.4514444952576	79.3150486068590	79.1493846703209	76.9705103981534	76.2249234569386	79.0319630019947	79.4996448719112	77.4315358872833	81.1960249512615	76.5346544689240	76.5691128909943	82.6517494126544	79.7709606852293	76.7102935380090	82.6052795459669	76.8177135033800	78.2104968207270	80.7208501099361	75.8862493836152	80.4126825554268	77.4431729602080	78.0986632201463	77.5571829775439	78.6777935073735	80.1525096196345	76.8779821303221	78.8796946301899	77.1341691756772	78.5956949560071	77.4824465307619	80.4354354319465	78.7229797004053	78.7066135943266	80.4883150102098	77.8725923495156	79.4823637588195	81.3331688975833	81.4724005809020	79.4540726316815	78.8502437837104	80.5856108945348	80.4491841502280	75.0812651780273	76.5465961132465	81.0360433917881	77.1104317300481	76.2701840597513	78.4232516731814	78.3269241607740	78.7470591581057	78.2797241626516	77.2036576223940	91.4265339997203	90.9339082730321	92.4704322171137	91.0773299277830	87.1035907329377	85.8764830574343	90.8714585006311	89.4051668672068	88.8431432094320	90.7103611713898	90.3990132565301	86.4739249242103	90.3447730814751	87.7681265081926	91.4638962932574	87.4940098311197	92.4901608781316	85.7713845401499	90.9972561296446	87.8259806418564	89.3038177380427	88.0915792808344	91.5172989249395	89.7955126128138	85.2605674750562	89.0731849066140	87.0491501937927	85.8674889447214	89.0442845676499	87.1000607411166	90.9786089431452	88.5028497900156	90.6106180136364	85.1938126486921	88.4888355445934	91.6808510516518	90.8341103986843	89.4048431984471	90.2367502461062	91.6074130148513	90.8634278091653	88.9344599886684	89.3020778772882	87.4836028499336	90.2346408987276	89.1724170460299	85.9480775308137	86.7612168631326	90.2495145698830	89.3563251515969	89.3929041817741	90.2069143678223	86.5582099232598	87.7907575256168	89.9991678361308	86.4361335833690	85.5525435360840	89.3162876834149	87.0598872004576	87.7556154563345	91.0355383134521	88.9822947966813	88.2075200369920	89.4713979322195	87.2524150572475	86.1187690919767	87.7616761406460	88.3499453945246	88.9907008706318	89.4750107848667	88.0940120392021	87.4132555090310	91.7091727443371	87.9482495931734	90.0815361375888	88.4229905261578	90.0126319850859	86.5300349207006	86.3080034433112	90.2426015099808	90.8375190422019	87.6354266734440	90.3002961895105	88.5349755981842	87.4636028687703	90.5080927394372	86.5751090722463	90.0010658883372	89.8272566174973	89.0074399897308	89.2220217799841	91.0780774352146	90.7623355368475	92.2700998318537	89.5067201785932	85.3659743243212	90.5285090658140	86.9183809427303	89.5638777774422	87.6418277330910	89.5176950105208	87.1892700241358	87.5400919458062	89.8762262552261	102.139303765367	98.3395403843793	102.642407134175	100.109318974726	96.9938990446356	95.9555696022450	102.428098718869	98.5359547489822	98.5970145751238	100.442303436311	99.0375156139210	95.6522354707182	96.7347003116647	97.1884672983317	97.3117977519824	99.9836404874341	98.3482143053552	98.5143969901672	100.629180835624	99.9161621020465	96.5050083450445	100.367558176103	97.2426146533299	97.9408883203587	99.5490838914429	98.2653896166563	96.4612245664644	97.2489265608842	99.6237808522395	97.2656846447814	96.9538022945763	99.9865600342989	100.956979984750	96.0474761180274	100.481305568654	101.434032471969	99.2241610249359	98.1332864401783	96.7231980900910	99.6671215501764	97.0850502548649	99.7503861641725	101.024302112030	101.092162457881	99.1052931536352	102.358318713507	100.309947407128	97.9886766082948	98.0458650128369	96.6548528502442	101.968135525080	99.6678622923656	97.3714811588201	98.9061085162706	100.226658423645	101.308838246483	96.1580005040745	96.4901327855254	99.3016244089609	96.5835964014299	98.8288338695836	99.3838273822061	97.2685161637464	101.898323186635	96.7802568345514	96.4920664807399	98.5355128200240	97.7339238338619	96.3622132263876	102.761284003791	98.3801566772200	100.925534674190	97.9774502965733	101.101626560983	97.3820524803771	101.594601488455	98.9460559677982	95.9941676588206	98.2550372053246	97.7320487845418	99.8252820655186	97.8927222718236	96.9160435985965	102.736359211437	100.316005591762	100.147979885207	98.1709040469170	102.567559696136	97.1690334895316	97.9637312626004	99.3934298406059	98.3842150016501	96.2114339012726	99.9304488277669	95.1910747162199	99.3023663089899	97.9146915334117	98.8931190755688	96.4244193890704	96.9627420592046	99.4682759589906	97.4813094736798	98.9683004491439	99.5087815796571	111.531694114876	107.725252152318	108.703268289614	109.972930573985	107.780255927142	106.980768563872	111.556781223003	107.831077691703	106.058529923043	111.207622802033	107.153600083360	108.423085512580	109.152755935075	110.197008371001	110.161693006879	108.921056747314	109.678608284728	105.588116427958	111.240750016645	109.638958501520	110.907395808831	106.415227967595	107.820635336208	107.335291389986	110.035284736083	106.164440808511	106.785340148200	108.939382615205	107.515782750286	110.214576979626	111.052264766988	106.089040593469	111.889326899314	105.045690772171	108.154355369815	111.218642637673	107.033408655234	112.086548092168	108.639243981701	110.748466001908	109.940281662854	105.638774421878	107.402584460811	107.864314957969	111.139092941297	112.600492894023	109.155618602763	107.932386213048	109.130569292826	109.300475754210	107.415267729694	109.171288956931	105.752379003466	107.724929062782	111.596380941498	109.819024086530	107.714375292113	108.051910405647	107.856754229854	106.574965166220	107.794573219684	105.825108623044	107.777122908753	112.836818833406	106.077197058270	108.399231289356	108.446110030427	108.394409888035	109.222143889814	108.081186823692	106.328168391991	110.675354402894	108.261742130435	111.314887390815	108.347567312883	112.617585690444	109.944423012325	107.379369328069	108.852806537479	108.933432165570	108.980805621411	111.003293139694	107.474567542091	112.292813410045	108.166245408453	106.431654464292	106.771253744703	110.903225980284	108.613701832591	108.109498703165	108.048781420069	110.870113407787	108.108435162985	109.852117100970	108.293424880072	107.471294130219	109.201554577968	106.251944339338	109.683399392127	108.015564273334	110.474648681497	107.129881244759	109.324144267667	107.647676304397


objFunctionValue:   677.360509014134



