Dataset 26


dvh_array = np.array([
    [ 7.69, 2.95, 18.62,  2.99, 12.69, 12.36,  3.37,  3.25, 0.00, 0.00, 0.00, 0.0411, 26.28],  # Rectum
    [ 4.91, 0.51,  5.82,  4.18,  5.74,  5.70,  4.22,  4.19, 0.00, 0.00, 0.00, 0.0000,  0.00],  # Penile bulb
    [ 5.26, 3.61, 35.08,  1.91, 15.59, 12.65,  2.36,  2.21, 0.00, 0.00, 0.00, 0.0000,  0.00],  # Lymph Nodes
    [ 1.15, 0.82,  4.28,  0.23,  3.45,  2.94,  0.37,  0.32, 0.00, 0.00, 0.00, 0.0000,  0.00],  # Rt femoral head
    [13.66, 1.20, 18.77,  7.80, 15.47, 14.98, 11.03,  9.40, 0.00, 0.00, 0.00, 0.0411, 26.28],  # prostate bed
    [12.40, 2.05, 25.39,  5.68, 15.61, 14.76,  8.36,  7.08, 0.00, 0.00, 0.00, 0.0000,  0.00],  # PTV_68
    [ 5.50, 4.88, 92.99,  1.49, 16.78, 13.65,  1.95,  1.80, 0.24, 0.14, 0.05, 0.0000,  0.00],  # PTV_56
    [ 5.74, 3.94, 23.07,  1.04, 14.31, 13.61,  1.50,  1.29, 0.00, 0.00, 0.00, 0.0000,  0.00],  # Bladder
    [ 1.19, 2.70,158.27,  0.00,  9.69,  4.98,  0.00,  0.00, 0.04, 0.02, 0.01, 0.0000,  0.00],  # BODY
    [ 1.01, 0.61,  3.36,  0.10,  2.68,  2.34,  0.34,  0.28, 0.00, 0.00, 0.00, 0.0000,  0.00],  # Lt femoral head
])



templateX:  -52.0605200187156	-50.5837517306103	-52.3449299719999	-51.7963964004332	-52.6742757611685	-52.0314495482054	-51.3705537467694	-50.4461868953907	-44.7190161741078	-47.6679850473712	-46.6490215834780	-46.9564956397957	-44.7496379459112	-47.4614397912282	-45.3001704528317	-44.5078309484865	-42.6835627476031	-40.7169314876795	-40.9021732642946	-42.7200580802507	-39.9501833837368	-40.3233267701128	-40.0789742566866	-40.9342477059034	-34.7360771264966	-35.9530148088778	-35.6732054665669	-36.2938535068673	-37.1564001786291	-34.4092895227271	-36.9952826473191	-37.1132382098135	-29.6328632947586	-31.7496228023868	-29.8246623433693	-31.7550327761527	-31.3235427363638	-31.1403669354835	-31.0088489405576	-31.1112903402282	-27.6683746994543	-25.7984777483939	-25.7455830206241	-26.5550717162860	-25.9928124350034	-26.4540236131543	-27.8707474575198	-25.6736596567780	-20.3280397635686	-20.1310451041155	-21.2831027570719	-21.9493395526266	-22.0984263299082	-19.8059881525859	-20.6186022403829	-22.8107248316837	-16.5574769549336	-14.8192785012969	-16.5518803235217	-14.9055427111511	-14.9361833526643	-16.4344808276904	-16.1814874720640	-14.6728119377488	-9.72212004219879	-11.4312122942861	-10.5115364717070	-12.3219356532793	-12.8994726876777	-10.8404149882717	-10.1012200839224	-9.94497283869317	-7.54721899760222	-6.28918520420857	-5.44799406546504	-6.47354805093146	-7.25590532879303	-5.51742994582599	-6.23272700023145	-4.84740036562268	-1.89314700927723	-0.797415114921722	-1.42660891424700	-0.161427578553179	-0.965071499330627	-2.83509369820201	-1.73870964943174	-0.265213668874781	4.47325691573510	3.68731817765941	2.27454753200876	4.89926867096815	4.89064819865490	4.68751660324486	4.83298258658906	2.38523751060191	9.98380037470238	9.00489647299692	8.37677912773931	9.30781905077300	8.37388709454024	7.38325083360030	7.27462970682923	9.39848672281457


templateY:  -394.598377011544	-384.627940219975	-376.454264069197	-365.139584549767	-356.022085762198	-344.528448319410	-335.323040007171	-324.650209706200	-390.134839495521	-380.882694330990	-372.431937139503	-360.999814118812	-351.119483207886	-342.189930851376	-332.113362256035	-320.710995784144	-395.208516671258	-387.480336328188	-375.452749642622	-367.666054290999	-355.337866812863	-346.996324978424	-337.763541655381	-325.713010090064	-391.059014828201	-382.833206638671	-369.907888029691	-361.572784433007	-351.943619541583	-340.090856998430	-331.155539282641	-320.171528065916	-396.220737097148	-387.707921941727	-375.974965565292	-367.644905568027	-356.622587477181	-347.268482640165	-337.400812649384	-326.226812922969	-390.540597804239	-382.047843585204	-372.195444601114	-360.463817559342	-350.834040195976	-340.155464390085	-331.525378312472	-322.858972509153	-397.497874988486	-387.551092023944	-375.211171567636	-365.098724957219	-356.174178343886	-346.672905715039	-335.281100337150	-327.474274562090	-391.600488567711	-379.950268697193	-369.495990121902	-361.426638682816	-351.009953799049	-342.763958708228	-332.856544829878	-320.396510267587	-397.262815414119	-385.565167244744	-375.293101814121	-367.081217143199	-356.764470453877	-346.865810447035	-336.446298446301	-327.563266506944	-391.614342891848	-379.996427651942	-372.375039432836	-362.373816200766	-350.101296517017	-340.012029358676	-329.868564764240	-320.540845524252	-395.003226965878	-385.161375453973	-377.011271604022	-366.194214254616	-355.982784610874	-346.724051807848	-336.658095324942	-325.748356965211	-389.680511367990	-382.365347460220	-370.652584225092	-359.808758995841	-350.988057206363	-340.227609573532	-331.194268745377	-320.948930892426	-396.736159227784	-387.703782723372	-375.161467922364	-365.368378824361	-355.111486763985	-344.912709980704	-334.474897652517	-326.953076391407


templateZ:  57.1838202317034	57.4610002927486	58.4631665602787	57.1873678406104	59.7453546014611	58.4705957359897	58.8729943590282	60.2855351238291	58.6898457238639	58.2429645641876	57.3696476897459	60.3491546408147	59.8663083186776	57.8628786803083	59.5856639252486	57.8693784923866	59.5557259000980	57.1706755809805	60.0319395121997	59.9814526966589	60.0436434368661	59.7610437906221	59.9174800886673	58.4916026364746	60.2161057154505	60.1089527220378	59.1635829851487	58.1936870719335	59.0954562754160	59.6104862976180	58.5248752323824	57.7770563181194	59.0305662958034	60.3568588418219	59.0913447183357	60.5012407386408	57.9354600122510	58.2433926103169	57.2589811296661	57.3791637207377	57.6574017838787	59.3974459196061	58.2765302440811	57.3652350224827	60.4063603411061	58.2088072995978	60.1989297914727	58.2320534747744	59.8734066261125	57.3543557145459	58.5026505148898	59.7796160294599	58.4297699494925	58.6370098079208	57.6865673238908	60.5263475700111	58.5245085314579	58.0145201020625	60.0655950986624	60.5982904882409	58.5856307569437	58.7713009671124	60.2382529869811	60.0225380819014	59.0600564723431	59.6925817077132	59.9266679297980	58.2584660267407	60.2383620082059	60.2128686782018	58.8939560842857	57.8169099307723	59.2513681880593	58.4938650880568	59.8823440352423	58.7790201167611	58.7153738195274	57.3498120026948	58.2138714927229	57.1868114354679	58.5859012402604	59.4117720554653	57.8411346091452	57.6906469065955	59.5550852659208	60.5574849708373	59.3890351785691	59.3597682979894	60.0600593114236	59.7668036236885	58.2945657983929	59.8889194206956	58.4934296158292	60.3549697990025	60.0977639059140	58.5280577507989	58.5435226495129	57.6311453132709	57.3079475511189	58.9609842701003	57.4284859358521	60.0467941747313	57.6535776221734	58.3878339891038


seedPosX:   -52.6343905909884	-50.3533963012969	-53.0944093169943	-52.2104788443052	-52.3781379541962	-52.3440104259773	-52.2914684338378	-49.8020245048353	-43.9993727334549	-48.4606849453234	-47.2925504598360	-46.0106279374230	-45.0357543613515	-47.8587459534910	-45.8255377649610	-43.6943257423909	-42.5888471265523	-41.5173992269098	-40.7859356267560	-43.8184656739333	-38.7812479731640	-40.0752109066294	-40.4999446878494	-40.5003284598196	-34.1971411082380	-34.7386652422689	-35.0077361794491	-37.4099315654445	-36.5133626612790	-34.7871704356511	-36.8289919676166	-36.9232399405260	-28.6889496315086	-32.8007652454024	-29.5845676329389	-30.5197072566512	-30.9227257371937	-31.6948942099990	-31.4732336787005	-31.9166146181001	-27.7734007211170	-24.7889323490210	-25.3347954256470	-26.0165266947736	-26.8902100972484	-26.8236362554001	-27.2930805612621	-24.4746374442732	-21.0656901177007	-20.8571960888273	-20.5694511600544	-22.4702228287486	-22.4645420390996	-19.0379410390926	-20.5478640202935	-21.9682802280759	-15.9101865236164	-14.5901427511533	-17.5598332936412	-14.9528911168018	-14.2058709321777	-15.5258373168885	-17.1188303224621	-13.9802207015507	-9.57861111836661	-11.9410133021360	-9.56030367144658	-12.2862917806386	-14.1152977892025	-11.1912576919154	-9.08786912005227	-10.6792264571571	-6.36430690152966	-6.66267941580587	-5.32724513609033	-6.15725821057674	-6.90896934596298	-5.81036669789604	-6.74204877290341	-4.45993335105218	-1.59698521228722	0.389725263733727	-0.546837495580252	-1.05875386194552	-0.348823640288119	-3.78679771353533	-2.00930177891810	0.373772816683626	5.61353321335207	4.69728719841719	1.18030676716963	4.59596502983069	5.12981161531938	4.37315682925409	4.74011170725336	1.93906675885007	11.1019979350712	9.37346189441025	7.46813307919293	8.91439794709559	8.84891164289683	7.45389848654269	7.94856036891388	9.60317472245655	-52.0254740074277	-49.5908758315439	-51.6049988956517	-52.7836519800238	-52.2458619148737	-51.5988499376710	-50.6468328704370	-50.8659237390738	-44.1670776332092	-47.6219677268125	-45.6125746157695	-47.5477937727636	-44.5761138970116	-47.1891910605063	-44.0629778302972	-44.6560420765142	-42.2427259722241	-41.5960439091044	-39.9764252057466	-41.6589600671967	-39.3340032103110	-41.2240498554195	-39.1319091468177	-41.5299603398481	-33.8333412892502	-36.4630665263903	-34.5499778078996	-36.1924458488882	-37.6760623709732	-35.3333052999441	-38.0532987815100	-36.6745090482927	-30.1476497266318	-31.9012829633908	-28.7371371345754	-30.7193681004043	-30.3957996692765	-29.9131515685088	-31.6092760968762	-31.4205142984384	-28.7384267555667	-26.9281773088995	-24.5836946334132	-26.2447136265398	-24.8194650128531	-27.6363881225193	-27.4385112974131	-26.1109162474573	-21.3343295134970	-19.5903433389818	-20.6467996537097	-21.8209801381884	-22.2031338398976	-20.1906434264449	-21.6629128530806	-23.1743944162712	-15.7404225557773	-15.3745889567053	-15.4567662151864	-15.7479866577892	-15.3296153671580	-15.9897336139483	-15.2289183188739	-14.0660068844537	-8.67769681565679	-10.7320484757858	-10.0380478876924	-12.9749122342830	-12.8113125394056	-11.6683684420048	-9.97377851011078	-9.09171724644688	-7.76192885606481	-5.96335206004071	-5.16946492342696	-6.74611401295379	-6.45742965832879	-6.13859549311791	-6.68864646508852	-5.50403829052583	-1.55130856888257	-0.173646092201876	-1.44233133291277	0.669143908470740	-1.01631812573434	-2.44078087241769	-1.55860668803926	0.468098361798128	5.56821230856890	4.64946732093179	3.51016747205855	6.14875836837429	5.34512761782307	4.90336958962813	4.28993906655822	2.73657129176353	8.80742675007146	9.48439484285054	7.40062424472666	8.56068274244800	9.51363051539484	6.31100419729158	6.72154119270699	9.12334240769100	-51.6497083552424	-49.4685534256336	-51.5147020961760	-51.7657599991692	-52.7720340495876	-51.7129916255741	-52.0444606726633	-49.4915103968280	-44.6588464654832	-46.7774535175994	-47.5094189334562	-45.7099549139239	-44.9319361472946	-47.8970119801046	-46.3309061953282	-45.6287819218398	-43.1115043092453	-40.5911587283380	-41.1046855780749	-42.0914190028015	-39.4718803811840	-41.3744689150919	-38.9339317867021	-42.1185805674940	-35.6811447197059	-35.1783929490096	-34.7436917238958	-36.0744523789641	-36.6911561494118	-33.1778010835002	-37.6715613886559	-36.1971231844274	-29.6261209857526	-32.2694761562476	-30.9651654959496	-30.8450166094178	-30.9430163556988	-29.9013001250764	-30.6617057998918	-31.7808530909621	-28.5942804757153	-24.6172758992396	-26.9680249058251	-26.1625854186497	-25.7730093853680	-27.4205148302614	-27.1639476332172	-26.7902978953140	-21.1268502580782	-20.1716352124606	-21.5839896996154	-21.4071432236188	-22.9110234448298	-18.5879310796259	-19.7233358349336	-23.3901934883887	-17.2887100133075	-14.9703444363743	-15.5084265536607	-14.9302302275505	-15.2925669117341	-15.7234625104310	-17.0064252125069	-15.8325823763060	-10.0446056545041	-12.0008858632785	-10.8224371538902	-12.0892411391706	-13.9319493439830	-11.1540537206993	-8.96766196590274	-9.44858846245015	-8.03347174022116	-6.25122613066929	-4.95978609644328	-6.11009252271868	-6.87749330725053	-6.11756405884764	-7.13396442765026	-4.18212862412932	-2.64319779921174	-0.697011302805130	-1.76199267754847	-0.744461088466783	0.0213157883269326	-2.22571436790907	-1.84575208027505	-0.636190578929302	4.33288093189496	4.48572008444581	1.61221699034150	5.79689134675900	5.88029473566118	4.37123205980125	3.75923317447271	1.28834771624816	11.1301335533042	8.25212032162885	7.96907113460834	8.50196058261361	9.02858066994003	7.37199475578663	7.60201068288527	9.93333300052819	-51.7205017176280	-51.4436196455599	-51.5868271624293	-50.7735471958701	-52.2513938348067	-51.4128380390229	-51.3913487998537	-50.7193738695737	-43.9877462645861	-48.4708531915729	-46.3908355515162	-46.0951016443419	-44.1355726981115	-46.6572250227414	-44.7637893440373	-43.9104988240045	-43.7145546411876	-41.5372271528496	-41.3246538912035	-42.6973259227561	-40.4536425077890	-40.8731026846783	-39.0248728339684	-39.8135939507704	-33.6746782320175	-36.3805629749745	-36.8710466291268	-36.6268821698847	-37.7223065255970	-33.3798274082575	-37.9837221204933	-36.7130877184024	-30.4978170472009	-32.7176009879538	-29.6713444471024	-31.9137646983062	-30.8991869071158	-30.6364154972060	-29.9691204200314	-32.3040222056608	-27.0592362014616	-25.6675865283257	-25.3962609613685	-26.2654351405793	-25.1954229480737	-26.8073079349595	-27.0129492778772	-25.2015748842071	-19.1442263786409	-20.8318886876491	-22.3383540075664	-22.9684866537075	-21.9935952533529	-19.5042643962675	-20.0737515990578	-22.4250569163149	-16.9474097303437	-14.1966663830613	-17.2513387311044	-13.9871643724215	-15.1717906202845	-15.6912289520764	-16.0792341071445	-15.1906911219507	-10.1871164758473	-12.2021268474069	-9.51011024956860	-12.6538445626171	-13.3898784105441	-11.9530069357101	-9.68010679798408	-9.08677790951260	-6.37230832727775	-6.51900623379769	-6.20468266565171	-7.00251847664760	-7.52042619398891	-5.55442801743802	-6.93321251223155	-4.89898756242570	-1.88440664656137	0.403056464061542	-2.49193912785401	-1.35283703429307	-0.412304126375216	-3.48054107238850	-0.970597390997455	0.399062433604391	4.54607646889417	4.43426529286805	2.79298722483681	4.35512564337120	4.16851515013637	5.25416017410320	3.88818815399353	3.57112407965400	10.7140584083806	9.38282192318361	7.30924505677857	10.1714903035914	9.43880206242339	6.62555627046724	6.50982321459041	10.5556546041377	-53.1567338465148	-50.0448802114230	-52.2453579891398	-52.7640025934159	-52.1633538995836	-51.6401190390515	-52.2073726798937	-49.4886893686570	-44.0607550357835	-46.7858667965404	-46.2858918194766	-46.4407059829752	-43.6486767169810	-47.0440267414508	-45.0929114061311	-45.0955522212616	-42.9019479344547	-40.0531115010300	-40.6253701507932	-42.3516480527526	-39.2517440397092	-40.7644950778636	-39.1736024253254	-41.5038032248397	-34.6792995329292	-36.2814685745412	-36.2265608504622	-37.1837693869725	-36.0574371611451	-34.2828398931712	-37.6075591593946	-36.6684289749750	-30.0490800131247	-31.0604790701419	-30.1231320699879	-31.2184906254813	-31.8016095397173	-30.1422861773971	-29.8972403979346	-30.8643851707523	-28.8633216810889	-26.3335599509262	-25.6409010111651	-26.9378250590787	-26.3020197159263	-27.7013140469822	-27.4332549839766	-24.4677436981391	-21.3895050538371	-18.9274045404763	-21.6538842605041	-22.1137605081015	-21.4699712253947	-18.9535996137064	-20.4505296082261	-23.7646535229190	-15.5213070237946	-13.6820413902421	-16.3802116132528	-14.5408231774884	-14.1119189792985	-17.5603831404295	-17.0134025093390	-14.1817968263063	-9.46794744712707	-11.5698547121059	-10.7378148375203	-12.2895199375864	-12.5106688258682	-11.0392928284115	-11.1635944140178	-11.0315805846455	-8.79437649947511	-7.43769777318216	-6.23356396161226	-7.36633953696977	-7.59679980274906	-5.80259845876469	-6.57072238936014	-4.07558333056010	-1.38908188591175	0.280241817384600	-1.02610235128566	-0.891161954051060	-1.95413157607318	-2.87636098008360	-1.52833783210452	-1.28059525822607	4.83829791177411	4.31777028590385	1.15124222417619	6.12897021780213	3.64606568555235	4.34979181370697	3.69395879545825	2.75065427990306	9.96594038945221	9.55283906642637	9.12190200535550	10.0214778599124	9.47056602800130	8.27858753989056	7.96269558877256	9.10856839608031	-52.8354868569677	-50.5654486417974	-51.4886660759101	-51.6653588920097	-51.5261048127810	-52.9436086513745	-51.8309643678096	-49.4569322971479	-44.6608581789860	-46.6767916169646	-46.9352362236134	-47.6609897905854	-45.0732345608412	-46.7285042063970	-45.1769958670688	-44.0459543790904	-42.2375000264504	-40.9089928998094	-39.8495945339243	-43.6137539753661	-39.6824951355568	-39.7245888560100	-40.3969151471272	-39.7739113540402	-33.6368488690851	-34.7089022184185	-34.8623432524783	-35.1457203203853	-36.4364600602578	-33.8522234885895	-36.5242803001445	-38.1376168306256	-29.4353685669236	-32.1666088133061	-29.3965838201287	-30.8379694485587	-30.1273086442070	-32.2670883646843	-31.3963191332565	-30.0445436157955	-26.8557147101855	-25.1349869301279	-25.6442230479988	-27.3400077985066	-25.1520546290010	-25.6872714070595	-28.0576562713406	-26.5308638203625	-20.1748985023944	-18.9513070437986	-22.0199048920879	-22.2914876208246	-21.8538176525738	-20.8404965222839	-20.7152262338832	-23.7227439425151	-17.1891039043066	-14.8678413604429	-15.9941324275414	-15.7057414095806	-15.3547824911275	-16.3479645111366	-16.8024982644656	-15.7087851888730	-9.49504431393641	-11.4049095478397	-11.0577291984025	-12.4633432482618	-12.4408166768566	-12.0290014520714	-8.97509664939398	-10.9162709787249	-8.47515356927200	-6.24764149023602	-4.85978599675963	-5.35313605980831	-7.09257044471208	-5.19155804125927	-5.70755216474278	-5.95050761545321	-0.814342273335238	-1.58146512588137	-1.61800247367848	-1.16108046010482	-1.27333331922176	-3.01701161437072	-2.88188572714844	-1.47668692983635	4.81419998967813	4.71222197856154	1.76628154966771	4.74525317747925	5.87086145717696	3.78706821202860	5.29218653980229	1.84524082356453	10.9252290983601	9.18583556429350	8.15695343731629	9.80236064348344	9.35197490899198	6.79755962537013	8.40373277644176	8.47148065420407


seedPosY:   -395.035754493881	-385.031152648262	-376.458108147222	-364.239976567073	-354.839397805813	-343.739997837288	-336.185961728160	-324.365017903368	-389.364973495812	-381.707752825454	-372.596854821177	-360.359297497453	-350.566356666621	-343.142147343738	-332.609498093674	-320.713818406921	-395.169004177974	-387.045725011858	-376.288913133270	-368.564485017764	-355.206032362812	-346.995855764883	-336.582274949476	-326.686773457351	-390.069198885507	-382.000915898774	-370.781870805294	-361.481429212863	-352.901449533518	-339.487988473589	-331.861054874953	-320.508661953833	-397.159745098907	-386.583086181895	-376.196593523091	-366.777712937266	-355.799358097805	-348.213389508050	-337.753357857764	-325.115712863881	-389.394188309052	-380.983856130311	-371.262515204232	-360.714788043980	-350.819153625783	-339.968106769085	-331.642311111494	-322.169083205244	-397.955778196954	-386.642781630078	-375.915570933926	-364.155403789993	-355.086518705891	-345.777808005807	-335.735077264929	-328.704352137564	-391.959940149061	-379.977240867315	-370.626257122680	-360.302153089248	-350.754729915655	-341.534152730307	-333.287499764900	-320.194526982853	-396.621480916678	-386.089065444418	-374.171053650992	-367.959963625551	-357.670986341587	-347.787554876794	-335.255680907171	-328.612740638335	-392.359873539597	-379.728633647522	-373.290269793215	-363.395355037292	-350.105690789298	-339.915711749057	-330.754723814016	-321.744806196073	-395.918219850879	-386.161139464737	-376.611697798127	-365.314774943781	-356.444394242861	-347.204868085560	-337.481966217455	-326.652183117852	-389.425782284987	-383.458424669726	-370.969936460749	-359.402708920402	-350.775965485745	-340.121620603995	-330.332056946298	-320.830311602886	-395.659470592622	-388.822706566306	-373.951394457029	-365.648018949957	-355.168688449134	-346.027534603743	-335.242116752659	-327.618518436091	-395.648876581657	-384.284931430239	-377.426203683521	-365.325383524331	-356.100676328223	-344.912151106546	-335.993232848237	-325.556098143510	-389.478039586456	-380.519727311224	-371.923619027417	-362.016338815034	-350.971952055002	-343.032871126053	-332.492117772697	-320.245931471141	-395.755493412168	-388.634968710893	-375.820993210012	-367.531499832184	-355.300996797678	-347.967020684136	-337.116391130366	-326.338224559023	-392.287933741474	-382.648951804285	-369.735924239019	-361.668789856549	-351.833888335998	-338.910903871829	-330.101173057720	-320.479395387841	-395.021483503305	-388.568197908514	-376.864989048822	-366.559707774410	-357.120171260291	-347.788148887568	-337.374791221208	-325.308461474731	-389.918846609671	-382.703506267643	-371.160122777027	-359.261695035879	-351.853207425984	-341.284385895229	-330.707748457306	-322.939750024358	-398.360919782615	-387.387536583741	-374.249524459569	-363.996899686432	-355.234600947799	-347.311104254249	-334.620122540177	-328.095239608644	-392.086054313258	-379.305563130158	-368.956537641234	-361.047981933438	-351.527396759606	-342.951409081986	-332.984857343007	-321.621569758318	-398.438602145502	-386.377965260138	-376.079901744584	-367.876271195148	-357.140501717326	-346.592669264401	-337.097865671559	-328.370584915739	-392.103963986010	-379.991198451039	-371.218136677919	-363.305625728216	-350.448733787115	-339.276375732332	-330.672927924775	-319.462651006068	-395.139971088197	-385.734219341708	-376.618216195453	-365.411857351202	-355.394332295115	-345.883727626634	-337.761680516161	-326.453681248718	-390.839716199780	-383.107723409817	-371.007734198628	-360.657180005335	-350.405143660326	-340.927086989474	-331.281033185520	-321.391159014376	-396.880982957933	-388.154081326519	-375.218040417597	-364.904771012853	-354.243091587457	-344.731779752780	-334.490593590365	-325.907453930649	-394.795988826174	-383.847050453846	-377.664981291900	-366.300007171906	-356.318589954060	-344.626758678658	-335.838372431546	-325.358994498687	-389.124859166331	-379.776464096808	-372.704860301730	-361.795114276309	-351.719381056215	-343.178808788876	-332.945049583949	-319.763029118199	-394.816913279069	-386.453551777425	-375.616920046048	-367.822012908606	-355.938342199619	-347.528890382923	-336.878917689389	-325.841101493801	-391.738457958217	-383.193722961997	-370.704279441138	-362.660866018165	-351.246033431163	-340.501783275486	-330.506898451617	-319.554109264608	-396.027827839905	-387.673472215138	-376.241931276014	-366.854771259075	-357.261578406372	-347.281719525713	-336.558005928816	-325.379346771545	-390.090238650942	-382.336214151524	-371.936603260239	-361.707983477567	-351.678078757722	-341.109694129852	-330.788396834025	-324.003242165982	-397.552454498040	-386.824019721750	-375.585572471711	-365.922608954884	-356.763280268857	-347.700187953063	-335.564074608268	-326.757745797082	-390.378054155371	-380.676359697584	-370.474001810375	-362.542169319419	-351.694652985583	-343.041714325061	-332.278378651025	-320.350967877932	-396.633214292604	-386.558085605221	-374.783061181027	-366.071132104779	-356.860762767115	-346.868862143596	-336.436986411546	-326.768863823345	-391.134777475002	-380.043538239225	-372.382503944129	-361.524323489113	-350.182670215411	-339.286371527462	-329.210736952113	-321.579442485701	-395.487355473289	-384.136244512760	-376.190760908812	-365.040936799630	-354.940135034050	-345.911304851202	-336.288890245975	-326.904182720246	-389.738755312360	-382.481409857097	-370.717732964565	-359.475158912139	-350.389721102471	-339.865791140076	-330.409043056792	-320.160401807853	-396.522069890751	-387.570909180649	-376.027935444889	-364.298424651629	-354.471429604359	-345.769243891496	-333.794648152799	-325.895517339319	-394.681800461923	-384.796267348164	-375.497372273205	-364.176675911931	-355.489911550218	-345.141932584369	-334.188003687680	-325.150455331909	-390.909511953938	-381.631147087706	-373.297101747502	-360.820397938746	-350.816796849978	-341.927268553046	-330.962722166382	-320.991707218800	-394.749394755323	-387.254341130395	-375.623714995260	-367.881524953903	-355.978252680017	-346.196177790595	-337.078842093697	-326.556933181845	-391.266041067488	-382.656116676795	-370.060523576132	-360.543368933980	-352.259205734391	-341.160409195812	-330.743909299835	-319.353776964802	-395.682905414366	-386.778180793850	-375.575465211079	-367.599312617389	-356.964258012726	-347.964217956418	-336.766291594191	-326.531039443178	-390.494065795023	-382.600404734542	-371.731621461611	-360.624697404040	-350.636766320667	-340.962735092298	-330.334340227615	-322.816256193556	-398.511323432560	-388.585799441819	-375.053415558316	-365.483065348625	-356.587641779452	-346.798392100929	-335.040072772315	-326.338139154880	-390.484913587955	-378.910275707165	-369.162952553869	-360.334759095135	-352.119655759503	-341.707109276729	-332.007907546179	-319.243307420227	-398.131556388885	-386.497417624982	-376.117545451000	-366.460328911978	-356.860375241511	-347.709369506198	-336.854661839463	-327.007860116614	-391.472848226289	-380.280540131472	-372.525640772109	-361.688049277261	-348.863999255461	-340.080485427357	-329.711756896180	-320.090312009071	-394.677175845601	-384.464023402221	-376.474396786769	-366.861145181223	-355.056216751260	-347.642760904422	-336.215398481962	-326.227473704273	-389.497356795200	-381.474198534156	-371.749225879799	-360.212825878789	-350.329885540034	-340.374323109328	-330.693917810979	-321.392493876066	-397.767092931595	-386.679029350579	-375.398007965492	-365.437123985687	-354.633340770851	-344.808747019284	-335.063214098454	-327.566683711206	-395.030015557237	-385.753924808289	-376.239249265789	-364.019545107672	-356.157805559090	-344.811255619628	-335.188898581062	-324.937185937953	-390.805525345608	-380.941775671366	-373.068637746958	-360.701426786664	-351.943813185470	-342.036263428057	-333.159675374216	-320.443465395010	-395.091067891371	-388.197048316412	-375.320104191005	-367.825653273198	-356.301859604571	-345.828068208235	-336.835725951107	-325.620300344356	-391.762349466509	-382.457545083870	-369.238004215747	-361.380426345648	-353.005514095289	-339.181726438339	-331.703027974200	-321.010492671592	-396.883210851997	-387.877794750525	-375.616893230670	-366.601102981299	-356.935679569799	-346.736211891566	-337.761437400803	-326.283940199398	-391.289900856276	-382.810152974307	-372.273925438258	-361.200200765357	-351.943996458004	-340.884748872060	-331.695673392257	-321.621667745838	-397.511790065172	-387.374351252826	-375.574371488470	-365.356762374597	-356.727705223799	-345.976940396696	-334.337179300420	-326.581860706371	-392.268034660706	-381.048657964383	-369.669162857569	-360.684325802894	-350.258624498813	-343.472188366597	-333.274935935821	-320.580278535161	-396.115626797370	-386.172078210850	-374.467639334678	-366.013809770212	-357.589047647103	-347.837343648122	-336.545091219968	-327.258741709923	-392.111811035747	-380.370291041288	-372.931002040773	-362.969478067078	-350.054177292836	-340.189670026541	-330.086531393975	-321.416192593943	-394.321178238694	-384.109225807751	-376.542096645385	-366.407793412728	-355.266133147561	-346.886762074357	-336.423075671164	-324.528048759045	-390.024533062401	-383.577919005893	-371.248062907397	-359.247985358821	-351.107830147001	-340.121488990054	-330.063321431714	-321.199711595446	-396.524991646831	-387.237015601585	-375.665542624450	-365.875036580159	-356.059671811861	-344.377761332195	-335.508830719260	-326.998403454876	-394.898292956538	-384.845214009286	-377.119042135005	-364.995025542299	-356.797348866912	-343.749878151268	-336.063130725524	-323.525648245020	-390.112236173595	-381.004044208149	-372.287411108056	-362.201191960363	-352.226311237201	-341.427821101380	-332.141678133922	-319.552937842035	-394.849363949591	-387.066149403914	-375.253186669193	-368.362518655749	-356.259944650998	-346.971779262814	-338.881084617719	-326.852540545058	-391.900786856155	-383.831222072867	-369.442390115818	-361.610402958192	-351.306058736493	-340.679297612522	-330.074731066002	-319.990837226126	-395.407524749662	-388.942115622350	-376.626195628762	-366.767444088211	-355.811933108319	-346.291215510668	-338.426622181448	-325.339224606816	-391.127334257707	-382.849123079794	-371.343374424413	-359.250887325579	-350.724826261838	-340.474009143056	-330.988424683225	-322.761647188322	-397.455012161501	-388.245378395240	-375.980609714832	-365.131403527932	-355.168943828031	-345.890756551486	-336.291862374672	-328.191515275372	-392.236282850058	-381.107134286588	-368.581069076895	-360.234834259843	-352.201498279854	-343.189390417045	-333.929085486626	-320.361626391319	-396.631257975445	-385.424701947547	-374.591301818973	-366.188569186800	-356.683610022354	-346.337734811378	-337.093224853667	-328.719165895925	-390.444549737112	-379.765271112797	-372.296675682806	-362.670740747168	-351.088671644016	-340.339585756087	-329.324538660085	-319.557762838744	-394.114427113692	-385.628713517632	-377.254583482019	-366.753108061837	-354.748782732193	-347.300690583724	-337.875873512349	-326.748657571974	-390.810492080276	-382.627227794182	-370.649928428963	-360.911261236487	-349.760252036278	-339.718468132010	-330.114978920054	-321.069818928096	-397.491587414432	-387.951185209655	-375.939259609524	-364.859980445527	-355.956749586957	-345.113572028474	-333.928730192487	-325.916660030311


seedPosZ:   55.6097532704428	56.4196103009392	59.1008582672438	55.0093162794036	61.4432510989381	60.4113546379913	61.1098059859456	59.5550689387814	58.3716265262801	59.6215289742111	58.5892688426810	61.6647433886515	60.1200520821021	59.2801429062791	61.2956604870504	57.9633787572092	59.4412146140707	56.8701252786054	61.1028610216029	61.2440855071289	61.5804566434868	61.9106204642471	59.7265006147625	60.8705922045715	60.5722198621677	59.3655361938239	57.3224663202059	58.3037731008789	56.9894924476446	59.9915783666995	60.9014284630167	60.0127885306323	57.0379489537828	59.9698863422857	59.9136024571148	62.0473746305262	59.7434432467105	59.5777282872594	58.9710854654863	58.6602082846447	57.9928754401961	59.8983186845158	56.3898278453926	56.5372697779337	62.7625077812998	58.2657704906045	59.3010163236288	58.4968756197801	59.0946994906753	58.0818238248717	58.9393599780016	59.3261953307798	57.2425733498184	56.8262305225764	58.7541713825934	60.2938444757618	60.2527529694776	55.7091774972844	59.0658104436562	58.5003216392413	57.0949585543092	56.8538435920310	58.7640052368214	62.2196736274656	57.9067895664535	57.9614143490284	60.7054117388984	57.8360415100917	60.7624435010959	58.4192323507266	60.3840292007116	59.1961420210199	57.5791587795614	57.2159648763450	61.4597626026460	60.7019257254632	58.2505178893604	57.7663733849525	57.2914662804994	58.3390635723552	58.7141917223069	60.3897834537189	57.6268057413668	57.0982675891829	61.4590747393310	61.3297256424621	59.3644429199976	61.0330497280490	61.3695529193853	62.2037000516109	58.8596615161782	58.0858106417368	59.2616969880907	61.4986780325809	59.8892105296067	57.3062117518841	60.4298472815498	58.5873843261682	56.2464393761179	59.9391862304854	57.7780555193306	62.0674116053400	55.5591836332783	56.6489762660643	68.4560498127656	68.1641504068222	70.8291745510749	68.3655022394437	67.5220930141487	68.9356433476912	70.7159675813837	69.8281410608289	70.8063644985103	69.0544149794957	67.7527497206191	72.0316854671087	67.7494690612827	66.2102916431961	68.0532306122233	67.8452737943099	68.5792405005794	66.5756140898854	70.6267492250924	68.1884760501974	68.9380567698394	68.7093097759012	69.5625437340213	70.5473607205195	70.6595101014909	70.7085655300532	69.6480460396109	65.7686430391130	67.7422614020568	67.1907462411332	66.4720326459396	68.7513005577628	69.3312589195188	70.6785239469933	66.6135642999624	71.2057433387006	68.5725083222043	68.6495951386536	68.5452078201407	65.5452197054928	67.4428001392822	67.1905296431868	69.5470333992488	68.6490175518707	69.3183167110846	68.5962156367862	71.0024242165041	66.3710016922168	71.2553221322128	64.8981187371395	70.0808446894765	70.2591997530099	70.8454318894400	67.2102230720271	67.3841604954070	70.3406894977511	67.9421531990005	67.4653285895296	68.8783043992360	70.3409701342866	68.1564877246170	69.2907234408813	70.0815409224002	67.7183428954730	67.3263833048721	69.5746272311544	71.2242409728447	65.8604887081938	71.7151006961578	69.0431501655535	68.6262447043386	66.2604666893317	67.4020207963915	68.6400016646485	71.5816452055288	70.5031680495104	66.4818056083629	67.2081286138765	70.2976125910578	66.0816994420184	70.1006935930889	67.3516017607507	66.9914906551323	66.4186473430968	68.4288315241052	70.5782784035087	68.8629742818771	67.3913356850075	72.0957890567780	69.3337314497998	70.4584153176160	69.2439822769862	67.7291159280996	70.9304791752622	68.8646451236904	68.1326510330391	67.7627792943573	67.5479930496814	67.5592192048181	68.0130004373677	69.8834418685950	70.3181298491469	68.2339607343345	65.9876762313799	79.2502476244414	78.0592337738459	78.0955875219035	75.1328707502223	78.6725197525818	77.1951621043371	77.3461944192059	78.4613299548443	79.4137081753309	76.6391493065122	75.5936684852906	80.2477081884048	77.6664480510451	79.1517575912761	79.4562324235367	78.8215206424212	78.5165153334882	75.2578027072554	81.1211948297711	81.2061237299417	79.1508544452355	81.5435422439981	79.6087024295099	80.3713672738514	81.6291931487177	80.6248195892746	78.6222870418770	78.9314670247930	81.5013851778161	79.2535039111185	80.4094229162875	75.7852284492514	79.6656893847916	79.3698721030026	79.0486607135656	81.7109127707149	79.1321918963990	77.3049653753173	78.3708364956297	76.9102982612978	77.8107028844984	77.7694484929524	79.2558500810953	76.5364853913273	81.9855351233451	77.3486357830855	79.4683051588122	77.7376219583697	82.2959628922536	75.8644992986908	76.5022204817806	80.7595489656310	76.1335077827517	79.0493912451477	76.2159952635730	80.6574506411399	79.7952967627971	77.4725967493178	81.1891886704015	79.4610593164116	76.7957183927446	77.2437713036540	79.1604835061483	78.1061899983654	76.8653767144610	80.7929278252982	82.4021005452382	77.1186264205417	82.3222514431665	77.9594264080233	80.2539684478593	79.1690396425620	79.8795319852516	79.2450018008364	81.0555638894724	77.3701607652667	77.1201598772324	77.0324298602867	76.1764108403249	78.5156294162519	78.2975693300783	77.5523301137770	76.7540471540939	78.0590788969768	81.8679490180557	81.4763794259495	79.4416271135043	80.5323295331895	80.4979375788596	77.3351111743409	77.8042378344510	79.9501900526095	76.1555505044003	80.2943329586333	82.2533499346889	77.1505947787455	79.7538439609561	77.9393224644016	75.3499359716457	79.7580349731048	78.3058865997132	78.6946175386155	78.0752211685385	80.7616898696019	85.7756799854926	88.6541581600643	90.6879180946640	84.9086986093987	89.1669164993483	89.6946443854262	91.0706365275212	88.6122276995752	87.9420135906691	88.6776981366293	86.4056255821656	92.1838650901867	90.1461233064364	90.2742840298861	88.2457961148895	89.6409087536535	89.1292384792242	86.4619847625359	90.3883930733365	89.2958835004415	90.8555453164155	88.8676325525672	88.0959625171371	90.4051749905669	88.2583399590945	91.5574912342253	89.6226000144241	90.2689200070412	90.7374251356104	87.1142805388524	89.3238312331220	86.3010071734231	90.9353684266819	89.3760219540509	87.0797698815912	88.4444536314943	87.2354407433807	86.3383285531097	87.3709301678990	87.8666257436206	88.0787966449586	88.1056456042660	88.9765443460065	84.9265420989088	92.3600617498744	88.5034864930311	89.7455444489304	89.2357151536056	89.6949076213259	87.0943561515581	90.4137805314156	92.1659004959440	88.8893206246835	89.2350570627198	88.6292615173014	88.0342192555167	86.2192168975105	89.3924479206035	92.1689882247840	91.3368626508220	89.2335488109750	89.1364422313789	90.8405414506588	87.9200002202043	87.4806276067415	88.9614865145209	88.0222292165415	90.0796505759878	89.7803105687239	91.8547049947549	88.2493984541992	89.6402041094623	88.1658484097595	87.8361716774643	91.7817314725092	88.4029034085352	86.5574252955522	89.5400713236979	86.6435026506160	89.6016115193128	86.8844179770639	91.2307490991856	88.5505456731173	86.7216509859120	87.1761215859912	92.7975331642574	89.7337063004873	88.1483913111821	88.3932570192853	89.4685267265728	86.6962207888450	87.7469951387355	87.8822900328610	90.1020267895585	89.2913919894549	88.1316935585815	86.8609971006754	85.9031086102670	89.3623485923252	87.5442300048514	89.4430152506314	92.0872656802799	87.5319333201291	87.9333219786338	99.5851328251994	98.5522730354972	97.1578992782361	95.6986453514998	100.708553060521	96.4311814959456	100.804318211243	99.6586315010296	99.4580665200696	98.0217367530019	96.7324904224921	100.555046515442	100.392281734327	96.1519606437137	101.152216264602	96.7279298085436	98.2230364257229	98.4933491149176	99.9530154827916	97.7739986260138	98.3813639142908	102.233096422957	101.371475150639	98.4571087632604	101.416310130994	98.3309959537159	96.8687640124080	96.4484891249482	100.365763264212	98.4729470015117	96.8108461530095	96.6363612095893	97.0592649302382	98.3829267379055	99.1941534820575	99.0364731049004	96.0093265787384	99.5932999181587	99.1893241418069	95.5412109216151	98.9017024266024	99.1583962177125	99.4264696941542	98.6234235391154	101.634924485906	99.5651547892684	101.454810951072	99.3912076857326	99.3239877659310	99.8365884189558	96.1599917882031	101.163981122800	100.426251696579	97.3365026362811	95.3264872042519	102.769079341843	98.2733926391968	96.0387087367414	99.2448955541236	101.904866692144	97.9930930224548	99.2287476943097	100.264496116965	101.481151443069	100.033624883391	100.900029410095	102.229603833302	98.6540909479011	102.560543658976	102.702402468576	97.7445385263205	98.2055129789711	97.2190237839003	96.5052646653035	101.162567596405	97.1368117718820	97.1420941171894	95.7500823311938	98.5732972869237	97.4266176801358	98.2677937549995	101.551730947009	96.7764437318059	97.6447716811882	98.6720913678401	100.351500316277	96.9637253007483	100.957597873841	102.292718174354	98.3817004931510	98.1232223146249	97.6973965497904	99.9621198491824	100.272343080021	102.071748212723	100.035866742974	96.7635810104126	96.7829514761371	95.1641686016265	96.8541884815853	99.2011856985689	99.1220263202902	96.1015035198904	99.1164903396434	108.224013021890	107.122238080534	110.342845624460	109.166586236408	108.001951718325	107.623093448994	108.935415802351	112.254479282480	106.202618104647	110.486434440994	106.455322705602	109.590547171231	110.188368753873	107.087689293101	109.681150110316	107.047963896211	107.891738902765	106.920739840930	108.770554081506	111.445322835918	112.334300019199	109.641016509621	108.283614641365	109.469330313290	109.280139641755	109.299469037200	107.564353709278	110.481822406587	107.742422431052	110.838218277975	110.398459528789	105.768767220958	106.750104528081	112.454809382947	111.198339540315	112.479690012404	105.923861027701	110.194651552172	105.739523685866	108.137690249789	106.251466853797	107.318956354901	108.083285477049	105.192596187376	108.781352316824	106.458177157047	108.598935546454	109.805957004855	111.117299682282	109.572352755686	109.402623026614	107.733696122797	106.448927128568	109.979777313283	105.194511439236	112.189216867431	107.719983076383	109.882001552756	107.627810220776	109.315926742875	109.996841523420	107.313071060946	111.230151644100	107.960846613206	110.693133072616	109.352130617190	108.969557663824	109.947157765487	110.021039939148	108.120337688889	106.931908564633	110.227475367997	109.824351943230	107.397501950257	107.665605565840	108.245503363652	107.089246995880	106.802389931595	107.683099494259	105.625605646712	107.872292069900	108.402115251734	105.841105793803	107.987525729685	107.944602204598	108.732201380623	107.905934755289	106.916933284677	111.833096488954	110.308722114613	105.963556124621	107.797106624524	110.116137220003	111.329407786156	108.063271030971	106.810025538643	110.091494668245	109.020819547438	105.804138206023	110.117300382581	109.109159279177	112.286512015988	106.281023177540	108.933916034850


objFunctionValue:   673.818206603656



