Dataset 27


dvh_array = np.array([
    [ 7.63, 3.03, 20.71,  2.91, 12.86, 12.42,  3.27,  3.17, 0.00, 0.00, 0.00, 0.0453, 26.32],  # Rectum
    [ 4.88, 0.52,  5.82,  4.09,  5.75,  5.65,  4.17,  4.13, 0.00, 0.00, 0.00, 0.0000,  0.00],  # Penile bulb
    [ 4.84, 2.97, 19.91,  1.86, 13.62, 12.04,  2.28,  2.14, 0.00, 0.00, 0.00, 0.0000,  0.00],  # Lymph Nodes
    [ 1.11, 0.80,  4.14,  0.23,  3.33,  2.83,  0.36,  0.31, 0.00, 0.00, 0.00, 0.0000,  0.00],  # Rt femoral head
    [13.71, 1.25, 18.40,  7.61, 15.99, 15.10, 11.15,  9.42, 0.00, 0.00, 0.00, 0.0453, 26.32],  # prostate bed
    [12.33, 2.07, 20.53,  5.54, 15.57, 14.70,  8.09,  6.86, 0.00, 0.00, 0.00, 0.0000,  0.00],  # PTV_68
    [ 5.09, 3.80, 62.27,  1.45, 15.06, 13.27,  1.89,  1.75, 0.02, 0.01, 0.01, 0.0000,  0.00],  # PTV_56
    [ 5.69, 3.94, 26.38,  1.01, 14.30, 13.60,  1.49,  1.27, 0.00, 0.00, 0.00, 0.0000,  0.00],  # Bladder
    [ 1.17, 2.63,185.01,  0.00,  9.53,  4.88,  0.00,  0.00, 0.04, 0.02, 0.01, 0.0000,  0.00],  # BODY
    [ 0.99, 0.60,  3.27,  0.09,  2.61,  2.28,  0.32,  0.26, 0.00, 0.00, 0.00, 0.0000,  0.00],  # Lt femoral head
])



templateX:  -52.1060091181442	-51.5836537714278	-49.8904649937787	-50.2645549648451	-51.6987879634814	-50.0896632747117	-50.8118815022072	-52.5410000837531	-45.3187063529604	-47.8544718390242	-44.6312291881367	-47.0982136854033	-45.6245545229177	-45.6760879635595	-45.7151279489813	-47.3033265516471	-39.4850152237347	-40.4855659878656	-41.9387653969926	-42.2319791781988	-41.0975725932855	-39.7116247262733	-40.0466110001225	-40.5201122723929	-34.9207843502715	-35.2623818160285	-35.5862669096635	-36.7440297699683	-36.2409873204464	-37.7068402473749	-37.0285706374022	-35.3054779129116	-32.6093053605418	-30.9414509280350	-29.5508639580603	-29.5974790950877	-31.6113873397935	-32.3376498344548	-32.5840289047889	-30.0582693805028	-25.5159982857412	-26.3099635161116	-25.8899221562562	-24.7173802491956	-24.7361294691541	-27.4668656688010	-27.5794086454016	-26.9368081401134	-21.0819043022724	-21.6715440386503	-20.7339978229073	-19.8418131556041	-22.8606795322279	-19.5265612440979	-19.9453679813365	-22.5760604331779	-14.7970779638225	-16.1179861106531	-14.6791979212678	-17.2101442965550	-15.3824843006422	-15.5387791221068	-15.5188404445358	-17.7697619888606	-10.0669028962192	-11.7366092309613	-12.7422674351759	-12.6248143114139	-10.7484295767737	-11.5013623350707	-9.53564566422952	-9.45807194057157	-6.74177019821476	-7.59131203050297	-5.22894961807378	-6.49276667694133	-7.89206982875476	-4.97620561343375	-6.86482558038188	-6.43063306109570	-2.38111362734063	-2.34418657363116	-0.777920593667045	-0.918476903388439	-2.27571948901335	-0.434248122992951	-2.14301512948356	-2.04713559836885	3.45108079972986	4.98370465589993	4.99043391797600	3.51686504086014	3.75448517123891	3.72228981950151	2.51408431535780	4.66297644266704	8.95424356406347	9.66307261357090	8.03169471451189	8.07293985872064	9.34487850133882	10.1199613799200	8.79088861836333	7.73733332310590


templateY:  -395.259606211751	-385.976084612350	-376.325224635572	-367.574003736768	-355.808644140873	-345.506989376365	-335.183661935488	-324.991943969990	-391.119997646643	-381.770125113391	-370.287221534990	-362.536623733489	-352.152567303394	-339.633210105126	-331.052921389127	-322.008607518312	-396.408436495459	-386.466117431340	-377.116459669019	-365.647784127904	-356.908757398025	-345.433436268497	-336.804008770473	-325.151674187628	-390.009005848198	-381.471937061100	-370.706608329603	-362.097700019143	-351.989311520670	-340.752964360381	-330.986573029234	-320.884259904588	-397.094285765546	-387.193698017116	-376.063941924283	-366.994171771409	-355.771868099894	-347.632342320178	-335.663203443581	-327.399350827143	-391.293598313234	-381.911935167435	-372.010322332588	-359.892022443982	-350.809487118086	-340.937541772301	-332.160442695585	-319.922423781890	-395.754132088347	-385.143313231961	-377.288053834177	-367.514603611160	-356.004546445343	-344.974764009298	-335.996994281664	-325.262932150147	-392.370446479343	-382.364819594289	-369.624556459497	-360.595090996070	-349.761880763683	-341.034486452766	-331.454189010923	-319.982009537686	-396.861943274648	-387.286108218220	-376.245197698913	-365.744524668080	-357.798800467309	-344.737115050678	-337.495182323596	-326.306420729239	-392.310975877396	-379.918603949903	-370.777419194888	-361.687182360242	-351.868811178956	-341.106209811446	-331.189309223792	-319.873962427572	-396.801704691756	-384.432214419221	-376.011755161658	-366.148285194418	-355.335742624381	-347.231866960844	-334.773567751184	-325.493914945250	-392.454806914517	-380.553585291067	-370.037496661988	-360.850545443210	-350.883766883724	-341.968757590752	-329.795376038514	-320.253549173186	-396.997839546952	-387.340878149849	-375.970944188959	-364.968548346950	-357.068659242309	-347.554697508702	-337.083700627909	-324.410390337616


templateZ:  57.2742259264990	60.5360623642059	58.5294428508513	58.5479176142674	59.7080774679308	57.9840835044696	57.9722982268292	59.2941605832987	60.2188642767572	57.9556418462669	58.2913770916772	59.1988938064775	57.3779828153368	59.6366623423607	58.4445070361847	60.3407909148660	59.3170077429893	58.9051823242570	59.5025182898414	57.3976913730686	57.3473597169524	57.6533092089294	59.1463824487155	58.8752210403272	57.6865865790640	57.7328052052875	57.7170154206134	58.4393946347717	58.1855257946600	58.6379087391565	60.2230821597651	58.4199889792957	57.3867273665217	59.4912832392752	60.4593298125862	58.8317875741509	57.5813274578580	59.8577012222069	58.3379823396151	58.4303810790979	57.7406313975172	57.5792468049811	58.7147614202119	60.2949184365300	58.4656579561088	60.4377773511386	60.4570480110320	60.5757095826235	58.8629458368699	57.2246912273231	60.1098880387488	57.1298834700850	59.7689896957327	58.0417898682431	60.2090668887414	58.7198575481410	58.3476672398292	59.5524447963987	60.1408453683452	59.4415066338411	59.3108819101663	58.7567269982129	57.4293609508587	59.5211430257608	57.7085247293288	60.0424231958360	59.0063131982374	59.5290848542022	59.7160998207285	59.0326916004467	59.1295538329664	58.5328088193409	58.3423493829536	57.7877700244197	59.8595518765900	59.4052398410941	58.7753476018424	59.3146894221832	57.1330181260577	59.9770291527095	59.1464342503562	60.4823695989863	60.4655053705923	59.5674628241600	59.8691486838126	58.9337065722936	60.3951513621102	59.5424794753089	59.6607149834630	57.8101852387179	58.6396412307440	60.5941168987399	58.3996133356691	58.2667417820165	60.2010428332439	60.0884774737627	59.2325314639331	58.7219843557349	57.8286570974600	60.3740942574965	57.1805824707207	57.7643567032024	60.5846639197832	59.8970429335989


seedPosX:   -52.8333861470848	-50.4978300405624	-50.7609756409967	-49.3850465342822	-51.6884056501982	-50.8667889898037	-51.1204811285523	-53.4964459663721	-45.8024532580292	-49.0226152933664	-45.0623311437505	-46.3922226999519	-44.8730659493573	-46.1326464043420	-44.6555853026873	-47.0553495879252	-40.3890151338279	-41.5532674787364	-43.0246646594991	-41.6242950521573	-41.2303402210239	-40.2316950776540	-41.0224774986241	-41.1669696490466	-35.9105971003765	-35.8827953475386	-34.9918664135017	-36.4904468699181	-36.9480336069009	-37.2068132771603	-35.9130903490140	-34.8683777728035	-33.4306167648160	-32.1023649526030	-30.2199965148687	-30.4664234069361	-31.0199556961641	-31.9314538518862	-33.1261525360807	-29.5201788414914	-25.2577386048539	-27.4208352035317	-26.2215986511547	-24.2975052111652	-25.3407116717625	-27.7638446630905	-27.0209159020867	-26.8989850349555	-20.5643564736627	-22.0113534711514	-20.4084422581784	-19.2904844232181	-21.9989447648305	-18.8079528255498	-19.0390086527566	-22.5945058098984	-15.8238270518606	-15.6362802006068	-13.7650210112599	-17.2119589599204	-16.4149004267924	-14.7672910413571	-15.8733142424666	-18.4974355027204	-9.90993597649854	-11.1395580556593	-13.4308991777364	-13.2641912800745	-11.4927570657570	-12.3746473502382	-9.14612066662331	-9.83176812137951	-5.80135480797093	-6.63120168131196	-4.01351998793785	-5.59049134524451	-8.37354746990783	-4.11403618482806	-7.72369244955419	-5.75245425735345	-2.39158593261225	-1.82768844081548	-1.34775795498923	-1.92187788755855	-2.32465539041257	-1.22134890393646	-0.924576695503437	-1.79540211088631	2.86826346164807	3.83079989938495	4.26532181898200	4.04040088337957	3.14731050991483	3.25843500303047	2.72430172213308	3.53135451082300	8.54253829649971	9.79635402327616	7.35110552708372	8.13171734627751	8.56094988306923	11.0394968973914	8.94529108258950	8.04446637553271	-51.9951490896261	-50.7391038888060	-50.7532325569498	-49.8165244435945	-52.5498533699292	-50.8494457917098	-51.3675287530441	-52.9476775487815	-45.4611618345951	-47.8305660405619	-44.7132632181447	-46.9898056416502	-46.8364872135667	-45.0366649727657	-46.4463332726589	-47.1869783676249	-39.5664771105934	-40.3529223764584	-41.7178679101663	-42.8841945547079	-41.3410109006259	-40.8864128132337	-39.6514548454408	-41.6599423416951	-33.9709577269354	-34.4409409420992	-35.8900790241495	-36.7341330304842	-36.6157791416043	-38.3190485614477	-36.6913040435248	-34.2695997193253	-31.5594278287644	-31.9433557832334	-30.5707784774680	-28.3927413867464	-31.5966365384491	-32.3553505905985	-33.8279262323540	-30.1275072008419	-25.2999258380681	-27.3904807471725	-25.4819655040341	-25.4732738619747	-24.3529810208435	-26.9290343665772	-27.7792267047253	-27.3993594617570	-21.8937442775525	-21.1030579100092	-20.6547866558906	-19.7880769969277	-23.9583697862620	-20.2348910012629	-19.1304679028097	-23.2721238459043	-15.2678238624004	-16.5581517951279	-15.1903108054991	-16.3028630927937	-14.7699587825594	-16.4730174245364	-14.6832388185712	-18.5098495711861	-9.43124238827932	-11.1651106056939	-12.8694485729722	-11.5549613988036	-10.0697986373848	-10.9046582333408	-9.47044752463527	-8.38025657116236	-6.61625127408429	-8.07801596994437	-5.81572884849650	-5.26921213440094	-6.95565289254129	-4.49383811950601	-6.81372878599208	-5.88897993946727	-3.37923359327901	-1.82722060446425	-1.80892712042436	-1.00060342219843	-3.43788426940971	-0.555190333949736	-2.42525471758967	-2.41963205462817	3.92584945570404	3.81151685876383	5.12660186771834	4.56284856844115	3.10087188463001	2.88752825893476	1.48462022909456	4.01503412602511	9.23793485171945	8.63181100254437	8.65641614475585	7.96836155879629	8.56256579430930	8.92081031212977	9.17791700411923	8.86600235189949	-51.9858678899005	-50.8370192279176	-49.2056732021907	-49.5784169603836	-50.9184667321119	-48.9881891162885	-50.2433742465574	-53.6324683157403	-45.4244044418954	-48.4158461065170	-44.9773886628056	-48.1163174682820	-45.2860102332156	-45.2848821471357	-44.7441728349973	-46.7608266634902	-40.0228700512436	-39.6522412625712	-42.1331248007233	-41.4166123518675	-40.8519616072174	-40.5581827459642	-40.9004950982190	-41.6897051204110	-35.7795394217212	-36.5032948849632	-36.8241730030229	-37.3057987428964	-36.9152577477636	-38.3919514585470	-38.0660385838715	-34.4011922988149	-32.0356330050266	-31.7659861888798	-28.8006068024660	-28.6774508297884	-32.1971188043093	-31.2369191867498	-32.4106380733206	-30.0134729123357	-25.0813361226609	-27.1438382312628	-26.9420678349974	-23.5256666275349	-24.6159074622166	-26.9219283784299	-28.1419494531875	-26.5076989161848	-21.6132696204608	-21.4395707520951	-20.1351690966705	-19.1425879648655	-21.6740899151213	-18.2915026650117	-19.3604112450986	-21.9535296249953	-13.6603715160443	-16.9734710323042	-15.3667376137695	-16.2760079566738	-15.7035287736417	-16.1982735152355	-14.3003796493959	-17.1196569569976	-9.80600011851617	-11.0942957712845	-11.8775931744176	-13.0551131597923	-11.7777075199185	-10.6716771941001	-8.97942014928626	-9.55279868867171	-7.75220875108641	-8.20010033484195	-5.39520551524416	-6.81980143591964	-7.35068890211606	-3.76532800097210	-6.73904982875898	-7.39939780893314	-3.45995960785216	-1.92945350476542	-0.249088768532976	0.203132701311842	-2.80540341595493	-0.904125799448791	-1.00690393788978	-3.13904347077563	4.18569390142789	5.86488919835509	5.55416521555538	4.70609314614364	2.59007515648104	4.04891666911347	3.49416446055727	5.12820788271476	9.53321849800466	9.18940581404324	8.22670795245589	8.39634148917459	8.99211485930182	9.25361225082262	8.04517386651406	7.65057764177586	-53.3228303343050	-50.5490351327561	-50.0455899165288	-49.6214507057876	-51.1519589879542	-49.7630144214021	-51.7920040408124	-51.4651104755948	-45.4207870294190	-47.3846638159704	-44.4550953821219	-47.0201069437980	-46.0131525355606	-45.8983129230363	-46.6614506359634	-46.6665211757043	-40.2682322760249	-39.6898067768060	-41.0030554698885	-43.1293473434762	-41.6743519469016	-38.6130292744588	-39.1008445911100	-39.4646067720068	-35.8658137474467	-35.2592782783958	-34.8405129359433	-37.8106106866350	-35.7462503405962	-38.0066415695423	-37.5027463173802	-34.1860285783089	-31.8141835086977	-31.4800228078708	-30.4161332864256	-30.1659158992430	-31.2830109329579	-32.2529202756776	-32.2131399391287	-31.1886195409758	-26.6693307853444	-26.5884860156626	-26.4224121588348	-24.4671338510341	-24.2385633383737	-27.1198606238699	-26.8375378167666	-25.8187578245523	-20.4842157660370	-21.9755134479444	-21.4677977374755	-18.7109531965747	-21.9156986552496	-18.9241994953017	-20.2649799503524	-22.0168435686527	-14.5123198462207	-16.7871844218917	-15.7088188191197	-16.5250024871436	-15.5425549751915	-15.7949327191010	-14.8083563774933	-16.7806911581851	-10.0994608558095	-11.5576170981594	-12.3854705737816	-12.0188680449189	-11.4569491115886	-12.1900338267705	-9.40700610789585	-8.86915662167376	-6.82262679193206	-7.77572137979467	-5.90495401134245	-7.68893949339864	-8.00156482484962	-4.26948890468061	-6.02456633827744	-6.44933331281770	-2.80311851319069	-2.27449447092618	-1.57624863435097	-0.844666642503841	-2.95575916130544	-0.555676757755236	-2.13095948526582	-1.02569923501696	4.14022946680237	4.48376240464391	4.93186812890548	2.41910594469496	3.30227855248337	4.10486463797286	1.58442126608760	3.64246954706446	7.89937067265630	10.8366352469528	9.07425591046765	8.45353505621665	9.22247920445651	10.2425598931608	8.86214451845817	7.64288673573515	-53.1307421739755	-52.2729835196898	-51.0017262188746	-49.6453601639468	-51.5257711846996	-50.6072500844464	-51.1965260623689	-53.4468519891156	-45.3427400655441	-47.5870041049148	-45.3883365032077	-47.2828962985413	-45.5732367593633	-45.8082630467723	-44.6644449881016	-46.5506722289172	-40.1488347583198	-40.4356367701410	-41.4335228485906	-42.2856913604171	-40.1557022801016	-39.8696650630820	-39.2227494091796	-40.8698457400082	-35.3362540823807	-35.1076851324326	-34.5479422921695	-37.3857612071977	-36.0265669698949	-38.3838122842501	-35.9585488050292	-34.4056505440183	-32.4768198468257	-30.3200248873021	-29.5390880017358	-29.5893020084005	-30.7305003610234	-31.6182956402875	-31.8890917836845	-30.1573211071132	-25.6648032953842	-25.6503915115196	-27.1056942896204	-25.7630024482042	-24.9014148585088	-27.3002476705909	-27.9390306588502	-25.7749262495942	-21.7813183866312	-22.3603306514472	-19.8150938579484	-19.4497633085796	-22.3148264319725	-18.3317329366321	-21.0310042843976	-23.0093817574157	-15.4140013543335	-17.2947441486240	-14.1044692911893	-16.4168616476196	-14.2914951570087	-14.7375244994434	-14.5393951031237	-17.0480075499241	-9.50948079336414	-11.1311755814305	-13.3483748167498	-12.8554574785289	-9.84669751417832	-10.8953998580021	-9.60872637349875	-10.1852280659343	-6.46321887959314	-8.64140371051588	-4.54781382493922	-7.71466779775058	-9.00427480367893	-3.89230064021908	-7.77353508231269	-5.52287730925179	-2.24048147694949	-2.10658627918666	-0.133841908857871	-0.629989556130961	-2.58873275966495	-0.215738615671827	-1.80891305858997	-3.12243748541072	4.45143200533438	5.41014082217544	5.12072683987690	3.47595450229332	3.44291886428296	3.06468507546484	1.45522482283766	3.72579456250311	9.75664570819176	8.63091212731016	7.74145029374908	8.94736623705949	8.16580756911294	11.2094024059246	7.96723480135268	8.21749030512167	-51.3637693868142	-50.9172449718591	-48.7327548416092	-50.6327913274549	-50.4930812134156	-48.8924385037389	-51.0607086503040	-52.5837404581147	-46.5030222644792	-48.0585606083768	-45.7222776300688	-46.3953707160019	-46.1778885285455	-46.1105062045166	-45.9424691107463	-46.7924524818801	-39.8594307762009	-40.5872993756163	-42.6632582330627	-42.4770380730364	-41.4140499394183	-40.6669550725873	-40.3954889083697	-39.9552014351432	-34.0846859731878	-35.3394486257078	-36.4558712137111	-37.2458505172776	-35.0867544855217	-37.1217532769741	-37.7892675394631	-34.6105276391474	-33.7173157662068	-32.0806871501060	-29.5496243845017	-29.5299851696241	-31.3392142479173	-31.8530054956718	-33.3335679484398	-29.4867217158192	-25.2030997205237	-26.5247462270595	-26.7804062258640	-23.7495754607902	-25.2664947610400	-26.6814926880416	-26.8752906517721	-26.0468805533991	-21.4654873357870	-20.7662073534795	-21.8111672762770	-19.4964437603675	-23.2543528493860	-19.7863413619617	-20.2295968230917	-22.8468476450591	-15.2696253849137	-15.1505241385271	-14.4231221048999	-16.3150216019551	-14.8158509883737	-14.5405565989799	-14.9977263428734	-17.3128578424869	-9.39149161685181	-12.1314288397156	-12.5826723438414	-13.0139105191705	-11.9091844157310	-10.7894164417841	-10.5521749754490	-9.38491106235754	-7.95366793489857	-8.14127133184997	-4.94849726094461	-6.71456129214087	-8.85632728172305	-5.87150720922675	-7.32539138715478	-6.84037618605506	-2.25465109029247	-2.69184999454493	-0.146704132333128	-0.825452675143500	-2.68358193643038	-0.247676532300487	-2.66105542198523	-1.37679193392352	4.68635732746177	6.19944509023874	4.08567919260859	4.70560224807289	3.52163303676599	4.00076245775916	1.45057313411843	5.04770210459487	9.36277430240107	9.06388976693144	8.42415452572370	7.65490986279714	9.21236899349335	9.36979289036997	9.03556261765119	7.54356245328027


seedPosY:   -394.394214116971	-386.957254116239	-376.216144284954	-367.659468412498	-354.567243543957	-346.068567467296	-336.322018811920	-325.011794541995	-391.819488671996	-382.979206594201	-370.295611409306	-362.956079513442	-351.210472099955	-339.142372403495	-330.079039298482	-322.966063696585	-396.785161002864	-386.479560823703	-376.552874484716	-365.839075947741	-356.665303160137	-345.023565850527	-337.783607958161	-325.476925370967	-390.818920001692	-380.493635077292	-370.753656570342	-363.310732859530	-352.308161322574	-340.633816062484	-329.858159754769	-320.834164469677	-398.267178404430	-386.230976490857	-377.192825440243	-367.347632395045	-354.956635222974	-347.106433894545	-335.553394651501	-326.340954293961	-391.498063915776	-380.774863496969	-372.964822896225	-360.646444644363	-351.176911777269	-340.968457942072	-331.248528319293	-318.834370671055	-395.807154738826	-384.811137826527	-376.296206944455	-367.927855323332	-355.969033431557	-345.205778619482	-335.532673426336	-324.680531615298	-393.274295134512	-381.817036934134	-370.064585473509	-360.181131361880	-349.084625495568	-341.082313754833	-330.357374468160	-320.989218510446	-397.693291880510	-386.148674364881	-376.779561289284	-365.786578570639	-358.232864403096	-344.832813197864	-338.552791933033	-327.024619480233	-392.176201543638	-380.279655799498	-369.973728372680	-362.513297374439	-351.262493584157	-339.886317514467	-330.261423279916	-319.366957841122	-397.489186288932	-385.387748539909	-376.111131829530	-366.587789231326	-355.945630039301	-346.896021281012	-333.945041227211	-326.235223636459	-392.321613944066	-379.378772487608	-370.114449536807	-361.097476395757	-351.469595343211	-340.801571572228	-330.606730716479	-320.694974706189	-397.086705787566	-386.430404984047	-375.871536781212	-365.766269196816	-355.834071219501	-347.194081529274	-338.078128504547	-325.062068182628	-394.317024835266	-386.073840384604	-376.526480673954	-367.962497696525	-355.969154783023	-344.606170683524	-334.698711087094	-324.606726979555	-390.534249988986	-381.243724717236	-370.418151135399	-363.546935425873	-351.919471520401	-340.461141037181	-330.062790402098	-321.241362413324	-397.543641067848	-386.143420090846	-377.633903300436	-365.730022527178	-355.858066392921	-344.832213491422	-336.323112215058	-325.807195100748	-390.652310779935	-381.728306628977	-371.547825214028	-362.984431232209	-353.231738739011	-340.847101256644	-331.159203446459	-320.301405538184	-396.782944994398	-386.579047129883	-376.225609045515	-366.012159741237	-355.456621227722	-348.054984447463	-334.814030072720	-326.273596327715	-391.890127360311	-382.960110370168	-371.316639245639	-360.078501310108	-349.686095426039	-341.309177523114	-332.966010925419	-320.801607609036	-396.147767435168	-385.613415980436	-377.858195672936	-366.335788170469	-356.629775740056	-345.526801681120	-336.407680607054	-326.097631478569	-392.728219861630	-382.919772316432	-369.919547511374	-360.084822280260	-350.415175873860	-341.524474453889	-331.527561725161	-319.830043446233	-396.315242458217	-386.655813981377	-376.939039381712	-364.512878390370	-357.410950154375	-344.808377933405	-337.868634824222	-326.393513946213	-393.544140813888	-379.796695739379	-370.473115322753	-360.718927834418	-351.233191241431	-340.657417303833	-331.370694964118	-320.274395270092	-395.552908902157	-384.385002519031	-374.985482037535	-366.026355050809	-356.279145881920	-348.039263293204	-335.504764176755	-324.582804341809	-391.924303490898	-380.339161112813	-368.886050497838	-360.204001701546	-350.368879946334	-342.311356750951	-330.510452058006	-320.890877536490	-398.008041898998	-388.092391347902	-375.383016014744	-364.093168448268	-355.945863389604	-348.484639896630	-336.156712181008	-323.268020472162	-396.223808338500	-385.294223729031	-375.818641132256	-368.814351030472	-356.932814893594	-346.370466161763	-336.046931840039	-325.279714676666	-392.119181548460	-381.221037603128	-370.573330507805	-361.382726349729	-351.406394507020	-338.744604897257	-331.549675528162	-322.449985675510	-397.054933276112	-386.388926506169	-377.332610070803	-365.093914438764	-357.371464565463	-346.474196010100	-336.106759069778	-324.252679273684	-390.368299658415	-380.546655420769	-369.960881944287	-363.251730157714	-351.640339219256	-341.725167436769	-330.819175811442	-321.818095204511	-397.872527087589	-388.029166264863	-376.156770399460	-367.488371928778	-356.461591152034	-346.752330238914	-336.825113243632	-326.197079168444	-390.417231855891	-382.215717088936	-370.922819762757	-359.300074952474	-350.130523609908	-341.429708932114	-332.970125236113	-320.768191088352	-395.898665342247	-386.142702008410	-378.214100362036	-366.687332811515	-356.570484062417	-343.789851586413	-335.566438936318	-324.897355405326	-393.239559818121	-381.374737575179	-368.728440626340	-361.756944796379	-350.919107138331	-341.201911687053	-332.260912838807	-319.895437798796	-397.713520917889	-386.312117194517	-376.740272119805	-366.606879178228	-358.770989410199	-344.343464787671	-337.145211226216	-327.059041262846	-392.750210417524	-380.655765911214	-370.068311450612	-362.465801273179	-351.037596508122	-340.328111750460	-332.417848519150	-321.021753798664	-397.632382536284	-383.583036963933	-375.758824279730	-365.518663582919	-355.352410165826	-348.144671601844	-334.122645248057	-325.632180525346	-391.425173683564	-381.432190467254	-370.768360119423	-359.862439219859	-350.171007817559	-341.822563603175	-329.709228352572	-319.119467861188	-397.404353100633	-388.076024158698	-375.200068730233	-365.149429633368	-356.027185878604	-347.993656372062	-336.223410086791	-323.261390492721	-396.185840527110	-386.744605658471	-376.755956312638	-368.341670657692	-356.513597411246	-345.378957128788	-334.813878717569	-324.963780139964	-391.957153750357	-382.062429355299	-370.982282194808	-363.327210786108	-350.944403632023	-339.175905104576	-331.038955252884	-322.572658529259	-395.298870119115	-386.872191179487	-376.521907188648	-366.355637370414	-355.687843588492	-345.386670766496	-337.512702440604	-324.149238796040	-389.625502794867	-380.464306336442	-371.567772316591	-362.974226271446	-351.370438071520	-340.641263974858	-331.250216400902	-320.594165650219	-396.946622287275	-386.417048059957	-375.124377584866	-365.793565979948	-356.511318490903	-346.897721237871	-335.032187212763	-328.071034396940	-392.286053259991	-383.097063158077	-371.014837540027	-361.000424383172	-351.714467388994	-340.439689431531	-331.793056782688	-318.976540725138	-396.004529364126	-385.594839153536	-376.648578479597	-367.709941764139	-356.943257524155	-345.521997747796	-334.785936264877	-324.047437071719	-393.046425176675	-382.714046120669	-370.450376013792	-360.709459100978	-350.969579493626	-340.545419822943	-330.987572255589	-320.216850158977	-395.828691143343	-386.739635308846	-376.018078627510	-365.041503584868	-356.646036850047	-344.547861635610	-337.116429429760	-326.662098731828	-391.090551663149	-379.402424783516	-371.827898860283	-360.449135772285	-351.485192547419	-341.140405412660	-331.580381708265	-320.539951420777	-397.138364445221	-383.302319415611	-376.865611482043	-365.010807172634	-354.557014917818	-346.697396496481	-334.374591840632	-325.569446217058	-393.227753795558	-381.127752652242	-368.812884885791	-361.839918172258	-350.238556393018	-342.199125808652	-328.885710218806	-319.690551791110	-397.561063499683	-386.454073029620	-374.748129603845	-365.514146936900	-358.132031235224	-348.286050200311	-336.191286514103	-325.184697100224	-395.479182160447	-384.947254886439	-376.316038893749	-367.893046558208	-356.276120990865	-346.586661228912	-333.965635854343	-324.648237915673	-390.921366189480	-382.306625860648	-370.446094866835	-361.952909264643	-352.935022828080	-340.185889083398	-329.895026073978	-321.189402016895	-396.212369423282	-385.659993200722	-376.908642834446	-365.964889353192	-357.692265079914	-345.622298594372	-336.411295594664	-325.388712572206	-390.138963474200	-381.303035746975	-370.260972347839	-360.942500570239	-350.995775636565	-340.930371729373	-330.695380425962	-321.239649658664	-396.970142404569	-386.925234049361	-377.042317262348	-366.739244261749	-357.008849762436	-347.146431242218	-336.247289956115	-326.573710330292	-392.388897776111	-380.814603303231	-373.135314267286	-360.117485053515	-351.630508030892	-339.803764038560	-332.168928661427	-318.722720623970	-394.807911086558	-385.205386755169	-376.272803897549	-366.559875836096	-356.655502937196	-345.562417435646	-336.330973160526	-325.714005642540	-393.488137655376	-383.022801302368	-369.053035543401	-360.171764677528	-349.537481536867	-340.681679018310	-330.802217445087	-320.261985302253	-397.284968134037	-388.078604112475	-377.187277117037	-365.494173618566	-358.886755193878	-344.610242441306	-337.541091821393	-325.890964448963	-391.109139695244	-379.637288210821	-371.326376212719	-362.640925726469	-351.246464386984	-342.260838963239	-331.987174214084	-320.209380863019	-395.977416334856	-385.550087900654	-375.429006553495	-367.303057898430	-355.641129345248	-347.928374730335	-335.479797268305	-325.077147750936	-391.214913846084	-379.471271203718	-369.559015891590	-361.669838535304	-350.177766456998	-341.286298453194	-330.378262946188	-320.545352917812	-397.594565792532	-388.497432422140	-375.462862077860	-364.187896697012	-356.723067191227	-347.525212238455	-336.747153643585	-323.217807781308	-395.476236934005	-386.300345758361	-376.229446960257	-366.922730540059	-356.105154998461	-346.553972196215	-335.996439184995	-326.040667937784	-390.964454236736	-382.436350407796	-371.503292221692	-362.118896499976	-352.383395354687	-338.635828587619	-330.684528368877	-323.023379789832	-395.894966660727	-386.199128184918	-377.026943101545	-366.113393971536	-358.046223424812	-346.644745043173	-336.308447198042	-325.755115197115	-390.005954460726	-382.288328028445	-370.785263469880	-361.911889252052	-350.897989146028	-339.992032990977	-330.987172480164	-320.259772480055	-396.570022081426	-387.958235999760	-377.029780603034	-367.584382900076	-355.829544952098	-347.818956355349	-334.694149496012	-326.841472574167	-392.338201436251	-382.871901076862	-372.933912373576	-360.678015529071	-350.894385987101	-341.376545534227	-332.058340871568	-318.839834606449	-395.649779516994	-386.165344658362	-376.054429698180	-366.814029783646	-356.012597691559	-344.146057898980	-334.933310289038	-325.010483210124	-392.963380604587	-382.314568921038	-369.354826858790	-360.580200728861	-348.734459632029	-340.020618637634	-330.260429135350	-319.928503773836	-396.161079367575	-388.227266182226	-376.944564565181	-366.963509088236	-358.543536934860	-344.376362627800	-338.214370864312	-326.048053489515	-392.774896393998	-379.173487153436	-370.784872511833	-361.589275510363	-351.826868906813	-341.361188017653	-331.721466656501	-318.721003479594	-395.848476184241	-384.609226953804	-376.241363873171	-366.946601549458	-355.539749150566	-348.101231208755	-333.748759907239	-326.582051224284	-392.125942743563	-379.442556394481	-369.486772580110	-361.847681661487	-351.583296995315	-343.108854548021	-328.741864910851	-319.962400701284	-395.867212305976	-387.732499513526	-377.044643235145	-365.112571674793	-356.570548162591	-346.757245941950	-336.923644964894	-324.909122127486


seedPosZ:   55.4113517400170	60.8572669338140	59.7787248870190	58.2859695967487	61.6962399756986	57.0218056985271	58.4812490435883	57.6731502898564	57.9557730851780	55.5606418880072	57.1764866399679	58.5511724068025	59.3454555777507	57.9739368756304	59.3246472080612	61.7758422645256	57.6100655408404	59.8243066490606	58.7266956706630	58.1415451816811	58.3991512800196	57.5854675648207	59.5252210647551	57.2293952430118	56.9407512750119	57.4173556272705	58.1954381157305	60.7201649905298	59.3052434907542	59.8773096740193	61.0429678983349	55.9636443345878	57.6086695909117	57.7409705748549	60.4229078940640	56.4585563473314	55.8315742779775	61.9598355283192	58.1194058269197	58.3370198632491	55.8553346692817	56.3045839185629	60.9005268030030	61.6704395099508	58.4495743582046	59.6694379369427	62.0672358437220	58.9146958315485	57.3641207333017	57.0282253439955	62.4242631160262	59.4041543897357	61.6189321337491	57.0484522245949	61.8642181436013	57.5307064692202	58.3123992775442	57.3189413393201	59.5857142565097	61.3779415779686	59.8770412379922	59.9008205240223	58.3407178955708	59.8628286080038	59.3243855953059	59.7242594089198	60.9935870794429	58.5969794337709	60.8197651948902	57.6791463292493	57.4657441031420	56.8505881036978	58.5324741441496	59.0078596904863	58.2305949561940	60.5814201588666	59.5293969897567	60.8914053907774	59.3457412390818	58.0222307678957	60.3303774079269	61.0450024188748	59.5558790391393	61.0104701284491	57.7371453394898	58.0403477612461	58.0263561378155	59.3994948671218	60.5307882091076	56.3905493125433	60.5083257840096	59.9044404534316	59.2260137728308	58.9327026535291	58.3777470062796	58.6467129033280	57.3977143097621	60.2494222050346	55.6912970540579	58.0622896195470	58.6623175067915	55.2969860958381	58.3539835171804	60.9331770018836	67.0751510019771	71.5357613681190	66.5675302548714	70.3902325166057	71.2896013968218	68.8099380220850	68.5466926603518	71.7892527206313	67.8530923467980	69.3667712383107	69.1482699610796	71.2116736066928	68.4764025902423	67.5058916490837	68.0407926659669	72.3855003247744	67.5575647239601	66.8593660735728	69.5424912671269	67.1046970010828	69.0099833827822	65.3321764689675	67.0625158833202	71.3149511930134	65.3688272806380	66.3696555039251	69.8080430692637	69.9362702520181	66.1802671232367	67.6393520409135	71.3920850377320	70.5516720447854	69.8118872158954	67.9779623308160	71.1806411239497	66.8285205498256	66.0816918617469	69.0407836821053	69.5900765287035	66.8330010086359	68.4825004703545	65.9918295166468	69.3198318355424	71.5741328628519	67.1954086289333	68.3813388173644	72.1305783629342	70.7603986328409	66.7536312311420	67.0985289354448	71.4954448397895	64.9064094401349	70.0278020648233	67.6451532550230	68.4639801854035	71.1924456610008	70.1526416961028	71.2604549104476	71.8777027271516	70.9412673211416	69.1401515922775	68.7245319942839	65.7930756460930	67.6823919197242	69.4483932942431	69.9437360113750	71.1150765641732	67.6556306778047	70.4289159287524	67.3044979756983	71.5867661502163	67.2759787371706	70.1019049146436	69.2098987438811	71.8489438494491	71.1156640369707	67.2373930329367	71.5231240735909	65.6487554361391	69.9421215065170	67.1418891424476	68.4347612948308	68.9453353362132	69.8445843381479	71.3216099876169	69.0380238793820	69.6202931599932	68.3760523888187	69.8849997078019	65.8035617384597	69.0247047375423	68.8885622223714	66.8176272285444	66.5449800371187	67.7069193408366	68.3385556911497	71.1512467990789	68.8767618206686	69.4506302507096	68.0405759746396	68.8931570883641	66.8395251327618	71.8520878621507	69.1650767486391	74.8260292932624	82.6996978829723	80.8738260551751	79.2589860767816	79.2077798792231	79.5401628013469	76.5158433544380	80.7115866381462	78.3185223902850	76.8241448998944	78.6750570727862	79.0450439023465	79.5079803418316	79.8134393715108	77.4642312650722	80.5774196964364	76.8228228296371	79.5760668880615	80.4327754572926	77.0403332538452	76.3871549972353	77.5630570148389	81.1920025701711	76.8896203238105	77.7400774119861	75.7593764325723	79.7427030913723	80.5139834590170	76.3412846708465	77.2720734005167	81.4377954777720	76.9340855154576	77.8068488162178	77.5892747637093	79.7428896154130	77.0514830543351	75.9676843349980	77.7095780959225	77.2867993429279	79.0809159288445	79.2706734959700	76.2344637926599	80.9108994178243	78.6459750920727	76.9195550052350	80.1555301639057	79.7893000725021	81.1903262594391	76.7187995474315	77.5546430068831	77.6795854728611	75.7725903414445	79.3979751175649	79.5060150425450	79.5025832953820	77.2705247924733	78.8591715094964	79.2213032086075	81.4192178627970	79.4681548071743	80.9983347333986	76.3899274319002	78.8269205308474	78.6759893444478	77.6161685430609	81.1102152226807	80.5437568857099	81.6180787941189	77.2474479723422	80.3474192724998	79.5437466998212	77.6671491042837	77.4185844420255	78.6799891297464	78.1093643704829	78.6144115355505	81.1421984102657	78.6110366952136	78.9900169556447	80.4487781390614	79.8332406208596	79.5326947298265	78.6616928240225	80.2257400443870	81.3671761280384	78.8148632895097	79.9259853343386	78.0753279170636	78.2742312644263	76.5282927862918	79.9206840468246	82.4567949961197	76.8138922267798	80.2022263478489	79.3089426614380	78.1450888267463	78.1126544615694	77.7016735900950	78.9318522114455	78.3890893937304	76.3271330376680	79.5692191006601	80.6995180927622	79.2524118874696	86.0305500818837	91.0478992953704	89.3209647940081	86.1967784230694	87.9248543523571	90.4821843733840	86.1131124503707	89.2846697418163	90.6460285069409	86.0603542073976	85.9104567453702	91.4466281738280	88.0344450425687	90.3972006808571	89.4390235476296	89.5076166448641	90.5511804392547	89.6493668969506	91.7041051077596	84.9821370879523	86.8651807877422	89.8245306659465	91.2509451481901	90.0739171166042	86.1406606807339	90.0981387081170	88.7951002380444	87.4876942542026	89.6275088995725	87.6984780076187	91.6721016025090	90.3853387523670	84.8918347983921	87.5704015404368	89.0271385832023	88.0354659605756	85.3796485663591	91.3015193422088	86.2440422054479	86.7992329891528	89.0478979278228	85.9961498664855	86.9292587155034	91.5842792707269	86.8611564751997	92.6275026172941	88.9983204429746	89.5013159788219	91.2565235411743	87.1009665513353	88.9574503068654	84.8342459854504	91.0430017386165	86.7693556793202	92.2327408840367	88.5218196944204	89.4583573841544	87.3466336515322	87.6998138895146	88.9427913000283	91.7865291274510	90.9333738900319	88.5500395574707	91.7257747744694	86.5960262090322	89.5154172220068	87.6988372496916	90.9098259659338	87.5540416007811	89.0112593304186	87.0670353709931	89.1405987567912	87.4256757789473	85.7486558200159	91.9543126416060	87.5978675875092	91.2646408755722	91.0401722515540	88.0702940448752	92.1357868179070	89.5061389152191	89.4236879780887	91.0005151128163	89.3730153848480	88.5530854532914	90.5855409064312	89.2950797828872	91.4131018682153	87.6928247264749	86.0716502374632	89.7435511378575	88.3849068699875	85.9969733673357	87.3744666370311	91.1068618857068	91.7248685887119	87.6928818392064	90.8119698367389	87.8953753012036	91.1203595908221	86.2320031548020	87.9580077599778	92.7859709567382	91.1191105285353	95.3404715090586	101.946630433989	100.362455591640	98.5195672173655	101.427368145553	96.4748939226781	97.5290164571125	99.5309599693122	100.139622937272	99.7330647728068	98.6067881841141	100.956299138072	97.0716384834683	98.8785136098661	97.9430147171503	99.4497032212265	97.8139033392019	98.5542857221646	101.419218761322	97.8921320290109	98.8030444862670	95.3835080373487	101.031039867877	97.3941357196839	95.2949266667432	99.6203916687079	99.0880028147102	100.173304707970	100.392620595300	98.7832442452019	98.1217658917439	96.0389723943618	95.5220805905385	100.107908736975	98.2374648359174	97.5045092885912	97.8357166269313	99.8324554927127	99.1102614877441	100.866596558101	95.4023424321675	95.3687456659587	101.049942754222	99.4549009353510	98.6277730221116	102.454717018347	102.083044214299	99.5680022484907	99.4584387169302	99.2255581323695	102.038198259584	95.0220355960429	100.412341410325	100.174518882103	101.260160736979	98.4881995597220	99.9676143616698	97.7874655417733	99.0448094768931	100.594590604296	98.8614641545365	98.2885986039549	99.4927049262689	100.799624885857	97.6432264046918	98.7295798546530	98.3724080196363	101.423482797286	101.475468046788	97.0098169824311	97.7458693623757	99.7569702261675	98.0337983490799	99.6144899582764	97.8287856134739	100.856251697166	99.7079486502475	100.202166342722	96.2576342393991	99.5922399439785	96.6873063186559	98.0233251970620	100.930640373395	97.2815975898162	97.8556822276090	97.0855411412528	101.116845767393	100.855722730289	101.513588927760	97.8930329698788	101.017176605356	101.343276517527	97.6949163461339	100.220452774134	101.297295879135	100.286488889783	97.0604783123463	101.092318986002	95.3592055249591	102.841360085807	96.6292326560374	99.4439177584842	102.109065326219	101.715786497378	109.055698192373	112.647680109831	110.284011005209	110.467278993506	107.276139682864	106.580188149637	106.470921231573	111.583768218415	109.642374026179	110.050265168841	109.540517164833	108.631201272589	109.659614878154	109.722387497464	106.635726973802	109.825637402104	111.174548297744	107.943679663481	110.513215926378	107.919975629984	108.207270009819	106.948987911340	109.010109204225	109.159261412534	106.950333878173	107.770581587849	109.952154436636	107.131921116022	109.178229828266	109.076216282501	110.340063038888	107.339546806171	108.286767058591	110.190563731574	109.428123931254	109.731453735022	109.518014181840	111.911118925064	110.326645581090	106.026251697063	108.901100617732	109.135391255700	107.317306625286	108.553957279845	110.747726033923	111.943066396515	109.037628128375	111.822097022412	106.777908217526	105.143504210576	109.449040726720	109.351962896168	108.134178166846	109.629134957011	109.010640286558	106.251229645512	109.124847447438	107.571977628936	110.790194250058	111.039283225082	110.229120245669	107.765949500531	108.469002361368	110.323621849161	109.804520243821	112.043688104635	108.122458443843	108.694086469965	111.018039494345	111.024023943056	110.010557697148	107.553754774497	106.015736351095	106.126561899308	112.201948240025	109.062043257373	110.230097048697	109.032836995169	108.225560977003	108.279643598411	109.817285480491	108.328336315374	110.493094386795	111.274434482100	107.378582785799	109.566547508940	108.216739705502	111.691954834939	111.326291404982	109.416951361891	109.963571433294	111.581437868040	109.897373943459	110.263020381069	110.299915936315	108.753872274348	106.755966364044	108.123391368423	108.078725166937	110.073950982168	107.711332082886	105.731262009794	110.264427936537	112.248297424443


objFunctionValue:   659.803840346450



