Dataset 28


dvh_array = np.array([
    [ 7.51, 2.79, 14.45,  3.07, 12.53, 12.02,  3.42,  3.31, 0.00, 0.00, 0.00, 0.0492, 24.62],  # Rectum
    [ 4.77, 0.50,  5.61,  4.04,  5.57,  5.51,  4.09,  4.05, 0.00, 0.00, 0.00, 0.0000,  0.00],  # Penile bulb
    [ 5.58, 4.24, 48.98,  1.95, 18.11, 13.16,  2.38,  2.23, 0.09, 0.00, 0.00, 0.0000,  0.00],  # Lymph Nodes
    [ 1.12, 0.78,  4.12,  0.23,  3.25,  2.80,  0.37,  0.32, 0.00, 0.00, 0.00, 0.0000,  0.00],  # Rt femoral head
    [13.67, 1.23, 20.52,  7.64, 15.65, 14.93, 11.23,  9.38, 0.00, 0.00, 0.00, 0.0492, 24.62],  # prostate bed
    [12.36, 2.16, 32.47,  5.60, 15.79, 14.78,  8.18,  7.04, 0.00, 0.00, 0.00, 0.0000,  0.00],  # PTV_68
    [ 6.07,10.43,497.75,  1.49, 20.76, 14.28,  1.97,  1.82, 0.40, 0.29, 0.26, 0.0000,  0.00],  # PTV_56
    [ 5.64, 3.97, 37.65,  0.99, 14.33, 13.62,  1.47,  1.25, 0.00, 0.00, 0.00, 0.0000,  0.00],  # Bladder
    [ 1.18, 3.00,497.75,  0.00,  9.55,  4.90,  0.00,  0.00, 0.04, 0.03, 0.02, 0.0000,  0.00],  # BODY
    [ 0.99, 0.61,  3.32,  0.14,  2.66,  2.32,  0.33,  0.28, 0.00, 0.00, 0.00, 0.0000,  0.00],  # Lt femoral head
])



templateX:  -49.6444810210273	-50.1733416184018	-51.9078603314474	-52.7524923395140	-49.8773451568343	-49.5993025258914	-52.6381192021347	-51.9083514125581	-47.7015748175983	-47.1720434045286	-46.2363243460011	-46.0589197894081	-47.1554270076227	-47.2697773328934	-45.3166115339617	-45.9935927457696	-42.7652832256455	-42.4338502435508	-42.6223892932245	-39.8370920659583	-39.9381291140286	-41.1532875574888	-39.8743134390160	-41.1411702476415	-35.9476573293549	-36.1398092639322	-34.9126712841832	-37.1427828331229	-36.7736953428276	-35.5599548063454	-36.4226274442794	-36.0115488139415	-30.5682469199774	-31.1098718700194	-30.3497412048458	-29.9094529592006	-29.7310163583365	-32.8888142356311	-31.2787391754319	-31.0219092210447	-27.0825058150229	-26.9148125083826	-27.3071046790488	-27.3532867081623	-26.4226444778460	-27.0669723672668	-24.8483672188980	-26.8781085852103	-22.4719821663353	-20.0167166889712	-22.3711534359545	-21.9547071816179	-21.3822427904765	-19.5327775089384	-20.1121599598549	-20.7763714861182	-15.8250453190278	-15.6635100985054	-15.0686445124264	-14.6876007642027	-14.7563946140337	-17.2879186461163	-17.3361502658258	-17.7824850811953	-11.7153439231646	-10.3014118421281	-12.7759566658715	-11.6805453476935	-10.1888847834511	-11.1937815606036	-12.5691507336040	-12.5442309820708	-5.41874956080145	-7.56083122791044	-5.53046235877241	-7.30835169632188	-5.10997665603274	-7.17066611997229	-5.62040064237382	-6.50863329120602	-1.22377067681616	-1.00244055781156	-0.590513752180642	-2.21863120386134	-1.81249594663000	-2.17156779700848	-2.73665910259900	-0.100828819696764	4.98042469701508	4.70058729390833	3.81636350640010	4.09596579702010	3.38957583577881	5.02388378832319	5.24921037691314	4.41499171650458	9.82646891743847	7.11001862189578	10.1452341943060	7.33994763326500	9.10666971133512	9.17218395230183	9.97177211999076	9.24746606692792


templateY:  -395.993000967233	-385.999742680696	-374.468952937456	-367.416401825596	-355.881478957952	-346.372687028190	-337.625302588341	-326.855899381697	-389.660574885044	-382.518113908108	-370.700362980472	-361.256899851919	-349.493890852084	-339.409275722421	-329.966458337935	-321.131364642497	-394.904753297535	-384.796492706127	-376.108589398373	-366.020954542712	-357.300070571609	-345.595278086345	-337.170977183746	-324.572113338685	-389.400823680385	-379.701865590031	-371.089461620332	-361.678228358347	-349.950363719565	-342.584375585117	-332.546619005648	-320.699317450298	-397.392190514942	-384.427526339624	-377.596421894748	-365.864296166691	-355.609698529883	-346.179334833547	-334.885705467940	-326.522628219165	-392.652290905713	-382.221936326181	-371.542123539989	-360.255286393250	-352.137780164004	-341.319181597799	-332.182376202640	-321.860945730199	-394.810470132473	-385.807324924022	-377.128930655624	-366.180811235331	-355.398854867289	-346.919948612720	-335.220108799272	-325.984715251752	-392.448039119923	-382.416717482454	-371.140707214071	-362.789967061721	-352.095197292671	-341.628047034904	-332.303178145293	-320.219964020662	-394.970682587581	-387.505279152764	-376.666471001444	-367.844915500610	-355.694823427057	-347.123561168238	-337.419342164864	-324.848771348720	-392.214263891888	-382.503751915055	-371.150141029096	-360.318920645870	-349.830018196909	-341.595063168782	-330.862410100241	-321.999899959019	-394.796131166645	-387.722895903852	-375.780916350935	-367.022234887902	-354.873115223337	-345.156769203687	-336.534501030289	-325.910651394074	-392.567837324609	-380.810892091038	-371.544213353500	-362.680636215522	-351.438365281681	-341.095963001514	-332.487834567055	-322.317360576116	-394.939129473277	-385.121270827325	-376.502092247935	-365.004015233395	-355.027953802357	-345.320953626444	-335.980366324790	-327.782541456872


templateZ:  58.6104616998611	59.8682653587800	58.8935810790781	59.2750093157923	58.7447011450471	59.2556961436559	59.5288589893880	57.9883386268362	58.9862954652637	58.6680924743855	59.2375592205003	60.5443150616159	57.8362562367096	59.5903250807377	58.5648505556304	59.7241025494107	59.4643208536104	57.7491404746898	58.8123187381109	60.1246916978023	58.7623479180797	58.5823634103900	59.4579854787589	59.2571460698985	60.6027479046185	58.4122859552059	60.1172705359229	59.9086995303998	57.7711449732048	58.3756254315560	57.4714825243177	60.4061258838325	57.3706085167817	58.3934556835659	59.9635419531466	57.3983034414119	58.1196114337626	59.6110747199299	59.2386528681788	60.5770354636825	59.6744181278374	59.6317783442595	59.4605601874431	59.2079801837694	57.9011408734723	57.7580714037330	57.2845206633081	59.2911485164226	58.8399722496620	59.2485405989630	60.2493166821163	60.1719452905814	60.3583316668181	58.5261146077511	57.4644909895008	59.6072324799615	60.3876602621339	57.7421943420026	59.1770442860350	60.4568962031564	59.3500013433627	60.1982123026941	57.2035478206556	57.4134153498419	59.7118008711856	59.9937855499349	58.0950319842633	57.6998664595595	57.4849413585583	60.5385932868993	57.2569634492393	60.2106220573768	60.4726727817069	58.3520938345478	58.0617788159730	60.4728710324345	60.2135832082369	58.5974922400547	59.3757636849282	57.3489332169408	58.5920376942725	58.6731416956522	57.5528521364840	58.5083271726613	59.1336854117057	59.0990773952523	58.1829380579886	57.9606333325715	58.6295016584943	58.9970926780784	59.1647379117055	59.3127822137004	59.6246454697935	58.8665562565773	58.0902379690666	58.3927849172044	58.1931604030303	58.9132538134880	57.8203038684671	57.4237699933182	59.8757028283397	58.8510654513802	59.0776809076121	58.4990970560065


seedPosX:   -48.4316704884694	-50.7440099179255	-51.5135761192667	-51.7789533994609	-48.7497952409660	-49.4361859200735	-53.6126133357479	-52.9417197555266	-48.8273105841825	-47.5838616172953	-47.3901552808418	-47.0352277639888	-46.4346342865303	-46.3437632259897	-45.6040449385292	-46.6402014315513	-41.8876835466952	-41.6626119940206	-43.4795689158882	-40.9438344645502	-40.3026211274539	-41.4152334135818	-40.7230602344090	-40.5215213100092	-34.8217697662038	-36.9790311598351	-35.6557014833440	-36.0584188303498	-35.6177355803234	-35.2944568090798	-35.9486240882548	-36.0195418445395	-29.9417128907678	-32.2869366615172	-29.3794963271555	-30.2295720987315	-29.0853895394480	-33.2741769981008	-31.3241870097089	-30.9517802513934	-27.6718518036626	-26.3496827250673	-27.5637752494424	-27.0734986997007	-26.3134796873132	-26.2159116387202	-24.6200780028954	-27.3219090550910	-22.1882605517706	-20.2881301737215	-23.1818293331030	-21.2606213658130	-21.8575270736980	-19.6530570597842	-19.7816934217782	-21.9142752199412	-14.6784259958962	-15.6918695247221	-15.2174163051192	-15.1682179955549	-15.8109042524154	-18.2327703692733	-16.2837353152658	-17.2494542843212	-12.0780235265697	-10.0604237347403	-12.5383462654118	-11.6798903990487	-10.1564815709368	-11.0358969410692	-12.6611059082635	-13.3698843140235	-6.17262139462911	-8.21237338861106	-5.37343207752341	-7.62926574631222	-4.79652617484957	-6.55626372679011	-4.77089579378887	-7.01344138389681	-2.42886503353322	-0.433076319865644	-0.117037766896001	-1.09668259803043	-2.30903318731573	-1.25403669086838	-3.44265840294623	0.340803341571908	6.04783643318138	3.68494969937758	3.87628431096705	5.32473296086861	2.94949560669577	4.16081611943211	5.77719549981374	3.50794727823631	10.8903799554784	7.29515793106191	10.2912517277006	6.14115261651223	8.21999715251621	9.52209088773705	9.99150812344402	9.11437033549890	-50.2686125097757	-50.7509517323869	-52.6253235119698	-52.3986911433176	-50.4476624108193	-50.1630176448513	-52.5071157491057	-51.2696100261261	-47.1779309940664	-47.3690393638333	-45.1556591089646	-44.8670457040720	-46.9155197709099	-47.0230633435324	-45.3073347153259	-47.2296275253299	-42.5195145104677	-41.4024694183546	-43.0640107482370	-39.6739091278134	-39.3186007325756	-41.2221209776482	-39.7049750043083	-41.1089784952569	-35.5015645507546	-35.9988410593936	-35.3428792086339	-36.4657246795896	-35.7837795570970	-34.6708891015262	-36.4915462529537	-34.7740888043976	-29.5241813371798	-30.0717173916567	-29.7160576114331	-30.6900285881182	-29.0013648521729	-32.1651363345519	-31.5880638221058	-32.2591038531454	-27.3721440743290	-26.9748902202875	-27.7902112694846	-27.3893031279174	-26.9354651776374	-26.5052669881915	-25.3258855404573	-27.2449537810705	-23.3189841281268	-18.8589559381243	-22.7319127320473	-21.0466865044300	-20.4904277738833	-19.0496515963628	-20.9620646533521	-21.8610726850545	-16.5308751115753	-16.0704687722408	-15.5424871511652	-14.2784012151231	-15.7447937543093	-18.3364525716603	-16.8514498614608	-17.3900073075275	-11.0377092617063	-10.6939761770828	-12.7567346203384	-11.4759282892167	-10.8370855445486	-10.5190234215445	-11.9941213985165	-13.0784363425532	-5.28881326491461	-6.43777684341758	-4.59357279981067	-6.54868355242176	-4.42139511661537	-6.98224582045287	-4.87179861090018	-6.42300701393729	-2.17100649914689	-1.89205401053245	-0.475735265736057	-2.73222354562868	-1.05651541929821	-1.69989377928177	-3.70227559229226	0.219858286711608	5.47096979665467	4.67926937336963	4.81838529317440	4.52604258976961	3.46813374022560	5.15682068741475	6.20598173566366	3.57963891963051	9.82266873790736	8.22611252335242	10.3055489742450	7.30769657444264	8.06016668111148	9.35561638111075	10.2778391735300	8.83832116569528	-49.3257900384687	-50.9288757066967	-51.1814148650220	-53.8616022484290	-50.9096111349528	-48.7917163333707	-52.3924740588161	-53.0574987312498	-47.8127500743939	-46.3962920926178	-45.4124958662684	-44.9576626384158	-46.1050169343033	-46.6344740109877	-46.0227931664554	-44.7443786889014	-42.3875935573767	-41.8312533424263	-43.5031485891812	-39.7152270682021	-40.1703387397686	-41.7090644100547	-39.7147261710625	-40.1580430970159	-35.1899001065683	-37.3016159170669	-35.4019861988910	-37.2895582888487	-37.1768617926281	-34.5732530905177	-36.6317050676205	-36.5413376583940	-30.8664814007426	-30.8944610248466	-30.8587979814358	-29.5720586734049	-29.0319818838819	-33.3989448757991	-31.7357833283622	-31.6808500754872	-28.1421099682546	-27.5955621586881	-27.9069287987394	-26.7227639676045	-26.1185132373043	-26.3422817178520	-25.7412541226103	-27.6283382862417	-23.0958263835693	-19.7461463380785	-22.2699909893316	-22.0573521270718	-21.9525209855426	-18.9231522072753	-19.0291592390320	-21.1819165284499	-16.5481882304182	-15.0236152124095	-14.9726968294202	-14.7179492404158	-15.2683166539988	-17.2666172188136	-17.5038964318196	-18.4355290716213	-12.6643028606158	-11.3921432832196	-13.8827033512221	-11.6817545488294	-10.3478899760000	-11.6376834898511	-11.3293606993391	-12.7443843709964	-5.91050445610211	-7.93170874944922	-6.32971446730734	-7.33424667434257	-5.32058912846875	-8.40606756181088	-5.97431580010435	-5.70536629385019	-2.10605899043029	-0.191186109153414	-1.01554115604529	-1.31245028129361	-1.87334217802560	-1.27305308350401	-2.73449737709377	0.798953264292289	5.05771223335738	5.22201872916154	4.26578980557805	3.94575364982174	3.02498528851245	4.28946603344750	4.44965244001976	5.25055174720826	10.8472082782430	6.04901065793735	10.6845070742343	7.43555831349171	8.16772185531705	7.98490830516455	8.75352301455119	9.62482127725827	-49.1416208368275	-51.0402846876636	-51.8128449616134	-51.6707506350452	-49.8925987902691	-50.0698516362633	-53.2668934653979	-50.8861599628664	-47.1438876312725	-47.2720726315858	-45.9792807354018	-45.9002698837339	-46.7025201517796	-47.1790076077035	-45.0079837586068	-47.0734048079879	-43.5405554035989	-42.5981044304354	-43.8271037982807	-40.7256218196387	-38.7904426834596	-41.7835776460216	-38.7717017230417	-42.2280217888480	-36.5451392807042	-35.1017146596056	-34.5889315024826	-38.3548920165287	-35.7982654816202	-34.7838540105927	-37.0878649915583	-36.7959260908890	-31.4743774075486	-30.3173831754280	-30.1264603808629	-30.0820025084328	-30.1560020126771	-32.0111940791755	-31.5818219058655	-30.9605421461127	-25.9330719811010	-26.6541171981570	-27.5123928746275	-27.8947105016710	-25.7189131419841	-26.0363368604244	-24.6596409648339	-26.8347785757913	-23.2295312251237	-19.8694977809239	-22.3673775680981	-22.9604441406200	-22.2101212096785	-19.9570261459104	-21.3199805635620	-20.7985917327299	-16.1814134214230	-16.6767323479283	-14.8667415387678	-14.8812529606913	-15.5936600183199	-17.5396619555596	-18.0452108523025	-18.3284177295692	-11.2975937211165	-10.0549712665218	-12.9503303424395	-11.6441436779782	-9.87110506511439	-11.8732502794017	-13.6524947846099	-12.2329555332844	-4.51198184939398	-7.63365931843547	-5.18294045333779	-7.31939564965660	-6.33919866614823	-6.40385417681547	-6.66458019689079	-5.84670664346274	-0.0837772070538987	-1.05122165504225	0.0685101044667368	-3.06774414045708	-2.34970775036231	-2.80233670539364	-1.93984120556403	0.320746371273133	5.84992465441338	3.56422478587957	4.83053719068012	4.98632383388106	3.39546117678197	6.00071432565851	6.27666391498982	4.16054926999235	9.74304322618220	7.81065444868668	9.40119031973771	6.09608754013318	9.28136117608916	9.73943022887281	8.89538912522013	8.46452748903510	-49.1613871464003	-49.2618376657714	-52.6605210494847	-53.0039973052222	-50.2390191046192	-49.0309342173942	-51.6011042301324	-51.7676210795745	-46.6589036994731	-48.1463426054483	-47.0883973769316	-45.7137715202375	-47.0688801853027	-47.2563050194202	-44.2287582943823	-45.0408597128111	-43.5752473939043	-41.9818597927663	-41.9380282504794	-40.9751532609401	-41.0234462983150	-41.9975877761416	-40.1845047424183	-40.0385847692977	-36.9249456187320	-35.4887748833850	-34.6666603300531	-37.1939956034988	-37.7949385854180	-35.3149542179873	-35.7849246143461	-36.6629346767282	-30.3556654407334	-31.4877978150364	-29.5126473562415	-29.9148731908316	-30.3935768449218	-33.5374099200787	-31.8459636161280	-31.0560955717113	-25.9117453383727	-27.8369719900929	-28.2577816484299	-27.0999200591991	-26.8865686670421	-26.9994740882260	-24.6395570619947	-27.9896966889532	-21.9174144327694	-19.6010162845266	-21.7700082642151	-22.5357231323057	-20.6676598693684	-18.7524245259121	-19.5600715217157	-20.4404672557452	-16.3622890181904	-15.0686549919493	-16.2170310920956	-15.6397361709282	-15.4438799939079	-16.5775575483396	-18.3886261934794	-17.0605072243473	-10.7181472602307	-10.5864740597420	-12.2114656030882	-10.5219210932748	-11.3903409738423	-12.1398344816148	-13.7087208292473	-11.9643809704257	-5.30731749746003	-8.73945097879101	-4.92599721479226	-8.17918698909847	-4.88119329012220	-6.88871177026726	-5.42092114242659	-6.43864072958919	-1.56256846702818	-0.161498862019035	0.196098890409726	-1.68592399109187	-1.15746389785557	-1.97016255128438	-3.89060299160969	-0.204111108774076	4.54400318863620	5.51813402406683	3.48171760341658	3.91670138448185	3.39097460052566	4.91706252513026	5.35487176718614	3.81668045289327	10.0909551473981	6.42727139150615	10.5467378916908	7.39346312600343	7.96228797129440	9.68164115824766	10.5587200198349	10.3680602714037	-48.5554914777085	-50.0355461912599	-51.0588302796699	-53.0172589004429	-50.9958584023547	-48.8073561279719	-51.9098614051898	-52.6296890306538	-46.8240971493004	-46.7472521163329	-46.5558637801086	-46.1477962849669	-46.0776823348861	-47.9127042897665	-46.1143545269451	-47.0054433445961	-41.8159560849735	-41.4883148864238	-41.8319600127227	-40.9779020128734	-38.7225698485239	-41.3587170600251	-39.9748406135547	-41.6966868067346	-36.2391410694302	-35.9903513442332	-35.2995066620968	-37.5091327663563	-36.7013671334890	-35.5360931633474	-35.3108711558743	-36.7657762007821	-29.5176067291626	-31.7722729666771	-29.6697512643311	-29.2315253237674	-28.9859015776461	-33.8680139361783	-31.1343624987024	-31.8671796307185	-26.6656789689064	-27.7498029051539	-27.2059979279657	-27.9623757280425	-27.1014678345402	-26.1615126810463	-23.6947513210985	-25.9303318353018	-22.9634683114505	-21.0164168853335	-23.2708293344599	-21.3118443277358	-20.8711159545794	-18.4062373315902	-20.9245995822275	-20.3057052178337	-15.2888110771592	-16.2700565201147	-15.6601258690446	-13.8318981174600	-14.2437966144112	-16.7673839805211	-16.3398851486671	-17.6664684989217	-10.7097821733084	-10.0564186605395	-13.9083136692900	-12.6174325689532	-9.38616683680819	-12.3215174030562	-13.0658664038445	-13.4945805202651	-4.41684285025415	-7.76687017903942	-6.46935631891006	-7.80849691296539	-6.32733251024390	-7.44906801223993	-6.57560666389633	-5.59551270693031	-0.929694139591173	0.244631026840628	-0.0942136583141674	-2.06980386660259	-3.02926955569602	-1.98935879115339	-2.14909172960168	-0.627327301328403	5.44944919090067	5.03668023389451	4.23632280065365	4.83102821792824	2.82453432967430	6.24211873944219	5.80185982159542	4.51262899394883	9.57867480486170	8.00894897521224	10.3190660164960	6.18929917358985	9.51195728076196	9.36557678233165	10.5620217729672	10.4430085239050


seedPosY:   -395.482651546886	-387.239196023535	-374.518874336128	-368.445630750355	-356.907912030299	-346.855083417664	-338.858225496921	-326.238273350897	-390.445827809320	-383.391874433679	-371.192320483802	-360.191825710642	-350.517834063341	-339.344085360234	-329.980049118966	-320.936954314697	-395.874154108213	-384.224317419659	-375.720006160688	-366.499717449574	-358.474385683336	-346.475990708901	-336.155441376219	-324.539768294242	-388.842391644082	-380.488573481738	-372.236255284876	-362.693196758135	-351.197815614806	-341.422400657457	-331.445148319688	-320.439984443826	-397.416887508114	-385.514598702199	-377.946878553146	-366.802366004673	-356.457709820475	-346.785869036705	-334.526487227816	-325.444459815057	-392.368520674492	-382.953471541247	-370.734840408304	-360.243083905295	-352.157241233751	-341.500112700072	-331.067530601290	-322.796553232259	-394.475301645386	-386.593077211231	-376.346142329898	-365.915468220629	-355.111523170824	-346.660393177453	-334.598906322224	-326.100943275636	-392.687235930146	-382.620164119197	-370.078737955912	-362.645568966949	-350.970107809242	-341.937192550945	-331.206037756064	-320.252894703415	-393.911615571158	-388.034787428134	-376.514204223791	-367.940962222937	-355.770795204422	-346.718922515908	-337.740670337246	-323.794862340849	-392.776968284025	-381.791829412881	-370.014694562824	-361.432672770120	-349.915965560426	-340.592048284505	-331.281594096479	-322.683095268775	-393.803434505679	-388.280263809277	-376.771742819413	-367.536079280146	-354.868855402007	-343.964358780542	-335.292802273625	-326.440793263371	-393.742136985096	-381.648205405435	-371.401345163557	-362.957550871636	-352.304586093792	-341.450745479907	-333.177628689862	-321.701850199636	-393.701692530360	-384.768677494337	-375.503500142348	-365.358281396123	-355.196906825763	-346.566529167852	-336.267943291431	-328.717968270095	-395.996797240155	-386.050692902759	-374.130520632790	-366.172639742120	-356.993903524215	-345.277089021755	-337.505647691040	-326.609814537324	-390.361116801169	-383.057380692597	-370.016026924592	-362.290544747480	-349.107909079340	-340.116027145759	-328.751954181383	-321.184357947406	-394.941364058484	-385.476415394403	-377.228479407870	-365.146008558731	-357.344048103121	-346.153773376638	-336.423717052157	-323.333372728702	-389.577550496630	-380.345488701065	-370.246289083424	-360.584741833783	-348.910231912557	-341.387799685193	-331.449672525998	-321.530793245957	-397.684046049769	-385.590602170322	-378.408828785185	-366.759026165987	-356.596806475720	-346.887880859725	-335.844601596162	-325.476640117413	-393.272595388674	-382.649732204560	-372.327941071785	-360.261292429174	-351.364737128127	-342.142276548342	-331.712010012321	-322.770450231312	-394.306474995740	-384.935036709346	-376.868864728370	-365.379519730008	-355.450799127645	-347.709461886806	-333.982783839682	-324.753200149102	-391.484129557088	-382.875582979552	-370.607925067899	-362.245039278107	-351.593999740610	-340.650058227091	-332.461990896954	-319.099728403891	-394.012300123041	-387.973617157470	-376.635163375753	-368.337950002759	-355.153734531620	-346.395460833269	-338.548194257849	-324.477611692847	-391.702341396919	-382.744565327343	-372.231801006009	-360.725396994011	-350.925054116514	-341.468148891128	-331.166321630109	-320.874692864135	-395.142980378673	-387.501082796471	-376.190897503492	-366.846809422522	-355.127551496686	-344.134975014371	-337.498580904828	-326.854353970834	-393.563110651008	-381.035136908120	-371.503393789833	-363.408833987996	-351.393352767187	-341.997293291076	-333.429504669573	-322.526068620383	-394.084967285647	-384.470010028073	-376.336729109424	-365.310124895900	-354.789302937359	-346.070440388092	-336.397073055045	-328.048724349676	-396.139342828945	-386.617166822968	-375.493390460339	-367.785953607332	-355.853867374787	-347.064089625338	-338.661867361305	-325.746069874494	-388.525861872331	-382.598612507082	-371.400098789846	-361.766640612265	-349.974443089656	-339.793627307718	-331.210222492468	-321.341454907731	-394.324044165836	-385.360149015284	-376.730743342648	-364.893040799818	-358.327657445861	-346.006864290643	-336.878587888168	-325.389060092171	-390.463410106692	-379.303083928299	-370.716684721792	-361.493403278009	-350.538304350423	-342.312947189734	-331.394451829655	-319.717961407641	-396.332816513560	-384.800564958077	-377.996442713303	-366.756556477222	-356.157626896671	-346.441878126015	-335.550777849210	-326.829348026358	-391.900875215419	-382.990081471039	-372.594154837738	-360.951588431783	-353.178643070088	-342.522151259470	-332.031160284878	-321.424851585993	-395.028563041032	-386.483200557472	-377.956902655509	-366.775176571238	-355.146150946881	-347.233169772209	-334.590888387607	-325.276096430220	-391.753755711939	-382.858579713466	-371.200376063046	-363.786254363180	-352.969395757358	-341.346700073862	-331.474167980030	-320.975860117671	-394.101654741280	-386.602410581519	-375.460124487236	-367.988877384757	-356.215798454563	-345.906488903036	-338.494392232273	-324.736270569926	-392.808866121023	-381.845931599648	-372.400113510742	-360.869104807434	-348.857975695344	-340.711942020283	-330.797057556118	-320.888827651036	-393.640221824427	-387.457361537297	-375.149242398872	-367.129263922240	-356.033739817830	-345.240599001444	-335.859096184350	-326.902212850733	-391.328664451657	-380.273225443554	-371.284966514096	-363.567663061597	-352.160369693450	-340.600414608873	-332.557417121835	-321.429887248894	-394.295070002775	-384.077731338723	-376.061437070147	-363.779308127274	-354.047385469472	-345.467660006573	-335.510165729938	-327.667816311483	-396.670777872534	-386.860505421977	-375.521466734369	-368.296844596733	-354.962405147962	-347.533527328732	-337.925439742234	-325.972664989302	-390.606600417744	-382.782686660911	-369.602888866597	-360.989248451863	-350.113277185772	-340.304182125240	-329.884934694479	-322.309424046609	-395.629606669979	-384.785105158223	-375.624503690015	-364.803743750749	-357.515862566856	-345.644239030230	-337.943754915021	-325.314545761345	-390.548615587760	-380.088810204008	-369.931621316440	-361.895139782279	-349.014448178423	-342.679925564855	-332.175455585150	-321.416175142993	-396.149745248887	-384.039536465158	-377.363608020193	-365.795309983427	-356.256338089986	-345.144230453908	-335.181864071869	-327.228886334431	-393.431363585581	-381.264487421833	-371.973881705919	-360.588544292692	-352.642447188120	-341.931354945319	-333.210629961493	-320.712776853336	-393.921092555543	-385.883152904493	-376.249701600762	-365.583319428444	-356.204867369134	-347.633665374761	-334.797823471722	-326.193952590410	-392.432344523129	-382.271818616702	-371.107453731355	-362.879053436993	-352.158438969891	-340.378185848209	-332.743305180185	-320.800173494738	-395.575362249915	-387.011421596076	-377.833537701139	-368.611153617459	-356.169578628595	-348.151936024442	-337.988337013878	-325.429889868526	-391.208283336818	-382.259956985073	-371.775267773583	-359.942653854995	-349.768373725792	-342.104333954303	-330.365422588063	-323.083772929633	-394.512009522434	-388.904430218155	-374.704503350141	-365.936531262933	-355.494117117004	-345.942287255277	-336.452785728405	-326.796619261521	-392.767204102265	-381.962523706305	-372.370867874001	-363.368861431911	-350.683017942044	-340.517683799232	-333.171886554207	-323.215531577648	-395.214213508589	-386.127139548710	-375.731874002579	-364.008869945961	-355.905108976950	-344.775313970935	-335.908473037771	-328.534858336185	-396.452726826776	-385.815033544128	-374.115606232907	-368.629082380764	-356.191808558927	-347.515598812529	-336.552447817093	-327.036206095304	-388.456566061154	-382.012417003602	-371.546910095888	-361.957826307819	-349.868452500508	-339.443561504903	-331.040577242209	-320.993985571999	-393.988143154132	-384.033756674304	-376.288261665973	-365.691687294242	-357.111795420606	-345.060784864003	-337.879121687876	-325.601657853269	-388.464687436925	-380.715969470100	-370.569646113938	-360.662753897779	-350.451015740497	-341.412693797937	-332.057699995440	-320.881867231686	-397.518619511152	-383.586886436615	-376.526449926378	-365.364870989237	-356.744963564928	-346.443525815095	-335.845309488778	-325.762154703882	-392.917994065355	-381.543650497609	-371.235521352909	-360.922802895731	-351.118181221393	-340.549700439883	-332.583867964509	-322.760485794178	-394.177068871726	-385.604883877103	-376.493768830721	-365.131509394551	-354.264759385727	-346.892648316463	-334.584679878064	-326.816109625575	-392.713729117458	-382.216037669288	-372.281592917840	-361.837404722211	-351.115016724086	-341.038062220655	-332.517469018355	-320.130369835103	-396.192300051852	-388.469552422951	-375.730634158918	-368.350028124886	-356.893873955502	-347.785779083172	-336.285871208623	-324.948691275339	-391.658707725623	-383.719599681157	-371.565869610335	-360.978023821698	-349.078765127626	-341.869470684550	-331.997488766173	-323.238125416341	-395.314563326949	-388.521797718432	-375.002081574663	-365.904157102563	-354.497693990979	-345.686684818761	-337.432488497974	-326.719264112585	-393.362346129023	-379.932055188492	-372.500609118341	-361.629013029239	-352.355135543013	-340.038589556274	-331.617605934856	-323.404484245356	-395.378351329558	-385.391325656049	-377.640194191349	-366.170579997554	-355.008803251210	-345.363479921199	-334.891547814372	-327.495120749946	-396.023604408348	-386.508488417810	-374.452020052053	-367.018679681176	-355.881736877574	-345.482052763180	-336.976922031770	-326.018797909843	-390.389139885927	-381.480514376203	-371.835384058023	-360.749106802516	-350.197561836221	-339.988488110792	-330.218491523226	-322.023728755208	-395.287131754867	-385.220714750537	-375.055310454761	-365.464257338168	-357.726436522694	-344.582855911454	-338.308212802063	-324.659276325320	-389.880664681434	-380.758262817417	-369.855850270219	-361.729099745856	-349.042802316935	-341.468206193947	-332.041853094469	-321.920707436012	-397.399826406099	-385.116694237584	-377.797660318219	-366.490963803861	-355.695275963077	-345.301030587209	-333.931676977996	-325.479216724491	-393.659945513354	-382.378303400333	-370.776408941727	-360.204336869708	-351.312249236596	-341.130637802198	-332.438964271938	-323.019649636951	-395.145448683808	-386.700469522247	-376.069644748564	-365.341124473084	-354.863008164955	-346.571886271744	-334.333237888952	-326.521310748123	-391.694823962873	-383.100068974432	-370.613942185595	-363.733366727839	-352.956965355794	-342.783175412322	-332.960013164520	-319.470059540296	-394.043041123639	-387.971131024264	-376.891121776624	-368.641191730776	-356.936684902590	-346.447424224338	-337.117561877262	-323.926656234975	-392.705771486690	-382.096193826758	-369.947275184680	-360.214112900750	-348.967256901379	-341.542622186216	-330.053904627294	-321.154725872921	-395.251886163096	-387.525348359651	-374.560776223999	-367.246226443304	-353.663351337588	-345.621384450458	-337.297106896153	-326.345935237261	-391.905156232349	-381.812132110745	-371.945454773327	-362.978013624968	-350.501697042755	-339.934530152927	-332.328082782177	-322.259046692737	-395.790549396049	-386.369007874053	-375.749808735334	-365.319129438768	-355.302622973892	-345.825186862272	-334.915893996678	-328.968408292388


seedPosZ:   60.6741240503209	59.3707226772846	59.6085085896932	60.8655854276285	58.8547172548868	56.8068831271131	62.0255208027511	59.5050795068063	60.0298154211760	59.4025370198161	59.3789143191734	59.8251461493454	58.9080539075517	61.8507860586205	59.9771472494109	61.5783484435346	61.9511635336975	59.7762602744010	58.9947804001945	62.3008176413492	60.7150274497533	58.9473227960928	59.6396596552623	59.3939367666678	61.6393862939647	55.9442401324251	57.6803919604339	61.1166711494450	57.3481856374065	59.0827910426746	57.0075954781233	62.8945206447226	56.9850806218291	56.3800431257372	60.2059566016503	56.6603814054298	57.0878190917885	60.8852691486915	58.5012068971534	58.5721849516158	58.8085433847214	61.0270887550339	57.4504546522354	58.3434004424494	59.2644249641428	56.7940908793057	55.7342387659452	61.4207620327462	59.1836688717619	57.7820351255013	58.7527275718865	59.2523954761706	62.2817837108242	59.6259014971875	57.5936969114707	57.4223900390330	58.1604266704994	57.4383621715477	59.4381349996504	58.1098471048939	60.2163408479092	61.3924147480688	59.4124908074013	58.1022636334296	59.2918140951917	58.7551016319713	58.0555984987232	59.6657199137185	58.2324790721381	62.8390896677555	58.1344639504243	61.6585278963975	59.9990207983785	57.6039230147710	57.0747863263006	62.0520165925532	60.3218820337912	57.1026498283339	58.8791663364786	56.0399658231036	58.0826852405265	59.7652267900411	57.1337930028819	59.0921829972784	57.6356486131330	56.8053752752289	58.4663259479927	55.7336764408788	58.2833367996989	58.6164323034956	59.2606936969403	57.2100332073762	61.2668509876436	57.7324181730390	58.0569469648590	56.4001674725499	57.5703707831940	57.5551210135020	57.7447211795708	57.3456484616895	59.7354117372702	61.1192275342575	60.4536906019630	56.7624523968069	68.7901576670243	70.9839130451928	66.8208429985350	67.3771779979105	68.9387880711580	70.2809492639928	68.8678759842193	65.9711074247237	69.6497681685175	68.7227449014069	67.6405773962989	71.8834763317323	66.9387769872830	67.5608960044076	70.5738848861382	70.7498797799074	68.7617676688340	67.5977193012735	67.2918064034165	71.9671847964258	70.7613738818472	70.9231363307689	70.9049687861758	70.7585735566714	68.1086062921611	68.4894940146802	68.8250947773323	67.4173416316301	67.1944543451640	66.2888695863317	67.5235591083685	70.5416651484561	69.3399020597562	68.0538168914412	70.1931493867522	67.8468981175011	70.2704659335563	67.8293097342400	66.8517480963338	68.9018555871499	71.7111055353954	72.0573703438373	68.2086972208959	71.4908386047533	68.9917734248078	69.9188328770607	65.9790615454850	69.9697251265182	69.4052900910539	69.6796260866949	72.1737642405991	70.6729923193221	70.5677713116778	70.3698127946897	67.1090061714052	67.2177347931396	69.9905375873604	68.0342905368761	70.3011090665125	71.1933447593165	68.2895990051276	68.9981150837322	68.0046321149481	64.9330583723311	67.9287348408152	71.1449215661754	68.5581847447009	66.3652707482787	67.1399746639146	70.2537899002144	68.6046782309743	72.6401809914244	71.5792982640055	70.0549814523260	66.1617455241022	68.9317173909675	71.4234837029983	68.1101290754455	68.9918606800969	67.2907866880494	70.3760247358948	69.7055820155909	65.3004967668491	68.3749546224814	70.8501119342543	71.3342451690005	70.1285979450992	70.1809309948100	66.9507898435095	67.4573151699940	68.8295947040260	68.8495502674162	68.6236766038572	66.8391327593813	66.7531528523846	69.5378209079790	69.3071778957881	66.9544659724810	67.3359790980870	69.7942558900482	71.8530410774760	71.3326944245393	68.5688871304926	66.5418901631126	80.8149525813474	79.2683888476211	77.3649626105889	79.0546480003100	76.8169053640494	78.4791119445558	81.4015838402697	76.5147549296420	76.6787791027048	78.1292612515485	76.7995289356775	79.7046503975240	77.0236597601193	77.4201861368610	80.7063048953865	80.1796856515533	80.5486146709988	78.8504434475096	76.6020846555084	81.4286722150994	81.2021626497628	77.6027857636768	77.3214269764873	79.6636326813146	82.8720612398461	80.8356044427329	78.0623155830713	79.1372261696314	77.7154348083959	80.3537996363038	77.2981351216428	82.5500502303885	74.9996888150697	76.2059822457463	78.4082479581775	75.5528643233798	76.4920407683325	79.0181154543103	79.0221491438660	81.7254821442127	81.3787469853078	77.8208485328166	81.7278437372345	80.1084845725864	78.0941744221613	79.9512441674692	76.8860806290611	79.9611212398877	78.4670945078613	80.0105128116859	78.6317490156704	82.2773297304882	79.7126095714543	80.1988951414272	79.2894125491300	81.5274805804478	80.7046910573738	79.0192715001437	76.8276643131067	78.3535850889530	79.7320800403518	79.4815188158708	76.2843504824595	76.0965478430379	78.4435683898982	78.2469296738847	76.2186400324007	78.0161518569901	77.6160641817954	81.7883801078577	75.5610253666326	78.4166975915331	78.5052939176580	80.5317433975608	75.6167165444935	78.9917783175241	80.9235033690869	78.2123966399961	81.6646899906407	76.2681029587108	80.5286122364548	76.5013544875361	79.2697682436084	77.3909856105368	79.4914623406119	79.8473029478637	80.0565477651618	77.8983903944265	77.0599808536809	78.2433840414123	78.8380144764038	79.8361577388612	80.0106151828640	78.8983082848668	76.8344099119642	78.5615120890298	79.5574423369256	79.1684798130079	79.0189986844652	79.6622763707885	81.3541382573689	77.6547083401588	81.5697654235303	77.6011540183849	90.1525462061220	91.0461838449645	90.0084727816156	87.1469276082389	89.5806345012019	88.9023516632664	90.7609089223643	87.0551529026054	90.8183051516134	86.8473658020215	90.4187639562623	90.9173880652213	88.0165815869814	90.0674820215920	89.7654193760475	90.6040959198578	91.2882416511375	85.9130064256033	88.7917301555822	92.2485355263801	87.2993099451107	90.1653703378945	89.2899506278553	87.8865614745790	88.5843606707789	88.7452277580835	90.0307121903850	90.8984902734635	85.3689319865262	89.4569808754665	87.8473655305898	90.7332957000376	89.8406712533767	86.8396990147124	89.3674526203040	88.0815487470353	86.2507187160473	90.8297875822765	90.6601483842386	88.1329399119195	91.2171831211018	91.8787224873165	89.2754701244101	90.3659964330979	86.9158215876906	85.5278123678214	89.1866003580659	89.8632035885561	86.3570876724659	91.5655550051687	90.9721608108134	90.1162567619570	88.7518851646225	87.9707418323176	88.0164181449543	90.3674280947016	92.1541158078003	87.6437361691733	89.4191417146923	88.0202393737649	91.7886065780278	87.8854099829150	85.6742856439580	87.1171504965979	88.4292221883900	90.8071937183401	88.1943864912252	88.8028051485885	85.5098066448821	89.0418075800379	89.4919145118343	92.4574732746321	91.2103589129793	86.0434061333015	86.1785548285753	89.4427403498487	91.1185777799233	89.3189062221220	87.8140123606064	86.9329512251572	90.0037779015716	86.7346000688639	87.1218840673774	89.8891301469849	88.8294422699816	88.5414444077589	85.9322671903314	85.9050223363957	86.5670694632505	87.3740470038582	89.7399989478601	90.1007936914521	87.8241963272627	89.9200138995868	90.4660484895897	86.6547480811724	86.1575260709103	87.5511438387788	85.7631969657911	88.4608586003994	92.2313804535578	88.3242827903641	88.7919780978412	90.0709078647570	100.878963643986	101.547734262891	97.8382948487230	100.895836362174	101.214914699496	100.430039096717	98.0545422425368	99.0692227980590	97.3409921923809	97.5914791985572	97.7158660616411	98.4687900825721	96.5733912615906	98.0944614643477	97.4694846183353	101.996629460550	98.8049006381762	96.3661835467653	100.244205417074	99.6429025636429	97.7020015892066	98.1916815216245	100.189034535145	97.6090947813077	102.468723550709	99.4826621792470	98.4169998996471	97.8456249087664	95.8673019415727	100.857384438471	98.0404000274642	99.2430183246845	96.1234379299348	99.6402358391605	99.1855035687131	98.5062784619975	99.4653946752112	102.080567441957	98.3301743541126	100.446753896157	98.2083277111469	101.054785721988	98.8715203060036	97.8837468863601	97.6110415322726	95.4187724615039	98.9335052585530	101.179178764177	101.069590913143	98.7380428789479	99.5419568826135	102.063198433368	102.854622184680	96.8689676619396	99.5305354627940	102.037060585482	101.842002789152	99.3397636742692	99.4907528266477	101.297132936033	99.8979400927926	101.858877911838	99.2283418856246	98.9813213766970	101.570907620911	102.290199261676	97.5283520357523	98.2499122118146	96.0238052062803	100.945490732718	95.6745726489910	101.194943403114	101.613194630358	98.6712489397348	95.8985958577009	98.2423766923117	100.075301322785	97.5050670665177	101.109259087157	98.1358320695399	100.919971335055	99.7753252427699	96.6493181632348	100.882741875676	99.3693263946165	99.2898823917639	99.7909073341072	97.6039050048925	101.102227547588	97.2907071097198	99.6297102295125	99.6499153143433	98.5482980870628	100.829959419795	98.1862328154599	97.6394776462280	97.0327563914863	97.0550828490842	98.1482560372670	99.8041741634584	97.6843156483345	100.123318908433	98.0910052213920	96.2819731626966	108.540002707541	112.277545172163	109.404713331069	110.872231707383	108.339428520257	111.001293145978	107.734163453436	108.272091779984	111.291744489874	110.542221757945	108.177159635255	109.869047600400	107.723975342705	108.837655656733	107.963818759189	108.757810249430	107.308640417112	107.448562990076	109.111471741387	111.653258502329	108.831178031991	107.050111184449	109.052509675565	109.131874363925	109.818623938550	108.178891797533	108.004455575666	111.396712908598	106.335228273343	106.660498825322	106.791937548631	110.698880224435	106.411237083083	108.231003749845	110.072496484776	105.163041530895	106.184251349994	108.042716501673	109.799494353834	113.005918419836	111.478395889667	108.651226113070	107.896554146243	111.271824886598	106.709188016568	108.611416408929	106.171874367309	107.462728956244	106.746795509787	108.922793282146	109.349457990905	108.879642059418	112.465375718215	106.940272489364	107.478763521705	110.103234130722	110.118360440265	106.571383689486	108.334223641953	109.047719250687	107.993501756946	109.583809409170	108.598493610437	107.512660146152	107.907973442872	110.653570655432	109.422285969994	107.464455689422	108.199357376789	112.359824533661	105.596910496769	110.804559056960	110.833336402612	106.654542753963	109.494815189385	109.918635265745	111.988218468888	110.506037242749	109.638647262831	108.342786305227	111.086870274779	107.608345113052	108.602788578344	107.983403686539	110.134043447056	110.237226672023	105.788467118136	108.409140294273	108.329698078625	109.417798134036	108.112117771226	110.767601340660	107.551655065033	109.366913699893	107.901111088149	108.251508058887	110.096683318115	110.200145535647	105.578127715184	108.117487222941	111.324363985936	106.772010651227	111.308895722601	109.920157672171


objFunctionValue:   669.207136123994



