Dataset 29


dvh_array = np.array([
    [ 7.63, 2.92, 18.13,  3.02, 12.51, 12.18,  3.38,  3.28, 0.00, 0.00, 0.00, 0.0444, 24.99],  # Rectum
    [ 5.07, 0.53,  5.93,  4.31,  5.89,  5.84,  4.36,  4.34, 0.00, 0.00, 0.00, 0.0000,  0.00],  # Penile bulb
    [ 5.25, 3.61, 32.43,  1.90, 15.45, 12.70,  2.35,  2.21, 0.00, 0.00, 0.00, 0.0000,  0.00],  # Lymph Nodes
    [ 1.22, 0.82,  4.32,  0.28,  3.47,  2.98,  0.43,  0.37, 0.00, 0.00, 0.00, 0.0000,  0.00],  # Rt femoral head
    [13.65, 1.26, 18.42,  7.50, 15.62, 15.03, 11.28,  9.17, 0.00, 0.00, 0.00, 0.0444, 24.99],  # prostate bed
    [12.39, 2.09, 22.09,  5.60, 15.62, 14.80,  8.14,  6.86, 0.00, 0.00, 0.00, 0.0000,  0.00],  # PTV_68
    [ 5.42, 4.34, 72.70,  1.45, 17.12, 13.75,  1.95,  1.80, 0.04, 0.03, 0.02, 0.0000,  0.00],  # PTV_56
    [ 5.80, 3.93, 21.23,  1.06, 14.32, 13.65,  1.54,  1.32, 0.00, 0.00, 0.00, 0.0000,  0.00],  # Bladder
    [ 1.21, 2.75,240.20,  0.00,  9.81,  5.09,  0.00,  0.00, 0.04, 0.02, 0.02, 0.0000,  0.00],  # BODY
    [ 0.98, 0.61,  3.34,  0.10,  2.64,  2.32,  0.31,  0.26, 0.00, 0.00, 0.00, 0.0000,  0.00],  # Lt femoral head
])



templateX:  -51.0644823502046	-50.0078542623041	-49.4631994489045	-51.1721962292017	-50.7449616069755	-51.5300069282293	-51.3844897680263	-51.7717544509241	-45.5840009280031	-45.5831010857936	-46.0884885024400	-46.3142563728954	-46.2843936006490	-46.2065924031625	-44.5510125454236	-44.4168736931818	-41.9804819278912	-40.1773971061775	-39.6454543959397	-42.1942275122038	-39.4206956914680	-40.1443954494356	-41.0491852826413	-40.5694421586813	-37.4605915080790	-37.3850408035350	-35.0560149136859	-36.0006121710521	-34.8755781968361	-37.4076227660012	-37.6299225143504	-37.2675420609929	-32.1718157257342	-30.8724748093730	-29.9745125680299	-32.7578145709348	-32.1829861912774	-31.0391492422093	-31.0006352130934	-29.4324893915148	-24.4155097918561	-26.9762756645641	-26.8327355947210	-26.8030105021784	-25.6792897591436	-27.0266678081372	-26.1850605083471	-26.6161222822461	-22.7622779044124	-21.5004065225720	-20.7472254956143	-20.6027191874434	-22.1781555879837	-20.1440302593334	-21.9366684623536	-21.1524683822081	-17.4034906534215	-16.2330410199933	-14.5113175079330	-16.9942333606516	-16.2878109242581	-15.5924149040816	-16.4298879061457	-16.7493415559185	-9.96253744599260	-11.0523119974803	-9.52863218637717	-9.49219759624884	-12.5170918928730	-10.6687620424911	-9.95305948569779	-10.0560068306031	-6.24125222739850	-7.05971744178876	-7.50484947703460	-7.15531197049347	-5.22000543908712	-6.70028953866692	-7.32702206925451	-6.32044273705107	-1.94712202708089	-1.12192631783689	0.262879773851748	-1.34777154415318	-0.00874952604901469	-2.82625744387213	-2.73737839801314	-0.612669883747957	5.06790460566033	3.25642150323016	4.87765796023862	2.98033427807416	3.34414091365817	5.42418038470743	3.79021920133765	2.69290468079020	10.4923293850008	9.94432966608746	9.30680664137676	7.43658819402889	9.88644171986888	9.79809700853002	8.50296318846834	7.64971522689591


templateY:  -397.036576635326	-386.566322021202	-376.677335478703	-367.010968076509	-356.931166606959	-347.083682524026	-337.781215794470	-327.554907477374	-392.573744482646	-379.589498845076	-370.775213207142	-360.543943645681	-350.189568527555	-340.518231236616	-330.852168249639	-321.149119996059	-396.921705222578	-385.598990277064	-376.537666541042	-367.133605699958	-357.833895815559	-344.497950288932	-335.719100162395	-325.151498375267	-391.285260657798	-381.348986811500	-369.748764584102	-360.538812675132	-352.690237242739	-340.497670681820	-329.378558621867	-322.333700019140	-395.600409573796	-386.391586923774	-376.674886653969	-364.384390425239	-356.129591599379	-345.114626316780	-336.585862819107	-325.146424298050	-392.213638233531	-381.831935976940	-370.720912998918	-362.071225861701	-351.128502358547	-340.762692007619	-332.803817800047	-321.933541672465	-395.427109926964	-386.186489220341	-376.030187603596	-364.558761606468	-355.688688559138	-344.743394663884	-334.762219917198	-326.059407162712	-392.713863112647	-381.950498479953	-369.711611582987	-361.639491291099	-351.749862904960	-339.880801781448	-331.023681051692	-322.606478188813	-394.384863973947	-387.322898837900	-376.687525596753	-367.232929803670	-354.523322571634	-344.659254242716	-334.601799423851	-326.456450449066	-391.990938838970	-379.789672007874	-372.098182647302	-361.319342725306	-351.577992428596	-341.529214319514	-332.203821071438	-321.968211283554	-394.535494960121	-386.588814485484	-377.866646593971	-364.448160576671	-357.469028941257	-346.824385679621	-337.717324840331	-325.862953310625	-391.617789314951	-380.686424439184	-370.421596879424	-359.771220123920	-352.291779968839	-342.817603467361	-329.415838784258	-319.582102394622	-396.600936725819	-385.244488886934	-377.799810692746	-364.826878818950	-355.299630728457	-345.469786011902	-335.794205551001	-325.551587000935


templateZ:  59.0297131380719	59.1314751432631	60.2893303455617	57.2720847903600	58.2007541960654	59.6759246284712	58.6290475483385	59.7218490727727	57.5908973621371	60.6097956646835	59.0464174551803	59.6856843736690	58.8951872416868	59.1329850229926	57.3425506718897	60.3395271845790	59.4345748474362	57.8654078212876	59.4694367376689	59.8845418881091	57.4187228844840	58.9471125162222	59.2743276253363	59.6941842307073	59.1350139233498	57.5479699244806	58.3063466841669	59.0227441813975	58.4383513396198	59.5425777266797	60.4564517212760	60.5954034330101	59.7775865591461	59.0622925026417	57.4466215192744	60.4394764234087	59.4440224790137	60.0627634484378	60.5271483728154	57.7281439965174	60.3408842419782	60.0446511443992	58.1212860783574	58.8951714547696	59.4887024440899	57.9855278502260	59.5911968227111	57.5706337099834	57.3847700483274	59.0057115434762	59.4945421281449	59.5562131406770	57.4374043857956	58.3022953910592	59.9785769106996	59.2533566410810	57.8286197967815	60.3796273071364	57.6851181907630	58.2822928111545	57.1224238225777	60.4521215080226	58.8467670728848	60.5445154154135	59.0299768679315	59.4055226573872	58.1136367609919	60.1265096195305	57.5154877389948	59.5530151751936	58.5623906650652	58.1785857194004	57.7471119027993	59.7609969012509	58.5519751067340	59.7337974627522	60.2076837868013	59.2232965353983	58.9046780618123	59.3599377514081	57.9782332518273	57.4443881376372	60.3435034573920	57.5352294062013	57.7130167119368	60.0911031118640	59.5187590659638	60.3550393302437	59.3461252170231	59.0237886099011	60.1547609687120	58.3681583783047	59.5381377414244	59.4480696693216	57.6971046332531	60.5129654516999	58.8163366643326	57.9659043468666	58.8373839887354	60.1592517138482	59.9670754598356	58.2354581129300	60.3984507087764	59.3668307175798


seedPosX:   -51.0316154843718	-49.6956568923180	-48.6032375516383	-50.5250317893952	-51.6202369822609	-51.4095035088040	-51.9594812507754	-52.3741368911946	-45.6049130901905	-45.9154474944886	-46.2833921102582	-45.1649858637598	-45.6317827787464	-47.1633223500832	-44.0675037110561	-43.4660771902904	-40.8369246614707	-40.5665143524612	-39.6368168394536	-41.3346903590234	-38.4505485318886	-39.2414524064163	-41.2053092941842	-40.1633587439667	-36.2602331145883	-37.5197652308030	-35.0189742154073	-35.4521917876854	-35.9055073504265	-37.9446253769522	-37.7325820620206	-38.3546998048374	-31.2170704591680	-29.8631532038179	-29.4262502462732	-33.9861147043647	-32.6977982715835	-31.1802324880141	-31.3099329034429	-29.4997582750879	-23.9570748876171	-26.0547633945561	-26.6102002123957	-25.8993990630915	-26.8117952950768	-28.0970716459813	-27.1514960624593	-25.5522764735431	-22.5802228421899	-21.6132599175922	-19.8146919880662	-20.9621555471020	-23.2858764988559	-19.2182276975860	-21.5796073611626	-21.5240494388645	-17.8472899704933	-15.4451545323181	-13.3269134531056	-17.7323502583584	-16.0534837383872	-15.4431636615862	-16.3744744616106	-16.6199943539499	-9.30499103937542	-9.99538636615620	-10.2360625808062	-10.5682800306158	-11.4296792472259	-10.1592682428260	-9.17513405854210	-10.4309028352874	-6.13053099925312	-8.15748032055468	-6.44398403761665	-6.58783361260131	-5.79790832814737	-6.57181181892473	-6.74543186344554	-7.24223977151304	-1.23173570723741	-0.404747501317920	1.02781899978607	-0.190608460285398	-1.03383297147244	-2.47193794012140	-2.35499653650282	-1.43486244981629	5.52416275743149	2.24893518035235	5.83454581020002	4.06153264542099	4.07042864487353	6.24458111626902	3.12854446335959	1.90202605766706	9.76264763789847	9.99702965459407	9.06172502167605	7.30958303514853	8.77361035257338	10.1343186988471	8.49498000349778	7.42343461590215	-50.3171303575345	-49.9704842213774	-49.1476198134592	-50.1819023460714	-51.0760610679653	-50.4088018416026	-51.5054199021254	-51.7547026107942	-45.7967884994578	-45.7429420240228	-46.4440833427135	-46.2707752521660	-45.7560998938513	-46.1741604556887	-45.6830448805516	-44.0948674300346	-41.5627255524920	-40.3280340307783	-40.2469492482905	-41.2452549094311	-40.1559136091321	-40.2914189562429	-39.8255983145974	-39.7188711252318	-37.4375530514401	-38.6153006733504	-35.9802002451336	-34.9332420889647	-35.7444794725640	-37.6631685776739	-37.9429998257709	-36.5520749355734	-32.2730366185295	-30.8305535113595	-29.0278295702790	-33.3972273990771	-31.6900056811646	-30.2404743756319	-32.0913322281475	-29.8064272830768	-23.4020296387892	-27.0785347006478	-27.7480219752558	-26.0334668297973	-25.4685679037760	-26.9499262886038	-26.1030571320903	-26.0128759719004	-22.0877511616961	-20.5231408547621	-21.9263241722968	-20.0033460030890	-22.9756897051760	-21.2986373523722	-22.2589298732409	-22.1665179409398	-17.5296566018357	-16.4242119538147	-14.4383136394380	-17.0775950353438	-15.8577466703097	-14.8049963468232	-15.6305090643033	-17.8048323044684	-9.25427033183839	-10.5239959537851	-9.73920492777864	-8.58975280282060	-12.6359952696565	-10.8621585359111	-10.7126613773670	-10.7218227763343	-7.38900315596833	-7.91684350532996	-8.06569482583821	-6.61327044874851	-5.00558434027673	-7.34280363828246	-6.80567964937688	-6.92303478169947	-1.69758041323383	-0.542233518448806	1.14419766890593	-0.571735272784946	-0.436581731712617	-2.12705869784488	-3.25056386339758	-0.265704940682087	5.37535356760948	3.11300584719580	5.88446176142837	2.00912759116911	3.76333470967413	5.17946849424497	3.82335531736013	3.33761625649998	11.5163010514572	10.8626821185910	8.70615659485785	8.66422581671375	8.86115264946931	10.2688854506195	7.27091261561797	8.62614965767946	-49.9053603754895	-49.3302169274668	-48.2698264239302	-49.9401805334853	-50.7914251163454	-50.7985247674232	-52.1505296712318	-52.2618336888399	-46.0439175962116	-46.2321180572663	-45.0541694559132	-47.2143462095148	-47.4856626905941	-45.2521524580226	-45.3810015310633	-44.5571949623465	-42.2463841402237	-40.3129490748001	-40.1855693541333	-42.3953466382067	-38.5973170982091	-40.3865283019554	-41.9976683068888	-39.4355327175762	-36.2356974630438	-37.3138400963057	-33.9306537359598	-34.9782991116965	-33.6521331333581	-38.2426684910736	-36.3993184333677	-36.4579851495631	-31.3831088441487	-31.3463946775588	-29.6468863351830	-32.3993345618965	-31.7869086174609	-30.8268726752640	-30.8431012161892	-29.4013861354483	-23.2125536182243	-26.8491777749244	-27.9458323602846	-26.2354767473270	-26.2996565135531	-27.2562396543678	-25.6169635471443	-26.3179685181026	-22.4073271560394	-22.5452073069548	-20.3812516400173	-20.3612553743875	-22.9697490455875	-19.0793722066768	-20.7110435001729	-21.4185178315187	-18.5036254891948	-16.2184207054984	-13.7083293524660	-16.6242864556796	-15.3429214599805	-16.5788767612660	-17.1297604328408	-16.1647814440935	-10.2335875456013	-10.8246965347327	-10.0448838835682	-8.39319366907227	-13.1211185112911	-10.7743346694143	-10.2280579486749	-11.2469366912857	-6.04973239695953	-7.73257447416709	-7.15581970935277	-7.85887168400364	-4.76275681135685	-7.20920727405658	-6.50879040610000	-5.66339296580436	-1.70330278484624	-0.290629741793719	0.702586084408663	-1.39859537714236	-0.0457316671407470	-2.66216891257943	-3.71515480331788	-1.68959084671758	6.16188214718197	4.13832679098639	4.70586063138267	2.50888407737887	3.97602918113984	6.59750128615756	2.74761132944507	2.10095791378869	10.9248643201585	8.78948757553804	8.60034959043602	8.34218676499310	11.0380304219501	8.55437369192245	8.28916450415279	7.26799736173224	-50.7969811502779	-49.5769905833370	-48.2824766167197	-52.1015391058349	-50.0139820374274	-51.5584787182596	-52.4911679380823	-50.5412333048799	-46.6368766777905	-46.1106378150600	-44.9255678357953	-46.2568837085155	-45.2626676835956	-46.2766132016549	-44.2232544656249	-43.7471555987094	-43.0967768523595	-39.3146838459864	-38.5526486708890	-43.4308282381842	-39.9254670004702	-40.5963245370194	-41.0283981453377	-41.0927484339062	-37.3286736826395	-37.9490454598077	-34.2493058144458	-35.9695213345094	-35.2156513212978	-37.5662971395345	-38.0094838513725	-36.3458153072670	-31.1165467876849	-31.0636220979010	-31.1187694194853	-32.9386416815919	-31.6629453399630	-30.7751375073704	-31.3755734256736	-30.2232905165020	-23.8727009962309	-26.3380987574834	-27.8399311412118	-26.9137736329870	-24.9387796270002	-28.2429740440941	-26.9174981506919	-26.6370687465934	-23.1504469092155	-22.2000057894801	-21.3233059675726	-20.0748954474479	-22.5251912425906	-20.7216454216031	-22.4222325148345	-20.0281292625970	-16.9510367243215	-15.5206017099996	-15.2504172314974	-18.0088411318899	-16.1941053275349	-15.7664807681862	-16.1188387471626	-15.8970045785560	-11.1135389651544	-11.1151004777177	-8.53840050892039	-8.32171374523014	-11.3266959191847	-11.0784902196083	-9.67783447783410	-9.97551113134051	-7.38686845077188	-8.05973732063126	-6.88252936199839	-7.69065275118915	-4.81970432112417	-6.59953058305203	-6.86903742912622	-5.38941232400468	-1.14816359164324	0.0878295245492646	0.426496717832671	-1.81783592108881	-0.735089354221262	-2.20432718550126	-3.83314123043184	-1.00880301232893	4.69328965828933	2.13000326157707	5.62154316536017	1.80363639780805	2.12892299750126	4.66780409107106	3.31910870568736	1.53789393921942	11.6969228128291	8.94962302414898	8.84341883515508	6.89955733188573	10.4364035256869	9.80540710977270	8.38916211748155	8.21017021747372	-50.9503059326346	-50.3581429750841	-50.4753387533579	-50.5697393869974	-49.5403159238545	-52.0765312376830	-51.4209471142965	-52.3089192794775	-46.8049556425244	-45.1296885813697	-45.3242090664222	-46.6446730074214	-47.0810588253790	-46.9573805831229	-45.7766087092270	-44.2302895809134	-41.8460709673124	-39.6971898821947	-40.0014107545319	-41.5166624385189	-40.0448688437779	-40.2185731645806	-39.9282064920928	-40.6479448232943	-36.8649974152509	-37.3189026262277	-35.6956940120540	-36.5098747990846	-34.0453624800376	-37.8404179616986	-36.6827357101367	-38.0584160070871	-31.2636855769791	-31.9887362017830	-30.6417472432419	-33.3507639926231	-32.8346656242083	-30.3423859814050	-31.0736234259006	-29.9362766066247	-23.6939430923425	-27.0462804103106	-27.6315096924077	-26.2657451211756	-25.6364189814094	-27.2416461775762	-26.0731489612260	-25.4789378819541	-23.4600372425171	-21.0329319075510	-20.6351839971635	-21.8464369506186	-21.8467874000250	-19.9833785723265	-21.9468386392615	-21.0859474149400	-16.2768950753962	-17.0024125586585	-15.5252682324751	-16.6691467561245	-15.7667625039684	-14.8369988425327	-16.0844428974331	-16.0066901877796	-9.43978540894724	-10.0178752252420	-8.52181001885605	-10.1814619297017	-12.2762708216432	-11.7415458852179	-9.27643652767265	-9.72922605031153	-5.54399594697474	-8.22394267575852	-8.43625723405155	-6.59054787488309	-4.22536896411789	-6.10921100405314	-6.91405414015078	-5.65050133115058	-0.809085035630349	-0.648533324771232	-0.538574496582587	-0.642242901416023	0.856160989949545	-3.25093125524724	-3.78146098314055	0.222686809347275	6.14296715580304	2.29882691597284	5.54124153391739	3.47554102370516	2.26171675103096	4.56269298645423	3.87892291976515	2.41550338654512	9.48421576002749	9.35864563842284	8.59739511485030	7.78541148718199	9.02596626823763	10.8975994783423	8.47530342756246	8.60912374100591	-52.0070083077075	-49.2086031098359	-50.0868726037460	-51.6537921648156	-49.5093101238657	-50.3522174377273	-51.5701784769645	-52.8791588951820	-45.8920274498710	-46.1062245798330	-46.4410565224212	-47.2626725155388	-47.2634265916300	-46.3435026511196	-45.4114529232750	-44.8265661488126	-41.9682288749790	-39.3586735480040	-40.3967374588901	-43.4082572450048	-39.8064594320789	-40.0588050619373	-42.2402930191987	-39.6723793729931	-36.9371325329099	-37.8480608421271	-35.1932282892333	-35.5430802379079	-35.5013970447446	-37.5571957197990	-38.0981441433892	-37.2170589452587	-32.9256102630520	-31.3757330566801	-30.9984382976837	-33.7910816871047	-32.0180481014346	-30.7142462148347	-30.6305889436545	-28.4273681037595	-24.5893616069682	-26.9283158480061	-26.1626265269713	-27.9174911911529	-26.1765020772587	-28.2056768194322	-25.8477389118102	-26.0164048560269	-22.3564994024484	-22.1268512022245	-20.6610207367079	-21.1152058755291	-22.4430843311128	-20.0834643877786	-22.0919401430466	-21.3005788139402	-18.1283809770689	-16.5579103588790	-15.3056690857889	-16.4495316303922	-16.5416278793429	-15.6910811094433	-17.1193787076528	-17.7396415717863	-9.62723817316183	-9.92831766265559	-9.33136382138671	-10.1436683538066	-12.9544806528950	-11.0480070701721	-9.72349413561991	-9.28101318652471	-7.21716258239110	-6.64260210031253	-8.57011941603587	-7.19147556034026	-4.75082961039669	-7.12309206375506	-6.39125474259943	-6.36334290539532	-2.01801348241004	-2.33838500331523	1.45452017454817	-2.41855923532612	0.208589044131218	-3.72705196766408	-3.33349577827038	0.500324588593634	5.74682681203087	2.81150100370269	5.11149275593937	3.65299742325492	3.20599826856359	4.18435756173193	2.68448964332649	2.35857266571711	11.1051981978876	9.26126303616965	9.89863789657697	6.50223450130442	9.07019083480647	9.87047201121715	8.04167848218756	7.33450611639493


seedPosY:   -397.939351908653	-387.513616939468	-376.545999505657	-366.460618151936	-356.544254885976	-348.223658809352	-337.675616349593	-327.648006479547	-392.192781509248	-379.748986936708	-370.109383717441	-360.027057090594	-349.476144171687	-339.629205308114	-329.621861621758	-320.213121207675	-397.304189822260	-384.637389526637	-375.743626907009	-366.869845082942	-358.803331565773	-345.241993925872	-334.494953834620	-325.928834866485	-391.159130828507	-380.888546374050	-369.102457582977	-360.171814269871	-352.470064593914	-341.023772975503	-330.500436846486	-321.144018363296	-394.748828225409	-386.707783088018	-375.466443631460	-364.503642800144	-355.846498719489	-344.162248238382	-336.045655798922	-325.714091779654	-392.644136051495	-381.246086798536	-370.260052691531	-363.194619857860	-350.124579739019	-341.077434005854	-332.322512580105	-322.479344445408	-395.693083820189	-385.220551372041	-374.960604372578	-363.666237438342	-356.754562407383	-343.828558323385	-334.398264528269	-327.142662960519	-391.563845794164	-382.010799574808	-370.407275417964	-362.541423702820	-352.302201259912	-339.560984815475	-330.106158446133	-321.392033000670	-393.820011441176	-386.389503475104	-376.264338938875	-368.252516022261	-354.236681071762	-343.503429715932	-334.146510150585	-325.738775585315	-392.645194400244	-379.313034596018	-372.978654924485	-361.419038867536	-350.878753413903	-341.083900232443	-332.611734658898	-323.008048505377	-394.489519500350	-385.550012349452	-378.824702006603	-365.656104605777	-356.459189863068	-347.278741849668	-337.383720008946	-325.321505695913	-392.417495710564	-381.471990775828	-370.999797849613	-360.276329080369	-352.971198133547	-341.636212632841	-328.278716495807	-318.983610101679	-396.186646036878	-384.500695977183	-376.649169442568	-364.334823498530	-355.278200329944	-345.976232264105	-334.887108770341	-325.596126158286	-398.159009264152	-386.269316595465	-376.593223084652	-367.310990128718	-357.895880148943	-346.028969762590	-338.425466505722	-326.607306371933	-392.034891031207	-379.220960955259	-371.687292227538	-360.830660198309	-349.338889773707	-341.396404372776	-329.911785414600	-320.776832479286	-397.999007502368	-385.969548540559	-377.671661936580	-367.533517496732	-358.876821427658	-344.730385375594	-336.604149846855	-325.597572012477	-391.748311877228	-380.773096423388	-370.689951140455	-360.501829116690	-351.718770893588	-341.032669540098	-329.860318217479	-321.737331377140	-394.845663289291	-387.486733884363	-377.271237316022	-365.630879552708	-356.343140990689	-345.991896445739	-336.418733057034	-324.529330807217	-393.250759883554	-381.206088068757	-371.743282572928	-361.336130870403	-350.465379443950	-340.291677305220	-333.865979835338	-321.375981112974	-394.625243213101	-387.297989605530	-377.067117549888	-363.755491731118	-354.856022619375	-344.859366586829	-334.947308084019	-326.078030314812	-392.170158855527	-381.481035985903	-370.834026441709	-360.489164829286	-350.877972687043	-339.262958968776	-330.559322078528	-323.341201573351	-394.734151112569	-386.593200793839	-377.927378885213	-366.026928065788	-353.708909630533	-344.729315706757	-335.152610197995	-326.709364152963	-392.777679483463	-380.840205023147	-373.150675543094	-362.152377199204	-350.712583538125	-341.769886520699	-331.465324406602	-321.649055546867	-393.607460335258	-386.754629126431	-378.091987048111	-365.409798210343	-357.088472268443	-346.390453023071	-337.731637532138	-325.994220518488	-392.156938090151	-380.969753000488	-369.450382828669	-360.956445252766	-353.219384329619	-342.364772027703	-329.320704627195	-318.715532396723	-396.622637519129	-386.143676727129	-377.316570852571	-365.986556746391	-356.484970937837	-345.213484356987	-336.780034406557	-326.098559459299	-396.503622292152	-386.594955284083	-377.397362590224	-366.360170843442	-356.600704272461	-346.709434260703	-337.894649427753	-328.730738555893	-391.465758282626	-379.406422784176	-371.512535547655	-360.071273103607	-349.717178834615	-341.317050140570	-330.337338486905	-319.910370149485	-396.066448840992	-386.748604773507	-376.615472732109	-367.869962649245	-357.045366283459	-345.226384022348	-335.825817788218	-324.519284681616	-392.500104899521	-381.412011936668	-369.406479566703	-360.879750876542	-352.424111324390	-341.481090643746	-329.973042022672	-322.979884373441	-395.308085627284	-387.591002070516	-375.474704968728	-363.599974588651	-355.796283006642	-346.257502569662	-337.647806440375	-324.814990240617	-393.121987151628	-382.625753603205	-370.031963587557	-361.557846804455	-351.124526224743	-339.873156917414	-333.183182116698	-322.427325469274	-395.805609704451	-386.107856843899	-376.352665853616	-364.715593206091	-356.044151016714	-345.638779974633	-335.525972827589	-326.324137248744	-393.338137118054	-382.985840539135	-369.806963189435	-362.383388715163	-350.921766994168	-340.712270101456	-329.829729916485	-323.182031098948	-394.113828563875	-387.965314775957	-375.893843050665	-368.295539911298	-355.662148898126	-345.152865581839	-335.099346727874	-327.457894214370	-392.220831609140	-380.093511064431	-372.954498430892	-361.830369113078	-350.790056173240	-342.376377202385	-332.277284935639	-321.008182805646	-393.778318318407	-385.828886000370	-377.753802627382	-364.916269835757	-357.632624561288	-347.428641869933	-336.557963482134	-324.618962624010	-391.505164116580	-380.431468503270	-371.526337160101	-361.010291395966	-351.157078941541	-342.013124877208	-329.770196552782	-320.451477135228	-397.744057777254	-386.303202677044	-377.331414581641	-365.604351599923	-356.483283143022	-344.990439136691	-335.202254574980	-325.769102911972	-397.746737066446	-385.548530104295	-375.439321494590	-365.786815162489	-356.679712247588	-346.597805242119	-337.357152850364	-327.988095156991	-391.993868296758	-379.674921537415	-372.020616652714	-359.541279803394	-351.330378001186	-341.437523595729	-329.881577438581	-322.118271866273	-397.439360507351	-385.129802062017	-377.055162131866	-366.602194129968	-358.038623837986	-344.405242470198	-335.147073371696	-324.765494489260	-391.335223501790	-380.755065765573	-370.320772026441	-361.788463804655	-353.185292028747	-340.629078648526	-330.022913655151	-321.560025246397	-396.260876253552	-385.328610468927	-376.770925425398	-363.193878602731	-355.092131401655	-344.475731123181	-336.034874206749	-324.010753626483	-392.463613192766	-382.732702379983	-371.485807384332	-362.822693222666	-350.961405422572	-340.223506108341	-333.757622314713	-322.231135413183	-395.237082890200	-385.674270903737	-374.884530873283	-365.800563219026	-356.740696679676	-345.252688269813	-335.727996663811	-325.366055490621	-392.646075799553	-381.915829612219	-369.753731875110	-362.540767745592	-352.998304951129	-340.988134456732	-330.524852253148	-322.866642873484	-394.367089704047	-387.033359579174	-376.142125835445	-367.164105702598	-353.400451893531	-344.040424311840	-333.999170197256	-325.847768984287	-391.707780618846	-380.407095050308	-372.977493953189	-362.467424165991	-351.553348174644	-341.295443853354	-332.640794437205	-323.195272142495	-394.300461895418	-387.128222461972	-378.958321463117	-365.548818487312	-357.139089256020	-346.814760231911	-336.892050153765	-326.657526595537	-392.528381514213	-380.661064292380	-371.061372228315	-360.947023650402	-351.972267108186	-342.071524799064	-329.165459444610	-319.357211352280	-397.734446709045	-384.899453450918	-378.561080145862	-365.248276319694	-356.375258508310	-346.521612299304	-335.272921606850	-326.155150584296	-395.838117824307	-385.731148776559	-375.433171691084	-365.870659093937	-357.274169408665	-346.444327990284	-336.889456673885	-328.415977208300	-392.321356420250	-378.360999212687	-371.293276036810	-360.997896689710	-350.625881460807	-340.449528730944	-331.737521886673	-322.301939395020	-396.017647000252	-384.388344128856	-376.686906337934	-367.311891763691	-358.622531026142	-345.280279295011	-335.573004861523	-325.911389350703	-390.861131868882	-380.704785675720	-368.697709760777	-359.582987529402	-352.664202206518	-340.610241428140	-329.827162424111	-321.876714613911	-395.512371363134	-387.622725261647	-377.399559829583	-365.357871304680	-356.389199030691	-344.985964223743	-337.476243140888	-326.236161155492	-392.656679396959	-381.347183494220	-371.708215835944	-362.934909494994	-351.067105207555	-341.699701112228	-333.807790206158	-320.938531359583	-396.455769042366	-385.824281930720	-376.616980971685	-364.357726168584	-355.497697260007	-344.384325747727	-335.789383839596	-326.626921677603	-393.784510520824	-381.228512129723	-370.114623983149	-362.437771934811	-351.809913164621	-340.872490643105	-332.116276798935	-322.984768082217	-395.192813120199	-387.642292837218	-377.279184186511	-367.426242393363	-355.296277659278	-344.263262924109	-334.242452467487	-326.518902490061	-393.095605468376	-380.950474505238	-371.973168401500	-362.289885605747	-350.384328244532	-342.509540998163	-331.386622872782	-320.888569293510	-395.257154789032	-385.524917308751	-378.061328366219	-364.154197698123	-356.453537756780	-346.617781848183	-337.108888167841	-324.918415815255	-392.128039984540	-381.312009736246	-370.394814682667	-360.329411246451	-351.205042576233	-342.369560113897	-328.258642389877	-318.717038359164	-397.079819798888	-385.748308586955	-377.706264227021	-363.654756174198	-354.220054879940	-344.226114359755	-335.784934929720	-325.066371925664	-396.459781371911	-386.123192868543	-375.778235845630	-366.110802828165	-357.126333233933	-346.136873379180	-336.704131524604	-327.002881316942	-393.501047686622	-379.077106026952	-371.732748130872	-360.090374505705	-349.748359241159	-340.867288305034	-330.940943509674	-322.058279405817	-398.028445161542	-385.551474117980	-376.174974141082	-367.178397979819	-358.608865271396	-345.215049602765	-336.315875260181	-325.739424387995	-390.679642298137	-380.775488250849	-368.989064994605	-360.555083157203	-351.529843575688	-340.721283588210	-329.725009585155	-323.310835416061	-395.754691629620	-386.245825107628	-376.733454840969	-364.476510929787	-356.482801233592	-345.343143694036	-336.286046726469	-323.972364884687	-391.026842464407	-381.647365089736	-371.869336119208	-362.270112441322	-351.948390677531	-341.387888240549	-333.812738758648	-322.569857471715	-395.892805253404	-386.872681427846	-376.053909975103	-365.274372949386	-354.979362132904	-344.469486902485	-334.264223302406	-325.330808158500	-391.922188634626	-381.860799186196	-369.023625861093	-360.773893429372	-351.468363366813	-340.388186742775	-330.237001020715	-323.619651456363	-393.713297935612	-386.331727277914	-376.357363788911	-367.328741522209	-353.724030225634	-345.193949587209	-335.298954941009	-327.548984479545	-392.884051608243	-380.750978734335	-373.034285441182	-362.076139810643	-350.543618780034	-340.572576506167	-333.210964810284	-323.191210113812	-394.579134862431	-387.547002033142	-377.592110506804	-363.739135644142	-357.918977478142	-346.367638944613	-337.180232586611	-326.581414454345	-391.549582683780	-379.826507526744	-371.391756851580	-360.405567584952	-352.732728791552	-343.921525409576	-330.405088227562	-320.829377958272	-396.783419897711	-384.834946537044	-378.554172070416	-363.595336576637	-356.017925201849	-346.544406245661	-335.807870824280	-325.379161181524


seedPosZ:   58.4370343413872	58.6071568885713	57.9777316788390	59.0703092527370	56.1222535774252	60.2066943180545	56.6245348574117	58.9947259796697	59.8029171249834	62.0766063326811	58.2318245454950	57.2176286886053	57.4388249304712	57.5336327552288	58.6912617907722	58.3077983960029	58.8466836387482	60.1261474998941	61.1042356507040	60.0226177528675	58.1203417555096	56.9796552981820	60.2518102647668	58.6427903418738	58.6353181200263	55.2667859603812	56.9771133198358	60.1965993447992	59.5504848344132	60.4772174395263	59.6525013582401	60.5824640706687	58.5161456600350	59.4631053266289	56.0475920928540	60.7263790795732	58.2480386799654	57.7632580630439	58.4284426382816	59.4070467632292	59.7349428946127	59.9721858126543	60.0306443384623	61.2777652501574	61.0285622737085	58.1099578095787	61.3051326357871	58.2399724008201	57.6372192660008	58.9925961047503	59.0870934936389	62.0408774947969	58.8444416424433	59.3462460621528	59.0104391999501	58.1701616394918	58.2047329194070	58.5679478045962	58.9621449528514	55.8416037066090	54.7317030665654	59.6834328660604	60.6461458314951	60.1152875457697	60.2026732590784	58.0146662790389	59.0050310625474	62.2043987140615	59.0354644748321	60.1217072860446	58.8558758061438	57.5427891593956	59.0099692460260	59.0789771843819	56.4413599517042	59.0950846927370	61.3839798785213	60.9763462988493	57.8681076718627	60.1667635969270	60.2738847699649	57.8895783776770	57.8792728076507	56.5749827029503	57.2857489392099	59.3594766301101	61.8671591411182	62.0880796920850	58.4273860052487	58.3700671005244	58.6148837469096	58.8475663697317	59.4330352851759	57.8329828914897	55.4247436956534	59.9549321532586	56.4243375532161	58.8970857105654	59.3998420573752	60.1603761934376	60.3706748557448	59.1839840980123	58.0334124186173	57.9503283145395	67.2123537649772	69.9936531632973	69.8803830885800	65.3498709552076	69.1692171446100	70.3541492526987	70.0206527427988	71.7500562609693	68.3800502937713	70.0671769121190	68.4491985236274	68.2772022503472	68.2333738112718	68.4507854838058	66.7514652430724	71.5888117727353	68.8640571664210	66.1036744318227	67.3987871891921	70.9708606689310	67.5293944195983	70.2134400102451	69.4767682618600	70.3602004503279	70.5566765749287	65.6737565104447	68.7864864670696	69.8653931543615	68.9214461054800	69.3468651860656	70.3231319213373	68.8531685621201	69.4574599820791	67.9750202247448	68.9284559370780	68.6071028375884	68.1980126173969	68.8154385589891	72.0906440697766	65.9010322923214	72.2282018369653	69.0820818209778	68.7482407307381	70.4707452846065	68.9514070450122	68.9835103876238	70.4143349422663	68.0952452419885	67.0899330211384	71.4106079041081	70.2063230885076	67.0689664422094	65.3471859689266	66.8586860269693	72.0406283904259	70.3085558944019	67.0737602732725	69.1585460058460	69.1329210974769	67.4158640545050	68.2841639541494	71.1675392025461	68.9774917746416	69.3958987691872	68.8533735810494	71.8877430858067	70.5425054370695	71.0018249143136	69.6131813345545	71.9047328914111	70.4077545252107	65.8787142274159	69.1928988864270	72.1382571216573	67.1504928249033	67.8382101493240	68.5054279307956	68.5703301109413	69.9101753449287	71.3143797604605	69.7704832993768	66.4921745042073	71.3333316309202	69.1369359953222	68.2735703225110	69.0974425567291	70.5091580111850	71.2311582271287	68.0913822972394	67.9324865375149	71.7311213897296	67.7752663147915	68.8540432640589	68.0260379064116	66.7135077359665	71.4969058217930	68.3255820515503	68.3987848002548	70.2610194276821	72.6490960029271	68.5295695954543	69.7811803967742	71.3512352218394	71.1331377692105	81.4887753668598	79.8484668148397	82.5965289839147	76.8946984301203	79.4296145972730	82.1043226534966	76.9172208515767	77.8681706659675	78.9856399275451	81.7158364096617	77.6440999474834	78.3079601661012	79.2484331866752	76.7848370436169	77.2950824700498	78.9981206290935	77.4446835389899	79.9217889032448	79.8344855631406	77.9427432063077	78.2509622945892	77.5878560104090	81.7738729722080	80.2236426930122	79.2782476564806	79.5801831417268	76.5330320703368	79.2054512520859	78.7027247570061	78.6181202613292	79.5320831154231	81.9120760969115	78.4165971601509	78.6040063696676	79.5922200618848	80.6367310160851	77.5588705512853	80.2712954506582	82.4900841334221	77.2778775312437	79.6562592718674	78.2111284538741	80.1191171025327	76.8066312505268	80.9164520926280	79.7908410569757	79.7916847329311	77.0865907702538	77.3776086301117	78.3999793780476	81.8401516375122	78.3708532351623	77.5203164962293	78.0593263008083	78.2902722313717	79.3814545200821	76.4141632230595	81.0414443301096	78.9402471703199	76.5426917782671	74.8283941451148	78.8877001735556	76.6035265726775	78.9056569892364	79.3470422892701	80.2645935529718	76.7550601395947	82.4641407983105	75.8190058750530	80.1010418722308	76.3079345274260	77.5739595451064	77.7647137194469	77.3142461373744	76.1099739364881	77.6238940249086	79.3223054968439	77.6926426613204	78.0947790412670	78.3234275628997	79.4435487949476	79.7568308293707	79.6863359614663	79.3803959804345	76.3250236442851	77.9169043617496	80.2539681840120	78.1054881372605	80.1082352910371	79.7252798863578	80.8986021497605	78.6215070008163	78.0423507960646	80.9066349701331	75.6005439714312	78.8943277081827	79.1747157159920	76.7896505392326	77.8036062659862	79.0844163890547	79.1993240122015	76.7802202840676	79.4717889109541	77.9063057516526	88.4385167993419	89.6334457442828	90.9454160269322	85.8706509661253	86.6664188829939	91.3727433342104	89.9537608338808	88.7262887965823	85.5418746903289	88.5228632077889	89.8460562160587	89.4759257653985	90.3287413992754	90.3189860404398	86.0706117304494	92.1804553937822	88.7548192409494	88.2076759114010	88.3119485918711	88.7811923445512	87.0974320779786	90.7076257863825	90.1451472829886	87.5997521174916	91.6032366571240	88.9287083189802	87.3648360847159	87.8076852868509	90.6041251056800	89.9278077979534	88.3784825998673	92.6873021596329	90.6110402467799	88.8811094617381	87.4871260973545	91.9568865264352	90.5300403360103	90.7204319829703	92.4022947244881	88.4123372237948	89.3238143577897	88.4079091104662	87.4723398923431	88.3317869572400	89.8209570231014	88.5893141193362	90.4831854311306	87.0371890946367	89.4344067408747	89.4072471440281	89.9007384119202	92.0104401667701	89.8510488425443	88.6091230575901	91.2957823020172	88.0286788580105	87.7898697653100	88.2061507863314	85.8869255247413	89.9952977789558	88.9180545860749	92.8911830859746	88.0897941134541	89.8882634323784	88.0890722946223	91.8964638659183	86.4112506318596	92.5603028916261	85.6223022900352	88.1295700355230	89.3464275895942	87.0614600479327	86.8673305286783	89.2660476129408	88.8887060361998	87.7941910763676	88.3510569025588	87.0925538836958	87.2953925281409	87.7973393052538	88.6050136091997	85.0863838464946	90.2184400226279	87.5119523670060	86.8454267237064	89.6785309046381	87.8281473495557	87.9813221324365	90.4268775858713	89.1197000809951	88.9882818541741	87.9375074817592	87.8772767870528	88.1721088876247	88.9884639517663	92.2019092797746	88.7040684620017	86.9061514942191	90.1267578765972	91.3278687106459	87.7944437630315	90.6845850745158	88.0968512168193	90.7563930293940	101.395976425053	98.7071133085437	99.3432145687685	97.7921096473501	96.3745143145057	98.0871492111001	98.4027284282080	98.8469521804601	97.4749715615319	98.3381712061536	96.6726912864920	97.6279055179739	100.074851733716	100.647802835533	95.8380575107047	102.427837772011	101.422604371542	98.2837768560816	100.374038369190	101.558552732850	98.6929230893265	99.3380330201050	98.7741066251686	97.4072952376071	96.8826466650631	96.5644865137093	99.4834249235771	98.0486465987609	97.7079523022912	99.8323229921274	98.9150940978235	101.037129999067	97.4915564099059	100.566080476118	96.7743282922149	99.1655186750919	99.7463040124302	100.684003836538	99.5390280290738	97.5909827872670	100.780352884833	101.899102391474	96.4714593610544	98.8155339970941	99.6422678640730	99.6623621825288	101.639019078045	95.0779980943235	95.9563188069505	97.8056866638080	100.221833263607	101.838378102918	98.9863451116633	98.8622281942158	99.1337424147154	98.8091188817189	98.2535619485123	99.6474658144900	97.1767423362011	95.7945665205562	97.9989065638673	102.575545451092	101.310555745397	99.2144688492104	100.899665325761	100.412707441452	96.0646905802783	97.8589383223599	99.3749301557127	101.822143487630	100.873408237333	96.3103159994048	98.9325143952192	102.138898731068	97.8858539801107	99.7786713778169	99.2849001288345	97.3604761692622	100.493299057693	100.587594820644	98.4604588018272	97.8222015456768	99.1477776626338	95.3572531996171	97.3972215064844	100.353636477409	100.263052853811	100.016897128507	98.9300544984977	96.7824713693619	98.4538197793928	99.7845767629702	97.7773733004606	101.493822578091	98.1542760698394	102.445686352136	96.5845607655710	97.7974087065097	96.8978184627635	102.162891770332	102.232180732332	99.7989809027717	99.5578937180543	98.2229946606043	106.785905443991	111.077885750447	112.715993101204	106.593884635925	108.932408030381	107.320311562113	107.280661455745	110.825430563596	109.712870640345	110.947186217911	110.740267015127	111.823783523708	107.653162034890	106.799639506224	108.453018296387	108.077099732279	109.706245994917	105.649712483705	111.463218731082	109.999661968313	108.533701602923	107.142887068690	108.083029953051	108.464886550138	110.594933932944	109.519377326644	108.171980788981	109.518804228732	108.117008066646	109.418285619592	108.747671720901	109.568037431899	110.252576106523	110.605989551576	109.607891159068	110.883935136038	111.335499039977	109.011715680923	110.197297161165	107.611930857083	110.378517051148	110.154216826359	110.610778089635	110.745724533624	107.638631515420	106.617658634389	109.454818684526	105.682844097689	105.901514158597	108.869026978414	110.753373864262	110.529388963994	105.440499688004	107.709765182891	109.658692731946	107.990881864907	108.346265445570	112.394852216956	107.803198184545	110.327045248196	108.837336579040	109.254847487705	111.035189448557	109.277197123965	109.164198780954	107.306341185819	106.764875269951	109.949091673550	109.414041448458	111.902660991251	108.057745777658	110.185762471493	105.521933760550	108.816906772247	110.333465110976	111.524424025622	110.628983627222	107.916200870069	109.211729056419	111.680170201399	108.460212669378	109.669593044610	110.682703472490	105.942579431441	108.587880158514	109.982831408503	107.606947303772	112.410717832123	110.788728465042	109.236048457019	111.374061680526	110.476732951189	110.366558745494	109.416113593609	105.945810166997	109.213154887601	111.187457828552	109.982694348806	109.914902555152	108.592329313351	108.738522087865	108.267197160836	111.219888971572	110.174750178535


objFunctionValue:   692.475975690610



