Dataset 3


dvh_array = np.array([
    # Structure          Mean  StdDev  Max    Min    D2%    D5%    D95%   D98%   V40  V50  V60  CI     HI
    [ 7.72, 2.89, 18.52,  3.09, 12.66, 12.18,  3.46,  3.33, 0.00, 0.00, 0.00, 0.0000,  0.00],  # Rectum
    [ 5.17, 0.54,  6.13,  4.39,  6.06,  5.99,  4.45,  4.42, 0.00, 0.00, 0.00, 0.0000,  0.00],  # Penile_bulb
    [ 5.51, 4.16, 43.54,  1.97, 17.30, 13.04,  2.39,  2.25, 0.13, 0.00, 0.00, 0.0000,  0.00],  # Lymph Nodes
    [ 1.16, 0.78,  4.16,  0.26,  3.31,  2.86,  0.40,  0.35, 0.00, 0.00, 0.00, 0.0000,  0.00],  # Rt femoral head
    [13.69, 1.24, 17.68,  7.67, 15.97, 15.16, 11.18,  9.37, 0.00, 0.00, 0.00, 0.0433, 26.52],  # prostate_bed
    [12.42, 2.05, 22.09,  5.65, 15.77, 14.85,  8.30,  7.06, 0.00, 0.00, 0.00, 0.0000,  0.00],  # PTV_68
    [ 5.70, 5.27, 99.78,  1.49, 18.62, 14.09,  1.98,  1.84, 0.29, 0.15, 0.08, 0.0000,  0.00],  # PTV_56
    [ 5.72, 3.97, 22.40,  1.02, 14.44, 13.67,  1.50,  1.28, 0.00, 0.00, 0.00, 0.0000,  0.00],  # Bladder
    [ 1.23, 2.97,533.80,  0.00,  9.91,  5.14,  0.00,  0.00, 0.04, 0.02, 0.01, 0.0000,  0.00],  # BODY
    [ 1.02, 0.62,  3.38,  0.11,  2.72,  2.37,  0.35,  0.29, 0.00, 0.00, 0.00, 0.0000,  0.00],  # Lt femoral head
])




templateX:  -49.5195251659289	-51.1753229173881	-50.9575333939229	-50.6170043211596	-49.4938827345276	-49.7367806456240	-52.8121778701408	-50.8897038613647	-45.3470193077829	-47.3689883735743	-47.7266459516062	-46.0275490409288	-47.7602963398968	-46.1499053227903	-47.1636639512403	-46.2338668706936	-40.6106616272794	-42.7284296644625	-39.8957377253296	-42.7615555027405	-40.6578925523097	-41.1273135402299	-40.8799287451482	-39.8231431138682	-37.2545973702006	-37.1947337515901	-37.4379728505482	-35.0221107610052	-35.3261339320492	-34.7726279545448	-37.3409373553465	-36.4218125106467	-30.6986573787562	-30.8110998485851	-31.8647462971138	-30.1627503740438	-31.5636316171349	-29.4531352643690	-32.1818865076472	-30.1707084047466	-24.9422651308392	-26.2853364871556	-25.5228953393056	-25.1097923544676	-27.0753226049442	-25.2670304232246	-24.6796168482995	-24.4186000372855	-19.8094636816323	-21.1379277685110	-22.8792537121977	-22.8470320876378	-22.5640555109755	-20.1454737664501	-20.9622603614144	-20.3815174606505	-17.1001597514792	-17.8554127951418	-17.4790509634791	-15.6844105712282	-17.8465966419780	-14.6089041326243	-14.4013541295039	-16.5760694142523	-9.76661403552721	-10.8346592756554	-9.97713959905265	-11.2116238089480	-12.6917907857781	-11.2886574854238	-11.7843475963667	-9.71427286764945	-4.75732045360263	-5.62074612694070	-7.03864850772015	-7.08074853340940	-5.98031195523615	-6.52495268045492	-5.25805269508958	-6.52582981169128	-1.97086255372636	-1.68571514954263	0.370084814232601	-1.59134816609430	-1.21099183285491	-2.06608332237881	-1.04046273022532	-2.16440833342416	3.13339028244159	3.96211639569318	3.87671061604157	3.84708733733357	5.29040687718363	4.65636748979159	5.24915819633578	4.91740246910491	8.66793527136310	7.92268564435194	7.33509859621531	8.09486122202462	8.61124831058227	8.69310076181649	10.5278971370703	10.3443353208454


templateY:  -395.783905820508	-385.832534410979	-377.479661710055	-366.478214936268	-354.575336506033	-347.125277594245	-337.278830570935	-326.661317722855	-390.704751496931	-381.350340409524	-371.420015659349	-361.877226969542	-349.707600679758	-340.485691455928	-332.510493193336	-322.583239169134	-397.828534949164	-384.659748388999	-376.588908665854	-366.398326463283	-355.860430390800	-347.224333215480	-337.797621656532	-325.572411950872	-391.270141148627	-382.175453064859	-372.187595564640	-360.447904474474	-350.259453880609	-340.973743911470	-331.034916906525	-321.451913449870	-395.926010805003	-385.318205760170	-376.848122454050	-365.129470987871	-357.610047829623	-346.224532285948	-336.478367520255	-324.686522894242	-391.377336035344	-379.567619418460	-371.459561412410	-362.026675579864	-349.821246667035	-341.146454877627	-331.392905437603	-320.942131293720	-397.005422451358	-386.975357765689	-377.141339918898	-365.843232256283	-354.952385854742	-344.891103916431	-335.621774115767	-324.427886728496	-389.448977138006	-380.486222363653	-370.126241792883	-361.654621243447	-350.143612480945	-342.713023223227	-331.640499668214	-321.625921519869	-397.421341272758	-384.437551934201	-376.420275454093	-366.452715476844	-355.135996348116	-346.359199640582	-335.858440439740	-325.598774744987	-392.759876143965	-381.461373003824	-369.519109077417	-360.791094645055	-349.609639342061	-339.595771100966	-330.230326944925	-320.989214258399	-394.990394246716	-387.837799943505	-375.262597542807	-367.514792207120	-357.705976163613	-347.225494991426	-336.220474923705	-327.841689222831	-389.871782201020	-381.218200565290	-372.350642281417	-362.016322647566	-352.676644905129	-342.157057115125	-331.246201920122	-321.262000783680	-396.646717646235	-386.331904205551	-376.722489288011	-365.873073473964	-354.402177377384	-345.362936020744	-336.611929484054	-325.870864048481


templateZ:  58.4523611568106	58.4234814308399	58.6061512542772	59.7221341164845	58.3814717009309	59.3139023840995	60.1062339429792	57.5412766290441	57.7313893135822	60.4483872908821	60.5424451606262	58.0032070625700	58.1173616321832	60.0551921278301	59.9285425922633	58.4160546384577	58.3910284331443	58.0722844812902	58.0293325738701	60.6015703176740	57.2831116253165	59.4883559296641	58.8770862669306	57.5176980158365	58.7357913135307	59.6363967805598	60.4832998244090	58.9723403750906	60.3951484465255	60.5847443135135	58.7511955599005	58.3944776222910	57.4373655031391	60.0759031519947	58.5691612239319	59.7719445621305	59.0603068710158	58.7880309433165	58.0542566221659	57.5946611556685	57.3931427384784	60.0842670683564	58.3008403868608	59.4801683299683	57.4867046345219	59.1769705491031	57.5230002255905	57.9938987149387	58.5707945181895	59.6253235936942	60.1650370317962	59.9751876666271	57.9347622934674	58.3333633123607	60.4833332740163	58.1757847995309	57.6608769499141	59.7267177114063	58.1113218672470	58.2721280193723	57.1258516476349	59.0948872594742	58.6756578326531	57.6859604043648	59.5833072557684	59.0252987873211	58.0123590236536	58.4970779621329	57.9773568092308	59.1606014609743	57.3057921549862	59.2292143612637	57.2610878313551	60.1396256340148	58.3220745144944	57.5140071339856	59.1981830276753	59.3264586026922	59.8560215001765	59.6989894513797	59.8917800235766	59.3916796815673	60.3128691214653	59.2424563291799	59.6987495733916	59.6175703383738	59.5361451772925	60.3407345499166	60.5146007642585	58.2724312492741	57.4530450727122	59.9440545350165	59.5107618063749	57.7275544123132	58.8047248178521	60.4088747367286	57.6044432360126	59.4299788974940	57.8003273895907	59.3138839209295	59.2937627336112	58.6646101380171	59.4275056670256	58.6862227522233



seedPosX:   -48.6405141684162	-51.3539576892902	-50.6045526182317	-49.3829931489706	-49.4793257925224	-50.7162340535731	-51.7723166553204	-50.9838649293072	-46.3972262010905	-48.5778978484846	-47.5560551857867	-45.8030357660620	-48.9467096629349	-47.0694201213172	-46.2550687325955	-47.3964438786194	-40.7610938108332	-41.4788314494841	-38.9312019231701	-43.1824160769658	-40.6611381178623	-41.8157151368911	-40.9168987695140	-39.4695799871148	-38.1617379858332	-35.9882442823204	-37.6157414817153	-34.8756341372735	-34.1363336992666	-35.1451192059031	-38.1535990268689	-35.4506388438071	-31.7167887929104	-30.5231023991513	-31.2452828663600	-29.4991394719724	-31.1360916786203	-28.3470142705761	-32.5368981602570	-30.1730232415041	-26.0267251803765	-25.2658761724022	-25.5930364412733	-24.1706738833294	-28.1493657657129	-25.4536149648512	-24.4567504852540	-25.5841288590053	-18.7299145346598	-21.1220890000098	-21.7491261223475	-22.9506652008799	-21.8373929377408	-19.8353892819956	-20.5535637152415	-19.8236303601126	-15.9177080830952	-17.8628615494235	-18.5435309515023	-16.7461432313017	-17.5976024421212	-13.7057325335945	-13.3090447996593	-17.4767924471809	-8.83637861291613	-11.5441904825614	-11.1630227113559	-10.1280005988338	-11.9794888652822	-11.0173006730203	-11.4607979431793	-8.47476143839682	-5.94532820419210	-6.50075248075002	-6.49941450984204	-7.93144455796813	-4.85848282625379	-6.09411902512812	-5.74278898175014	-5.63348730251267	-1.74939525663233	-2.49560235002489	1.48329935417381	-1.48176822372087	-1.87448460283399	-1.34484448915711	-1.19981328479158	-2.53198656858541	2.79579928248097	2.77396857807498	3.72716591442030	3.38214907784035	4.59871842848209	4.17672844572504	5.51208238261492	5.13803305113883	7.76764823041199	9.12572922952553	6.30137336731162	7.36929874911533	9.62062730083801	7.84869078684704	9.43802982576551	11.5304772848288	-49.7457246127428	-51.2140798454323	-51.7879628967070	-50.2841011835743	-49.5779976476544	-50.9831663465138	-53.1420593049179	-50.3522576951893	-44.8752261337199	-47.9537762371026	-48.1161201130233	-45.0544524243422	-48.3941087767955	-45.0718446370780	-47.7679390000067	-45.7450363852709	-41.3769569837466	-42.2460433809918	-40.5211777532279	-42.6829268687034	-40.6031374586271	-40.8432814750183	-39.9935797195970	-40.4245965185433	-37.9397038880335	-37.6344930458017	-36.7786634671252	-34.6820458954617	-34.7403418625896	-35.2657083585694	-38.5655866085310	-35.3967970215804	-30.1951772140364	-31.7419145231896	-30.8576799382302	-30.4685460368765	-31.3068779165565	-30.6539280406718	-32.1370250793503	-31.1241459862838	-23.8746530865462	-26.4971930142928	-24.6572614408712	-24.5367409108820	-26.7217928408346	-24.6866634895199	-24.0294401202287	-23.2494650573929	-18.8220825809438	-19.9177829133899	-23.5707013227763	-22.1447661738869	-22.7903060745826	-19.4660986833925	-20.0479076998003	-19.1880350096291	-17.8097028501963	-17.2253827008275	-17.2179109546312	-15.5581909980783	-17.4330090587943	-13.8260929607246	-13.8625653163417	-16.5575266124566	-9.94295044962172	-10.4490758324443	-10.3058494502259	-12.2136050210087	-11.7684509983347	-11.0125107324091	-11.7750791589723	-10.7313425438393	-5.65064220838536	-6.86181419363001	-7.72779624477913	-7.07299379246023	-6.72987780808507	-7.71548010886896	-4.76929938561448	-7.03729408889362	-1.08646203289021	-2.88939820043529	-0.855444375100219	-0.869634707221424	-1.73287078965182	-2.25241164349940	-1.81347002192866	-2.88226778522874	4.12435274818537	4.91907577081870	4.37717973539380	4.67969801496620	5.98013941502357	3.54911615372839	6.24533769745674	4.93283131427346	9.84694310875944	9.09365168019358	6.55666916962069	8.44699602118174	8.98207285860148	9.56917582191993	10.9605973557222	9.39768101261525	-48.5496673332052	-50.4201249548224	-52.0196019296323	-51.2488939501745	-48.6109838266922	-49.4451239364016	-53.5841283117517	-50.6022077976325	-45.4604256906375	-47.9158405696345	-46.6223206451027	-45.5447600431658	-46.7625028932090	-44.9426032854279	-47.1391968081714	-45.4838646048603	-41.7235755475450	-43.6420993252417	-39.4041855068210	-42.0469316777718	-39.8688537530580	-41.8850724060958	-39.6382293654327	-40.7260856060447	-37.0470711752899	-36.6367437887945	-37.0763971934703	-35.7874811976678	-35.8056879924369	-33.8925346511648	-37.0964918583766	-36.2500279303580	-29.6720668127345	-30.7703116115356	-31.1177583147630	-31.1456490854195	-32.7580717651791	-30.4147249603989	-32.4896384431394	-30.5003586221544	-24.2553160337574	-26.7458861373344	-25.3105078807005	-25.4608513853410	-26.8910998346225	-25.4629630720894	-23.4981880803165	-24.2508502881694	-20.2793896593332	-20.7176090384214	-23.0759593960185	-21.7270508584059	-23.3058223897509	-20.6297385580971	-20.8982540338025	-21.3643263134657	-16.9330934550631	-19.0996425190595	-16.6758757573371	-14.4448907972126	-17.2644885458777	-14.2755327123763	-13.5764419134162	-17.1759609380197	-10.5936007004745	-12.0724012899340	-11.1607607159756	-11.9493945860396	-13.8014790137642	-12.4254561909029	-11.2892066465412	-8.69196635681905	-3.50812684016601	-6.06345779533037	-6.45658982951068	-7.34927752799690	-7.08665783243461	-7.42035162953778	-4.76306586268433	-6.81696573096476	-0.953118222106950	-0.696620432308476	1.46181471031365	-1.84899198633949	-0.403616087981228	-1.56481752701641	-1.01842072712353	-3.31319389301701	3.71350458524414	4.60008650686810	3.14233340248391	4.91738718228541	4.91649703493920	5.26791177260095	6.14095908602107	4.33992339201745	8.96292790058839	7.14368123182402	6.86271314861315	7.06420821967866	9.03031143523821	8.23225173481396	11.4925709813485	11.2525490839488	-49.6855208428340	-51.8863229218086	-51.9895677415847	-50.3917269022756	-49.0018515739154	-49.8263057063084	-53.0302517338811	-52.0513566322531	-46.3983351855378	-46.1552944330503	-48.8456394463361	-46.9901539665649	-46.8388104203394	-45.3526343776961	-47.9293946190466	-45.7746420165409	-40.0784873662828	-41.8953845578121	-41.0820083340661	-42.7942489369070	-40.5211205535859	-40.2899555191799	-41.0359339493269	-39.9728432285319	-37.3872139401091	-37.2888631707349	-38.6341231185727	-34.0267751096812	-36.3210185468589	-35.5762627267733	-36.9884762306349	-35.3701528814283	-29.6909456812286	-29.5795618542746	-32.5458875576786	-29.3856331887019	-31.0173766161490	-28.5404808456938	-33.0911953367706	-29.7178962880285	-23.8244765832906	-27.4551349688601	-26.6035128064735	-25.3689837413845	-27.4664881549637	-25.0085159091059	-23.7713039454285	-25.4850725317647	-19.3228280728800	-20.6973131820305	-21.8907106692176	-23.2840436811648	-23.2952094443812	-19.3127029199366	-21.7108125921140	-20.0917089788634	-17.0909316041237	-17.6411706605102	-17.8563032418030	-15.4595545328136	-18.8916368812973	-15.6413830217694	-14.5182792655604	-17.6763990425121	-10.3034296166149	-10.8101295368470	-9.15188311133387	-11.3952157432359	-12.6247988534484	-10.6190694160479	-12.7401291681866	-9.90917258126146	-5.69331381396520	-6.28902294323897	-6.76412105646783	-6.51400255369454	-5.35476894438443	-5.60507005265980	-4.51553487710835	-6.94744294269085	-1.14963844500522	-2.19665606971746	1.59134339083554	-2.24223650047526	-0.187767202105567	-1.35051007667809	-0.748218644566301	-1.30542521574824	3.51289362138409	4.89658173875877	4.43777305596074	5.09122084307728	4.92332001114784	4.20862836813724	6.35187006456362	6.13753273900575	9.60345256545832	7.03940667725312	8.06031344907044	7.45615982294522	7.94260183203502	9.72357066646546	9.37298219588332	11.1352524798362	-50.7408225474803	-51.3934093119032	-51.0490933564860	-50.4966079902815	-49.4746513493421	-50.2618677756705	-52.6255145435822	-50.7516114303333	-45.2241275026865	-46.4678695873690	-48.3800657124300	-46.5591330614620	-48.2129489117709	-45.3845656519489	-47.1539018211018	-45.9233824851648	-41.0899770030650	-41.6494465485215	-41.1455602423459	-43.0128482045578	-40.3135365796331	-40.8978906992777	-40.9946870639353	-39.2739076820064	-37.4926003837117	-36.0747221182313	-36.6188479813258	-34.0609239755186	-34.9567920717616	-35.8325706831811	-38.0132094658336	-36.0858373710540	-31.5577691703230	-31.0600424641529	-31.1185232149396	-31.4126295126500	-30.3495816277501	-30.6008119534255	-31.9233701117553	-30.3660285426929	-24.4480889881963	-26.7239488680805	-25.3147644146697	-25.4226259386372	-27.6787173932500	-25.4494280672748	-24.6014374782012	-24.8350439870504	-19.1932298304935	-22.3327933436748	-22.1101901442366	-23.0125744008121	-22.9762925033907	-21.1536743829181	-20.3073876978446	-21.6277886525114	-17.2080245710568	-18.1768610806355	-18.5773270959266	-15.9922378862007	-16.8006236916074	-15.4079230375501	-13.5781054453681	-16.1670705604741	-10.3634472245819	-12.0712389571462	-9.74721000305181	-11.3166115649787	-12.3043867556182	-11.5895485693891	-11.4248425656322	-9.37971896046847	-5.92110290530027	-6.76639418004538	-6.20114113996770	-7.90069428384483	-5.87491363298008	-6.98134325462178	-4.75306816385126	-7.06046408273602	-2.83885529806158	-1.63883542505460	-0.608546293306122	-2.52451424595214	-1.99974089399005	-2.47748177658838	-2.02754892746385	-1.23108445855522	1.89235072248190	3.32617241561274	4.72491223972957	3.38520512941408	5.01146495119442	5.45930702247414	6.12779306573651	4.55490863609036	8.88201364962805	6.76880742344787	7.45131620873103	7.37792738453807	8.93719673392062	7.49682578239673	10.2748888000520	10.5641221712897	-48.8968352100327	-51.1139590815839	-50.5392971454712	-51.4136919982056	-50.2716072263728	-49.0593657728571	-54.0503912771526	-49.9465063601501	-45.3619562205239	-48.5383365785973	-47.0807659193081	-46.3522565202635	-47.6923401946621	-47.0439030599196	-46.7269882302850	-46.7190522303821	-41.1107446309493	-43.3022172093058	-40.3492996867251	-42.3228508099270	-41.5328361921652	-41.8450781782554	-40.5216634037595	-40.5536537019373	-36.6742979910963	-37.3333219661967	-36.9519069673373	-35.8842338225782	-35.0544427994467	-34.6268724634658	-37.4246754340376	-35.6509391633368	-30.1714625936948	-31.3208317482740	-31.6163045306890	-31.1733348038136	-31.2355173391323	-29.4141185144684	-32.3302874530680	-28.9428434699563	-26.0422993672323	-25.7230700807321	-26.2693166963821	-24.8670952485517	-27.1967517556020	-24.0878900768763	-23.4802035149286	-25.5894285041313	-19.2602051769200	-20.7755333225922	-22.4926228918928	-21.9283201374175	-21.4466321717244	-21.0591715264410	-19.9655501335742	-21.1489141509881	-16.1168692019186	-17.1251204400154	-18.2456192729563	-16.6561932288337	-17.3842927108931	-14.9254675418741	-13.3780493013958	-15.9811997090601	-10.5469725432985	-11.3351184928528	-10.6376808454670	-10.5659632673423	-13.3223525846937	-11.7116927752194	-11.3922070886245	-8.86138702425547	-4.28858849274183	-5.59452316760513	-7.32967784819235	-7.70366098800982	-5.82788983205870	-6.65065404007931	-4.12315989610888	-5.97567203145623	-3.01347698414633	-2.05933714986310	0.564813312815766	-2.30221298103211	-1.42023848068369	-3.08368655820821	0.0491315635708780	-3.32521115914843	3.34434027542115	3.54585231844002	4.85580436041783	3.52946129393391	5.13390927984866	4.80683980705761	4.31992141825043	5.20132173655163	9.56196014893854	8.87897318658873	6.83465469126853	7.50778497565214	7.93433510488375	9.51255339165521	10.6327046396468	9.09527487631890



seedPosY:   -395.265592902002	-385.532041892530	-376.510286425056	-365.907330428841	-355.703014062251	-346.229536803921	-336.849680963561	-325.507843399212	-390.989967800998	-381.120572534545	-372.639338932856	-362.226685639823	-348.511151276663	-340.359250043571	-332.054141471286	-322.732744478749	-397.163255644977	-385.266083418164	-377.714604738269	-365.824442251701	-355.743781403806	-348.166881549456	-336.862515927308	-325.701818789048	-392.167242992009	-380.995742416659	-371.547499289485	-359.806268489337	-351.404768758332	-341.032124004783	-331.395155547955	-322.529030826896	-396.661500352079	-385.884625633876	-377.333806628260	-365.747256659418	-358.530262560410	-346.363074328438	-337.303865125139	-324.806107393295	-390.407631848744	-378.860983597187	-370.719205653033	-361.596046674437	-350.760066904126	-340.439790455809	-331.462565671636	-321.741947454655	-396.778512428352	-387.679260623916	-377.485691134230	-365.016206911329	-355.099829021551	-343.752333275636	-336.205546757356	-324.275192012635	-389.946795526328	-381.026337092608	-371.097748824487	-360.414141174433	-349.421192447489	-341.895352557520	-332.800866016717	-321.062316317683	-397.736083093940	-384.247526686268	-377.561513142595	-366.698585656177	-355.779424927305	-345.376239866821	-334.798073261361	-326.473550063216	-391.731715899291	-382.486515360601	-370.331573055614	-360.843764285471	-349.006963988415	-340.669907981543	-329.138244306134	-320.012095806556	-395.833928427848	-387.218890906841	-374.867648070301	-367.270659486408	-356.906556835150	-347.002845958485	-336.096126354280	-326.602211239009	-388.706345972227	-380.523602779957	-372.024392460664	-360.961784436297	-352.990429225484	-343.312500929817	-330.406540996723	-321.603363795158	-397.605383342391	-386.227673332975	-377.332248718539	-366.336548964952	-354.350436609566	-346.253905501961	-335.725315837495	-324.798301289595	-394.779877770420	-385.908349810386	-378.522515527299	-366.950767642657	-355.297662951501	-346.381249431688	-338.490986640410	-327.364870817659	-391.339733443765	-382.270163350088	-370.784040699878	-361.351136027923	-349.829127308521	-340.196522505424	-332.182735258193	-322.824089473905	-398.310849387381	-384.333849475308	-377.730353621520	-367.207822843336	-354.932225051568	-347.795752911813	-338.653971307517	-325.145960749340	-390.455224824752	-382.204486625294	-371.593406808809	-361.075052126636	-350.660691035797	-341.905888939012	-329.972594963889	-321.746543669323	-395.495155982267	-386.065783163685	-375.868531683307	-365.753988734578	-357.296421465963	-345.425200779938	-335.454781909831	-323.571150291102	-392.390323507311	-380.010463626592	-370.339685613403	-361.567051267925	-350.281540165636	-342.002333853897	-332.413130679670	-320.669715422853	-397.770056124550	-387.622070611754	-377.386345064436	-364.995202223941	-355.196384523292	-345.518292200649	-335.166308948740	-325.214076964636	-389.916672492522	-380.816880846503	-370.417654564364	-361.941015189159	-351.356827072079	-343.088383286154	-330.493265158517	-321.210500969199	-396.547594913838	-384.426907565220	-375.957151881545	-367.583598384427	-354.756327933457	-346.554335377460	-336.698088131300	-325.135462583682	-392.688097010792	-381.648728526487	-369.119253746634	-360.540951545536	-350.516136795250	-338.496914355414	-330.094743987402	-322.132634889635	-394.748688994612	-386.754822538826	-374.910208693737	-367.448534846543	-357.385154811403	-347.109569083244	-335.609252831181	-328.841383083138	-389.065939762551	-382.247889826760	-373.175081722092	-361.446179935762	-352.017906776507	-341.882437811077	-331.205875108849	-321.872959392654	-396.443907840108	-387.478308273249	-376.673089140341	-366.271245167650	-354.763582463519	-345.255924317641	-337.220498035771	-327.019347933831	-395.150937530928	-385.979020344361	-378.344087466836	-367.530149969133	-355.432394367806	-347.054152733098	-336.629453670367	-327.531158705912	-390.249507497408	-381.038182607488	-371.253007319230	-360.680760941957	-349.336400939720	-341.326154035479	-332.192122119196	-322.788816453866	-397.780674465036	-384.992312302386	-377.514949854061	-367.522554029292	-354.943083234652	-346.955848712663	-338.941685837882	-326.265027015644	-390.842374931488	-382.164356782394	-373.346672212950	-359.824040194217	-349.636823501047	-341.975355220513	-330.483411267115	-322.114138222157	-394.799461412265	-384.800485434527	-377.598899037418	-364.833033879582	-358.766142720402	-345.427789184832	-337.155476739915	-325.500171834564	-391.802259499459	-379.006152166893	-370.765172601742	-362.814843075072	-349.863510205623	-341.603141896674	-331.997348835510	-321.311964031867	-398.231928444464	-386.011138564446	-376.244889787061	-366.152965319290	-355.754462116638	-344.015324077266	-334.800668486066	-324.135031649245	-390.046636745739	-381.018084706454	-369.138453281182	-362.883525238929	-351.182069311089	-341.950307159205	-331.472446043904	-320.914591396364	-397.985695409820	-384.693648832881	-375.533527829568	-365.551839024100	-355.827216917200	-345.731720207801	-334.811470716937	-324.834965103625	-392.007960454579	-382.648511543463	-369.587142316047	-359.891059575522	-349.898276495747	-340.731567606528	-329.196548189754	-321.631437215150	-394.485349464546	-386.717866045398	-374.020630965277	-367.114951083680	-357.400059338597	-347.251707229641	-335.521191684805	-326.839170716416	-389.582324529822	-381.757032601305	-371.970176749144	-361.254888860442	-353.251173890140	-341.599576840016	-330.199153611013	-320.791621335275	-397.717833963886	-386.742980533399	-376.921979243110	-365.723402266696	-355.363923093287	-344.160945164751	-337.805033660486	-326.508379996273	-396.695465316349	-385.145712123209	-377.728717146730	-367.236906013586	-354.342913218717	-347.772390224597	-336.602594394067	-326.392441975021	-390.916310359321	-380.493719321332	-370.851220882271	-361.913774565569	-350.915840981974	-339.776007274904	-331.478382465048	-321.612255397815	-397.866304895310	-385.682882337066	-376.999588988713	-367.084919395047	-355.407559408905	-346.234651182422	-338.048483434406	-326.048346056887	-390.109165840508	-382.185473033894	-372.956882735974	-360.724673915923	-350.635207426414	-341.601016255530	-329.845531506109	-322.567396128620	-396.701012358267	-385.751956771192	-375.738845630910	-364.068360587848	-356.661906426480	-346.580969564828	-335.713916496936	-324.858055103309	-390.249404192850	-380.127202518628	-370.642188158100	-361.823733800833	-348.643222308079	-340.727352002720	-331.592687816543	-320.013638648296	-396.151860727792	-386.471853493854	-376.922805094335	-364.606105642085	-355.486754314196	-344.215484547841	-334.959858374338	-323.267218188536	-389.502222581036	-379.287243048321	-370.723734900698	-361.041159134263	-350.456222883937	-343.167644709524	-332.487797405097	-321.763758475336	-398.173395714635	-385.638855851683	-377.169311546168	-365.869994243302	-355.712750069949	-345.223168455979	-337.046219889512	-326.687814843872	-393.778831759363	-382.183390350916	-369.782791445649	-359.637849260431	-350.662789909862	-339.938843941288	-329.514358975170	-319.864235620103	-394.667569879204	-387.545288633045	-375.652575312654	-368.763799442353	-357.387125020479	-346.603704151416	-337.011970970712	-327.301706874207	-389.589764522038	-380.486507385735	-372.577756208259	-361.706801388527	-353.469837052119	-342.768040198997	-330.263935231222	-320.130820846021	-397.491108894403	-385.957396454631	-377.791735264993	-367.096305593835	-355.015040179877	-345.694069588845	-336.234848692585	-326.911488028398	-396.119867514708	-386.042481936084	-377.564645428681	-366.396487631800	-353.872608185978	-346.999022891133	-338.019101800661	-327.376027663117	-391.780326922134	-382.079383641220	-371.718552621153	-361.250919145988	-350.689176491416	-341.105545319751	-333.660866096358	-322.864635149913	-398.248410043211	-384.739774488223	-376.024457405733	-367.591017378349	-356.012050359015	-346.929371689587	-338.924908466791	-324.972179794910	-392.391609835142	-381.231985939270	-372.316004081323	-359.563608631077	-350.242495712969	-341.317726700220	-330.134465647215	-320.873270662926	-394.801893460222	-385.039739071791	-376.382197905249	-365.122826851987	-358.842538527255	-347.215975007610	-337.612891804439	-325.046865136129	-391.719891721058	-379.123930060575	-372.108424419246	-362.764839048110	-348.952960435806	-340.753997470113	-330.300357835740	-321.289851713085	-396.095598779437	-386.101547947945	-377.034382555251	-365.587139958485	-354.257117842868	-345.011216481429	-335.307191032695	-325.634955715619	-390.145066997018	-380.633141953008	-370.466135857540	-362.151520650301	-350.200235791516	-343.220429124570	-331.345189685953	-321.335412990328	-396.490094481133	-384.774413704545	-375.358177805789	-366.642194916100	-354.475405577081	-346.474027222912	-335.270554123895	-324.891414065326	-393.757720296068	-382.310076945307	-369.370523871263	-359.694097122260	-348.783994701720	-340.263922709841	-330.180867824776	-322.170031941635	-394.280587722439	-388.045742786825	-374.934028355081	-367.313183048337	-357.718698438105	-347.958373066861	-337.086393628782	-327.280760476995	-389.095744105990	-380.253359193252	-372.711723818444	-362.880856876719	-353.163045284632	-342.707351248664	-332.007989030211	-321.647061830933	-396.756090657718	-386.631865219684	-377.801844121448	-365.193329556196	-353.630373975583	-346.583543801024	-337.337690296968	-325.064059310766	-394.711043533677	-385.735920869394	-376.551508718202	-365.980448374791	-355.325795974972	-347.050537123732	-336.140427945755	-325.730545481896	-390.626997265199	-380.724948638725	-371.211108811834	-361.897227125765	-349.835789516319	-340.103832125105	-331.886086256107	-321.822370188813	-398.393318261583	-384.001021065801	-376.946397545170	-367.564480900637	-356.056555085561	-346.574152904133	-336.948504871669	-325.726542969053	-392.258261852169	-382.199071300673	-371.110575600936	-361.566201422804	-350.902101919238	-340.527492225389	-330.638904241950	-320.560815361078	-396.517676765597	-386.103592636618	-376.152378848752	-365.354529865764	-356.946764417395	-347.357558902734	-335.775194810684	-323.813325386457	-390.710523039985	-378.930912149039	-371.899964980279	-360.833891672627	-349.830483159936	-340.488943397376	-332.135827090641	-321.796761221982	-396.312216547063	-387.380196119243	-378.277199045541	-366.835827882563	-355.253641482621	-345.358904334345	-334.919798123062	-325.243034658666	-388.772065869070	-381.202327732373	-369.759394086453	-361.639839941632	-351.001043560419	-341.942092730324	-332.488775827003	-321.486682436565	-396.946305387626	-384.106881740283	-376.446917702003	-366.152196927883	-354.752976553917	-347.311191737720	-334.740140718493	-326.482804565541	-392.349343434283	-381.624568270810	-368.663373491253	-361.312395142522	-349.292980116222	-338.684707794736	-329.439008590259	-321.934109741763	-394.142585906741	-386.823707548867	-376.384881211423	-368.398080793470	-356.762080434891	-346.150882635498	-336.807080086516	-327.925521176883	-389.304925216272	-382.308994898472	-371.528235825541	-361.352664730082	-352.630965620450	-342.793292411210	-330.969993697055	-321.924672523723	-397.608455963433	-386.609631429211	-376.090203930217	-365.809202662614	-355.511213499419	-346.323400736511	-336.300219569530	-326.711826248030



seedPosZ:   55.9999439797246	59.6884887045827	59.6247000278181	59.0038394203852	59.2335322747028	57.2688776552945	61.7195088951323	57.1573764998803	55.7393302568389	58.4363340700269	58.5742318076672	58.5967014446438	56.6222983918313	59.6711823068478	61.4736533599989	57.5606370008167	57.2577775653212	59.6664285372883	56.5616645376703	61.3744045538829	57.6631770150014	59.8069197652267	57.9504736975922	55.7460171195521	56.8868755490831	61.3497303155362	60.3563582721931	57.6308271219045	61.8003587088622	61.4968661292472	57.0572883841897	56.6004462047161	58.2810796557133	60.8695675758739	59.2881909074319	58.2058843763161	60.6707991949193	59.3567613189685	60.2153665688811	58.4017419509674	56.1391585627921	57.8177280753262	55.9865430719947	60.5715145488619	56.2037951267677	57.4053521332624	55.2427759844806	59.5380509804929	60.2744132587341	58.2729087443782	61.4042322633466	58.8849223548713	57.1260198600069	57.4793942033413	58.3165053003184	56.0615520664590	57.6350350976768	59.1072010584101	57.6942551111567	58.8705539083282	57.9434992913205	59.7724328323422	57.8766660240064	58.9097366182955	60.5608352570616	59.4581840175967	59.9260703761869	60.7831239211869	59.7777526456137	58.2624131820513	58.1237320736418	61.2573775962240	58.1881438633747	62.6352494261977	58.3190446730242	56.3785057195067	60.1652346988344	61.8015212450924	58.4079095362519	59.2776431172436	58.2018175592175	58.1402895671064	59.7814075327543	58.4432896323896	61.8413739917300	59.3811896070895	59.6689780605553	60.3465051755443	62.0662326716011	59.7966222516576	55.5421492342667	60.5358056796195	60.8743994196534	56.6517466866123	57.6503260070294	60.2394560030829	56.9606948601895	59.3261822314373	57.4913658232637	58.0900149002476	57.4994509518120	57.4954699357127	58.6699242780550	57.4488325773027	66.0409512989753	68.1772188762524	70.6290597325391	70.5074590383276	66.5986336058539	68.1063865670261	71.5625575214745	68.6781760799386	69.3469819407404	72.6299011534938	68.9983031206686	68.1379253661121	67.0204114352244	69.5971292618024	68.6278071299911	67.7038325473358	66.7126333896765	65.5849329536796	67.5626227104642	69.4996586618408	65.6694892266269	69.9166458149770	69.9846772110924	68.6240025893806	68.7787219117093	68.7660259276543	70.2574893106869	67.9567433667695	71.3102827168669	72.7083850294889	67.7099238232616	68.2744487976409	66.8950872086935	69.1703825735442	68.0700903595395	71.6599072613926	71.3261087563945	66.3099481345888	68.5613973201264	69.0225492367239	68.0856758716060	68.1693410214119	69.3534042071337	67.4689170228749	67.9105326767915	70.9147944045248	66.1766270733516	66.4738382782692	66.2599353058585	71.2630570985647	67.8063454006563	69.3113807218535	66.3088196252897	68.3537283581451	70.4632642640287	70.0001919680314	68.0165748654883	68.0817956187200	70.1530868739114	69.0903166541086	67.1392966070965	70.7053121104613	67.6141420219346	69.5907858906925	69.7404979487323	66.9882670062892	67.9300803550778	67.6060637239016	68.1927600420979	71.4441208362769	66.6434130429873	66.8615177811826	68.4586405244219	69.2640504743980	69.1485071866369	67.5032386085791	70.9866088905563	70.5696184310439	69.3456006018455	69.7695612276717	70.3105616631034	69.4328986092947	71.4822231699909	70.3854066628700	68.1693982544586	69.3920337487705	69.6292267039487	68.5861633552521	71.9243004718205	66.5995961469558	67.4291648781884	68.7399296837094	70.1195554912484	67.5131132847743	67.5820037734434	70.5808778495899	65.5625507183701	69.7376438192768	69.5613267742117	70.4513369348000	69.4872502894116	69.5226955175401	71.2309182544501	68.9458613173173	80.5057767332249	78.7072289723691	80.3978403850733	79.4859481443560	76.6845512324199	77.9999778530722	80.6649508193496	77.2098851625406	78.2671658880562	79.1316664665608	82.7100698305130	79.0202518364971	78.9955379209038	79.5233711994560	80.6660612761575	78.1623303911287	80.8408874172947	76.0403585452195	77.8712028347129	81.5699814724314	79.4922026204989	80.1459142237610	79.4626662028335	78.2353425248702	76.9934549975599	78.3597379117648	80.7340112677944	77.6788784645328	80.4154676569408	82.0910035034134	79.5687707509634	76.0783444448653	75.9775143540747	79.5915189068199	80.6603523570217	80.3119014962529	77.6518067448533	78.0326084451645	76.8938535240054	77.0215907934053	79.2845183071883	80.3593909495438	77.4253807173850	80.2228470392046	78.0387227314747	77.1217836948183	76.8570276624530	80.1936608397517	80.6848620810213	78.4296100364036	78.9879034895610	81.3768416526511	77.4443012515161	80.2656428954880	80.2442685938992	78.1607274331946	77.0256862802585	79.1352654209492	77.9017501218126	79.3610527481973	78.2756079901121	78.2755475752865	78.4971475628395	77.0744889674473	77.4030563798064	81.4388085561582	78.4938249346006	78.2477621321332	80.3374097522183	80.1038734293605	77.2457089986688	78.5159466654723	76.9185275572617	78.6705994875384	78.5463240618929	79.8015175716223	77.6332088760193	80.6774825793827	81.5429240053982	81.7405581531572	80.5450953769591	79.8596519261923	81.6758823429036	78.1077995722862	77.2399376486070	78.4596643618720	79.7054183732608	78.9664402072668	82.5770558238501	76.3361239544385	76.2847552887659	79.8430348729949	80.3154334208996	79.4072898688719	79.4782884693804	81.9430778214534	77.9665449180613	79.3885354320595	79.3078957261758	79.0191409234140	77.0381113695394	81.1019115925459	80.6737530587515	79.0794466114119	87.6231940981709	88.8902413954291	90.6143727141948	91.4368598180743	90.2235523705370	87.3320883760920	91.5427869904611	87.0710811023057	86.7662235419869	88.0809889137646	91.5947245388546	89.7213449103957	85.8668006585944	88.7833491431057	92.1793266612916	86.4664565589605	90.6809033745056	87.2992146495768	89.9315735546557	89.4817178551249	88.3553543086183	87.2369346534094	86.9133540777095	89.3126517834857	88.3571886540895	89.9490252055882	91.6469227959329	91.2767552873961	88.1908233659748	88.6825747535883	86.9051963180832	89.9080801998736	85.7382197889819	90.2035544244058	89.6121219885188	92.2239255647530	89.6124827175243	87.7459424299100	88.3086574401693	87.7982141056247	89.3957240927820	87.9389102960413	90.7195984170235	91.5086383552880	89.6816676697852	90.0362725403756	88.6557678296752	85.9607478421602	86.7481615261679	91.1785390017315	91.8915000108345	87.9900469747653	89.2142455990293	87.4392320811573	89.1745211093028	89.8737844440251	87.2680974239630	90.5265115702465	85.7902153633092	89.4761433341444	89.6136845810716	88.5156236414307	88.8219410374215	89.1067816464207	87.8943112678418	91.0323963638149	87.0637992009833	89.3936245332617	87.7732837066515	89.9815219012769	88.2202837402823	87.9408577847051	87.4797376567498	88.4607737961863	90.3550178180564	87.8776172241984	90.9245869725728	91.7049695517260	91.3378599278598	89.9696096259970	91.7573114606739	88.2294447850124	92.5181941459197	91.6937733272603	91.7856015043013	87.3035806994840	89.9660467116580	89.9457694286147	88.2422481554971	90.3985027989621	88.7097754456499	87.7460474972614	90.6214319830332	86.6592144266264	91.1270926783808	88.6555291453325	88.0904603500924	89.2558223801107	87.3570092861687	91.2163287345273	87.9182036717075	88.8794217074184	91.6655179889524	89.4529260836703	96.1228465731461	97.8677594090988	100.475748367994	99.1636941426574	99.6160063063911	100.519432457847	98.7551236798731	99.6602868046407	96.0915920298816	102.099650891973	100.096667708984	99.3548912483190	97.3174710472981	102.011868335849	101.705674742114	96.5755699766027	99.3028592859762	96.3201821157642	97.5811723709144	100.851308742374	97.5421249193209	100.853346694176	100.080836710870	99.5560748790232	98.5543677065559	99.1404125664526	102.702805304113	96.9504142991942	100.688886244930	99.6717208985739	100.975048815380	98.9889874150537	97.2592947490395	101.971060827916	99.7325872572530	100.218021717632	97.0635286559118	96.3974223461066	95.9757414955538	97.3704250188995	95.8347359114056	97.9598960221476	97.4461739389060	98.1166032261238	96.6725597689634	99.4392074193690	99.8645569478262	96.6300471336788	98.0715228461762	102.079180859616	99.9751295524206	102.397839928189	97.9269638914052	100.773382860759	100.673830285422	96.3402672664955	96.8568929407076	100.871759291927	97.6895412557650	100.395735178170	94.9773098798222	98.4918650738626	99.0014529205201	98.9689193355354	100.751635067478	98.4315232660478	100.035641098095	96.9621812503676	99.9290972842480	97.9514799363715	96.8740778038671	96.7456110708732	97.4902695025862	99.3646609895183	99.0500146325903	99.6749345433087	99.6367244470654	98.1294736611486	101.855750763821	97.2852206298345	98.5313857103168	100.475970645088	98.3110083900941	100.327543938198	98.3966523417774	99.1817648823612	98.4833445175657	98.5988258439330	99.5636089669331	98.9396277594777	95.0660070746810	100.564853530833	98.0117059167783	97.2128364336021	98.6338776548739	101.900662459179	96.2094650232299	98.8419086783901	99.8342645682209	97.4332643030321	97.0190493193587	99.6126291076168	98.4181103685621	101.169024412457	106.872018824784	108.699215162718	109.062643586811	109.717318146771	108.194270155665	107.577747958863	108.899028076488	108.653178796017	110.213126385283	110.724938849469	111.260839244261	108.907240637873	110.381409710116	109.387187332162	109.774651536769	106.558753178080	106.290061943816	108.292325105400	108.890867364167	112.319105057634	107.774735385911	107.300361518332	110.065314335889	105.785625263208	106.661328170114	107.381431732491	108.385315806153	107.538792862768	109.837839821851	109.524656215959	106.999752265558	109.063562640429	105.505820090653	111.248310292247	110.519273257244	109.486496074605	108.600738826269	108.357298432232	109.947766066499	107.730742416184	105.531861723750	108.641947705367	106.642078330234	108.753788867049	106.809498064280	109.435354316353	105.679709565888	109.045837351324	107.845733564112	110.360724633813	109.791452140820	111.261862753405	106.649583218413	106.775584294049	108.747012876264	110.631853860799	110.034472769692	111.837223714556	107.867835317668	106.781133555157	106.503687457841	110.310718823539	110.681161743341	109.488226874106	111.949752152218	107.282824483794	106.128147608778	106.966099209805	106.765502251259	110.301486927246	105.922623304664	109.714425295224	105.631530635267	110.515732237884	108.116988407975	109.428696997092	106.730692975230	108.663514409446	108.169706105266	107.580447693274	111.897533151751	109.031137773780	110.545252361671	107.177643069286	110.143228286554	109.156997023508	110.099034867386	108.042467930491	108.254441063730	108.059543570784	109.050680850645	110.938314461939	109.760485699716	106.232182930786	109.494660991451	108.135522287220	108.708171568671	109.051501199985	107.879282694377	111.370287599490	110.541931577357	110.974984566363	110.714380851440	108.376662898585


objFunctionValue:   668.251687603893



