Dataset 30


dvh_array = np.array([
    [ 7.82, 2.91, 19.97,  3.16, 12.66, 12.26,  3.54,  3.38, 0.00, 0.00, 0.00, 0.0468, 27.76],  # Rectum
    [ 4.98, 0.52,  5.83,  4.27,  5.79,  5.76,  4.29,  4.28, 0.00, 0.00, 0.00, 0.0000,  0.00],  # Penile bulb
    [ 5.70, 4.48, 46.66,  1.92, 17.97, 13.29,  2.39,  2.22, 0.13, 0.00, 0.00, 0.0000,  0.00],  # Lymph Nodes
    [ 1.19, 0.82,  4.31,  0.26,  3.43,  2.95,  0.40,  0.34, 0.00, 0.00, 0.00, 0.0000,  0.00],  # Rt femoral head
    [13.65, 1.27, 18.28,  7.46, 15.50, 15.08, 10.92,  9.26, 0.00, 0.00, 0.00, 0.0468, 27.76],  # prostate bed
    [12.38, 2.07, 22.35,  5.45, 15.44, 14.86,  8.13,  6.83, 0.00, 0.00, 0.00, 0.0000,  0.00],  # PTV_68
    [ 5.81, 5.34,100.09,  1.45, 19.73, 14.22,  1.98,  1.82, 0.29, 0.16, 0.07, 0.0000,  0.00],  # PTV_56
    [ 5.75, 3.96, 28.47,  1.04, 14.31, 13.64,  1.50,  1.29, 0.00, 0.00, 0.00, 0.0000,  0.00],  # Bladder
    [ 1.20, 2.66,161.37,  0.00,  9.76,  5.03,  0.00,  0.00, 0.04, 0.02, 0.01, 0.0000,  0.00],  # BODY
    [ 0.95, 0.59,  3.21,  0.07,  2.58,  2.25,  0.30,  0.24, 0.00, 0.00, 0.00, 0.0000,  0.00],  # Lt femoral head
])



templateX:  -49.4614910562492	-50.5557462886960	-52.4088559598121	-51.2870816448821	-52.8202541540490	-51.6228348078055	-51.7340894084238	-49.6548313590166	-46.7861194115384	-45.6788474228436	-45.3449298954285	-47.1644582358274	-46.5553451547608	-47.4893299316709	-47.4481936595012	-45.5063245694222	-40.4104142842714	-41.4838461523907	-42.8772456746125	-41.6844606114960	-40.8910296122326	-41.0362539450556	-42.1011109552865	-39.4691281487553	-37.0602936573096	-36.2669518914339	-35.6822525983837	-34.4185982729579	-34.9641090330899	-36.1511881652409	-37.2076261636098	-37.7610402859856	-30.8831501115117	-32.0830084736111	-31.3876794111705	-32.6225484367914	-29.8072340791215	-31.2557537215868	-31.0073046886133	-32.4940713583181	-25.0555288970581	-26.2454160468326	-25.7070219252310	-25.8931648009499	-26.0155289089488	-25.7592866430905	-27.3459917013975	-25.1330388874965	-22.3891840077899	-20.7323517837011	-21.7684778591747	-20.4666546557539	-20.7591470892734	-21.6446726060699	-22.3530606176097	-21.9979847661255	-16.2595974922111	-17.0867387318401	-17.7045862836694	-16.0661178383123	-14.6805378785014	-16.3050726975150	-16.2571795122534	-16.5357290658882	-9.45427241336484	-12.6905431912840	-10.1451554011516	-11.5625663985892	-10.7749268896353	-10.9756139063784	-11.0236367306973	-11.8136555204403	-4.78288308250202	-7.22347447048893	-7.18959584132001	-5.33047739720656	-7.35043239893834	-5.17341177324693	-7.78832809974496	-6.42242491348369	-2.36015157629410	-1.12297565025340	-2.28640285428246	-1.49427726298080	0.376895081885539	-1.88003531661609	-2.39604919975068	0.296738667608537	5.33591072723448	2.71859259202644	2.23292688694437	3.44482189614802	4.76375893912982	3.88195817210075	3.84527938805743	4.40882129995384	7.64821460535103	9.57708970955147	9.08189276037261	10.0207205907618	9.87878520532941	7.18815338564406	8.66619828424106	8.13724303552627


templateY:  -397.727052759028	-385.051045453322	-375.500446028394	-366.223529751294	-357.098503752947	-346.826793146299	-335.996022883219	-326.986039140041	-391.989938103720	-380.243049424938	-371.968676174975	-362.834297402310	-351.270910445253	-342.091266360420	-329.875863206926	-320.625367193636	-397.392626275398	-385.110419337240	-375.882312131656	-367.447682946619	-355.840513969586	-346.881537657310	-334.621715066870	-326.576444029779	-392.766566403886	-379.691219870574	-372.293250670905	-361.404339104508	-351.645763206676	-341.092535065859	-332.775288301623	-322.101134801418	-395.469534970703	-385.475138832251	-376.095721802140	-367.794603569544	-355.390380042971	-347.533778816975	-337.099956814071	-326.006703638482	-390.707601021062	-381.358726124063	-370.977908904451	-359.690530944606	-352.616402729960	-342.249987911605	-330.157536578636	-320.650271501181	-397.378041865190	-385.684181579784	-377.547909079219	-365.162077062445	-355.105611689979	-346.900243695147	-335.865074226965	-324.632312710060	-391.681232364133	-380.884783297602	-370.268859615771	-360.025552221681	-349.706662159938	-339.781773486063	-330.096408015587	-319.499253156105	-394.505987421380	-386.860896121661	-374.785879687739	-367.385551515421	-355.124758090541	-347.656158904972	-337.874701764979	-326.804224065319	-392.051689449491	-381.250313445845	-371.930213916162	-362.651483997260	-349.968022303072	-339.747959604939	-332.570475598443	-320.165077407733	-395.060260789124	-384.565957437969	-377.281824551045	-364.691830887075	-354.753693394779	-345.399650149521	-336.295846639186	-327.873113059551	-392.708553975039	-382.128581722667	-371.209627439119	-362.707455114736	-350.436819736456	-340.063754011183	-331.233379235006	-321.482582594896	-395.788627646652	-385.741230987037	-377.380926085297	-365.187647416525	-355.103613753183	-347.742132548277	-335.242172978374	-326.527485408097


templateZ:  58.5843529117094	58.3998546444766	58.2354841790845	58.6949913074551	57.1509605670834	58.5065040863010	58.9208629809250	60.0116217437155	57.9904688594859	57.1491705561600	58.0976616633717	57.2931407424619	57.3708292913349	57.4368108587074	59.2880757810186	59.4934097777493	58.1908007810779	60.3498824638111	57.1599057862018	57.7373174592368	59.9246500995324	60.1039861862620	59.9653326244808	60.0202267722128	60.5593552063108	58.2092304301783	57.9249582654194	58.8412283157088	59.5905496036663	58.6078613977551	57.6193180813864	58.9838464500497	60.3329620138541	57.5007163494803	57.9170513307669	60.3128326805982	57.2156996237349	59.5658186231007	57.7202160163871	59.1658950284947	60.1456194602901	60.0338737812221	58.4379506493320	59.2951324106533	58.1570325904133	58.8051065663015	58.9321251885963	57.6791992955419	58.8259499690982	60.0678558095384	59.4440530500002	58.5050493249768	57.5946658643597	58.5198257458073	57.8601903921582	58.2315643651028	60.0370248659407	59.0192997232250	57.6800914916463	57.5872014508508	59.7637896111895	59.3449843557583	59.5681688400691	60.5264960981638	58.5683502281446	57.9430948164731	57.6838094872556	57.6002333365466	57.5679201318351	59.2354284497655	60.4994040851765	57.7410673677108	57.3211604574954	59.5679839859657	57.5224271991390	58.0464540126160	57.1733577664979	57.4157284910343	58.4658869007511	60.2185760573955	60.3875618067742	57.7717222217939	58.8802481456493	57.5897892532949	58.3090407974248	59.1626025052286	57.8648100361394	58.3931266903520	59.9543525758842	57.2515842741505	60.5328327307754	60.0032839013826	58.1763860082342	59.1345871532575	58.8391412061627	58.5311919759747	57.1292784240979	58.2577789329965	58.3845862583596	59.5999507479830	60.4163522044422	57.9958211581675	59.1608747714326	59.7876833096552


seedPosX:   -48.2974848296002	-51.7935948990703	-53.3629792077597	-51.5841785436973	-52.6339563156465	-51.2022517619552	-50.5135150085513	-50.3381230591884	-47.5459215590777	-46.2855190367532	-45.5648916546451	-47.5656452805526	-45.5034556707015	-47.6665405445951	-46.2083505300550	-44.7069784188811	-41.6231486724621	-41.7452354949590	-41.6356590197880	-41.8634883651831	-39.7194751150202	-41.0000516676994	-41.2176785237385	-39.2904653340563	-38.1876101844406	-35.9821439278859	-35.5434672935899	-34.0911619083441	-35.8779526545344	-36.9243907235631	-36.5627361806866	-37.2340922817469	-30.7325948125105	-30.9171365437493	-30.9631031503020	-32.0282306989072	-29.8918750376460	-31.3095780913334	-30.3949257218373	-33.5859680098880	-23.9629529073743	-25.2509377908162	-26.6969517960930	-25.7306431845692	-25.8947345447327	-25.2640307324967	-28.2197152056831	-24.6476184652346	-22.8912521651414	-20.8028128750817	-21.4420038217933	-21.6801382669586	-21.2381234314431	-21.9153207898420	-21.3236279453156	-22.9210672769848	-15.4029315371176	-16.1071441860730	-16.7533815851102	-15.4343376741538	-13.5396336103703	-17.3401081604157	-17.4368772460469	-15.6050416849209	-9.20440665386270	-12.0936299316623	-9.50701826750476	-10.7818468755516	-10.6403713310921	-10.9027985006715	-11.4799261771023	-10.8575219913587	-5.39349427131803	-7.54269832592000	-6.19521201511810	-4.29413409236931	-8.23579169146987	-5.33503404291659	-6.93598604057999	-7.03936699475739	-2.59449808329044	-1.73770508551155	-1.78778515210598	-2.48145246084457	1.26099376824541	-0.714697127185193	-1.23281185281092	1.28905403564588	6.15214790712015	3.12839144858881	3.00736724509784	2.44697716994984	3.64211805458109	3.08610413679965	4.36691617792506	5.16597957866799	8.26495761284936	8.34898286282876	8.14264892007544	10.2813138251828	8.78429583847240	7.54482231546229	8.80172201094714	9.00969631815005	-50.5165709111018	-50.7254692715600	-52.1931514849447	-50.7090201692087	-53.2573307077878	-51.3750674753172	-52.3700395791905	-49.0764416345295	-46.8797748724067	-45.4027188120096	-45.2574368187444	-47.1732920740169	-45.9431268736517	-47.5230661604621	-48.4162641499706	-45.8628380838382	-40.3018037625937	-40.3676275013735	-42.5364476929486	-41.6565282664280	-40.7702704218292	-41.3675231040043	-41.4272030002814	-40.0724937721774	-36.6426000725044	-37.1581355518826	-36.3549500797150	-33.3306536828511	-35.8150347510004	-36.6031618580085	-36.5281238652297	-38.4567564665741	-31.6262536186027	-32.1764683930693	-30.2217461520454	-33.2040594638013	-29.3899856682071	-30.5442604669503	-31.2687456420319	-33.2081872525402	-25.4098626369708	-27.3949085328255	-25.1480126781563	-25.2052935349507	-24.8974466843300	-26.8041024705783	-26.1537047188946	-24.8039880429397	-22.1703297776839	-21.1494050148592	-21.3280898214547	-20.5828517367342	-21.1404372301320	-21.9850408182209	-21.2369671832399	-20.9986189487571	-15.6578613302097	-16.6076232187811	-16.5011312825543	-15.2019468063865	-14.2211580868104	-15.4771040135183	-15.3008345330908	-16.1424914383609	-10.4932988485636	-12.3125722036763	-9.51075270453121	-11.7884721698524	-11.9813588505210	-10.7989795598691	-11.5058743350783	-11.6942801532988	-4.06584789880042	-6.00772128391791	-7.06447249024525	-4.15459440115361	-7.80197152195747	-4.63064625302598	-8.42338665008749	-5.23985333969619	-3.32236056213800	-0.330760087030922	-2.83092265453181	-2.66458659467307	1.48090225902654	-1.46827406603120	-1.47257929960094	-0.926529089517373	4.67072532725132	2.80216053466567	2.73721253915869	2.45286940791257	5.68728545526425	3.70966950661347	3.03758811185997	3.23444929577157	8.04375101944262	9.97498652937163	8.32488818874609	9.64163479560992	8.88087899391418	8.02607774968828	7.58585236387670	6.99206740342983	-50.1312840527767	-50.8691497398488	-52.4323044724199	-50.1558873083029	-52.5974289551432	-52.0735772281243	-51.4070387908110	-49.8665402236232	-45.6786186033147	-44.4358050960856	-44.7021196320290	-46.3835436338078	-46.8033465583376	-47.3625945882227	-46.7205485008568	-45.8356169391672	-39.9327922548002	-40.3852390508941	-42.1293323827770	-40.5717720345404	-40.7194899592349	-40.5833754512272	-41.8794583869827	-38.2407248468318	-38.1638922818655	-35.6428401667022	-36.2117585272631	-33.4781369672063	-34.7742237416401	-35.8436156719435	-38.3177407408108	-38.0657429952271	-30.5914172655896	-30.8775587300822	-31.4820779051029	-31.8495860213900	-29.0401558254923	-30.8673691994780	-30.0155108574265	-33.3778896173184	-24.3414663234988	-25.5429630321340	-26.2616735515948	-24.6446421375851	-26.8933052513127	-26.2861365883239	-26.6892090769163	-24.0097950247280	-23.3821704998938	-19.6445073216131	-21.3800922905681	-20.3953533522252	-20.1089055197195	-22.1922253734341	-21.4915265490308	-20.8432553970878	-16.5364690070573	-17.5671355082388	-16.8608205905137	-14.9446492469366	-14.4404553384233	-15.4767894463264	-16.6049305766870	-15.6385492908476	-9.47941316940284	-13.2828100134907	-11.3561543480721	-11.2548801256816	-9.96510903841164	-10.2314860127138	-12.2475222773727	-12.0648838317271	-4.98669116449606	-6.80261083879684	-6.16483923124567	-6.17906578200630	-8.20584655653512	-6.27511474542112	-6.54655494024265	-6.88717758364406	-1.53687388147710	-1.68930299169542	-2.03721419535893	-2.73728154385850	-0.854348493780027	-1.79686846199108	-1.23851578158605	-0.820700441781119	4.84934153432565	2.87920681606227	2.73882256005968	2.27010600346387	4.84840576075328	3.10800970252697	4.49147606778948	3.86852211763617	8.13039471915647	10.6987533236874	8.81104568009757	9.49495372563374	10.5344141979934	6.94214338168896	7.55579191388384	7.01753770541471	-49.3793677420281	-49.5520556270116	-52.8923780962340	-52.4373397021740	-53.3987215041959	-51.0960936266025	-51.9992789827565	-49.6749168290542	-46.8361342568084	-44.8898509466045	-46.0013364147776	-46.1716327584892	-46.9233537314145	-47.5085986580762	-47.4768106698768	-46.1837289533243	-40.3362336237111	-41.4482883947197	-42.3902950250887	-41.9208059065187	-41.5333973144991	-40.1451229121990	-41.6298937240695	-40.4054968208584	-36.8825409113303	-36.1105276787262	-36.3287077365068	-33.2970475420976	-35.2024899484151	-37.0197327634421	-38.3694532986416	-37.2989136422699	-31.0792676726308	-31.1090429641279	-31.0843616574926	-31.5397613964215	-29.7556956347459	-30.8738404190664	-30.0429021280673	-31.5739988799679	-26.2735532365250	-27.2554078336458	-25.0144297711425	-26.0898178357842	-26.0464381458411	-25.8116390280940	-28.2833572549759	-24.8382429470561	-21.3564960959233	-21.1538949365474	-21.3462701233139	-20.2537766101880	-21.4493622535790	-22.8291358484500	-21.3402880597719	-22.4150549222028	-17.4486339731870	-15.8870951899251	-17.5950406278621	-15.9029093284352	-15.0183063413758	-16.5120903366887	-15.0372657608179	-16.2918082345170	-8.26268748471339	-13.9073995132953	-8.99650325809847	-10.8620287007188	-10.2389835469698	-10.7305684573840	-11.3186595614047	-12.0663676826831	-4.17411769150618	-6.74369795642970	-8.16489539903667	-5.25430934348998	-7.69333768614846	-6.08468909218788	-8.50486137535159	-6.25215620811559	-2.21891255704015	-1.86481347508251	-2.19345988668053	-2.62889013673876	0.831898373177825	-0.749178716043450	-1.90216676350572	1.38523034521306	5.95539125255084	2.14886586932078	3.06535645806937	3.15899857684544	5.97651712112654	2.65148410138289	4.13637900773455	5.18700456326732	8.13093458345674	10.0270230583815	10.0403401413914	8.84229901419275	9.68128239744541	8.31463304716403	7.66223120114970	9.10274257294241	-49.4952983699415	-49.5257189481218	-51.7894981069547	-50.6951889433312	-53.7342030907858	-51.3473234337524	-52.2022116087663	-49.5026066117282	-47.5952707667712	-44.9368644891414	-46.0769395745847	-46.2565383670571	-46.7978544153785	-46.3020936082899	-47.0234732366795	-44.2861810530827	-39.7562784431446	-42.6343100447887	-43.7992367715661	-40.4784199984001	-40.7384708320044	-41.2331506104503	-41.4166699563445	-40.1717926436181	-37.7449211670529	-37.2879528693104	-36.4816581103901	-34.2201968682095	-35.8862444020807	-36.8204634686657	-38.3546386379015	-38.0220152812117	-32.1285767501480	-32.7713112725164	-31.7427790518697	-32.2304620823517	-30.6817393298648	-31.2310807715998	-31.0633349490191	-31.3836581451512	-24.5236391760198	-26.8760680904640	-25.8081708616654	-24.6779683625620	-26.4976965861170	-25.4057329404983	-26.4626377976125	-25.3935233129982	-23.2262330285683	-21.3807069423439	-22.7568005055592	-21.6500401469102	-21.3512477596720	-20.6114856647554	-22.9389511881971	-21.7950143334371	-17.3552104979434	-16.8259906651094	-18.0450392616698	-15.7830193503666	-13.6109538271594	-15.6329826106208	-15.9627503600531	-16.9041238609741	-9.11886363280253	-12.8370805995528	-11.1742245972950	-11.6549163687977	-11.4492029099133	-10.6483513139326	-11.7257527652309	-11.5096357045943	-4.82644912575069	-6.14901963945751	-7.64264444549563	-4.61711325057700	-7.12830627772079	-6.19624072930455	-7.31384950546916	-6.36526415978747	-2.41867519178626	-0.132288746024478	-1.93025286300293	-1.18619214609701	0.372920504762614	-0.786496893374067	-1.96938922105525	-0.210915383679105	4.51253244692436	3.78924271087443	1.77089034705217	2.84505276018814	4.62890746211714	3.87305499266114	3.07399383723624	4.55299485156212	6.95339127107398	8.34548125736454	7.92687771814203	9.45130603770675	9.05671715326081	6.00404663636239	7.59708652108149	8.16002578516721	-50.1926079516436	-51.7998580218289	-52.5483467820464	-50.2142961908755	-53.3876131850347	-52.0092846418836	-52.0537516372973	-48.6279787667075	-46.5073289263141	-44.6577399439056	-44.5139609481851	-48.0792686386224	-47.5927110812333	-47.0108559985548	-46.4044413971288	-44.7899148684689	-40.6372696769542	-42.1126527245059	-41.6943484726144	-40.9563153969350	-41.8217987075225	-42.2785555186691	-41.7242830990144	-38.4117943106689	-36.8501680960101	-35.2567680523073	-35.5345973494272	-33.7689260100157	-35.0918806874579	-35.4000867625890	-36.6760436238264	-38.6001821323584	-31.6942389726385	-32.6760264150749	-31.6744208216786	-33.0023537856184	-29.7249611761680	-32.1450492375572	-30.0931495253378	-31.3524760537548	-23.8073697256064	-25.4823341292067	-25.2912432492704	-26.8230788387878	-25.3078422609486	-26.1841572423886	-27.3921442619204	-24.1841582623568	-22.6086239292988	-19.6720659529153	-22.2269648473614	-21.5712878297399	-21.3604649827377	-22.6668459366051	-23.2272575990278	-21.0975911300131	-15.6073016004223	-16.4210712602600	-16.8239947474658	-16.2456712005232	-15.3562431372987	-16.4759691292352	-17.1124682074475	-15.9787190427173	-10.5081194283652	-13.3629290434806	-9.42306230934724	-10.9422265910887	-11.1650945463273	-11.6229458784395	-11.2657457263336	-10.6459146558340	-5.76954298817636	-6.15770129349997	-8.25082914698847	-4.94255066987358	-6.39715415348727	-4.58870782489117	-7.72821167069032	-5.25835302065238	-1.20522893485293	-1.36313225595997	-2.36820986015078	-0.516819362553519	-0.116644700697345	-2.14717748019385	-2.20379598121784	1.34761935366232	5.21561111075033	2.44876232866091	1.06119324938274	4.48440158586359	5.79362572347850	2.96073404929887	4.44392534507599	3.73219533296321	7.61121657130470	9.71260614999061	8.53410274047272	11.0439633543123	10.8738392113505	8.33374047818222	8.21383817318081	8.83027101620593


seedPosY:   -397.123925480232	-385.610414323246	-376.419031797226	-365.671042045465	-356.062595425387	-346.986937104835	-336.662825161782	-327.189142746948	-392.894577354235	-380.776153094150	-372.706183891893	-362.825735231071	-350.209292944998	-342.317100885491	-328.719061977025	-320.228770923565	-397.679589902666	-386.146042429635	-376.127296559294	-366.432575301379	-355.268958699163	-346.867097174776	-334.843301281026	-327.194606156355	-393.044383990256	-378.778729972076	-372.927338145594	-361.398688661364	-352.357614414774	-340.943920628243	-332.369534484835	-321.988216943804	-395.905661929045	-386.441585000115	-375.141119635904	-366.699383713797	-355.943829111964	-346.569789796121	-337.500657707753	-325.662737693947	-390.030587392299	-380.841869835963	-371.407713073811	-360.377043525007	-353.432439030326	-341.483499024589	-329.682960705557	-320.845156840609	-398.263763901777	-386.179660339358	-378.661447697996	-364.133130276965	-355.239465296651	-347.553343584333	-335.342111644719	-324.032186727119	-392.907624078627	-380.450649434376	-370.121693661184	-360.783686704257	-350.903006564781	-339.624249528821	-329.877476839293	-318.499462926772	-393.486720667907	-386.389081738329	-374.062211210118	-366.998196299401	-355.094216557653	-348.903540375239	-338.177791753798	-325.645811557657	-391.036376215699	-381.501328813585	-370.836137298943	-363.445337344455	-349.069979263152	-338.562523708618	-332.834895256054	-320.295526077136	-394.072692575401	-385.190368081188	-377.329632632413	-364.736671369838	-354.855316394398	-346.020775433387	-336.263877876793	-327.183950499684	-392.897368274546	-381.350079432815	-372.428463215029	-361.799303742673	-351.663833410216	-341.135078374401	-332.016516138710	-321.451738690420	-395.664410176156	-386.242578379170	-377.074517881470	-364.729682384776	-354.040465869153	-347.010414683588	-335.543129067884	-325.355769757875	-397.302923665227	-384.748450531235	-376.390294505385	-366.526265112676	-358.303400646707	-347.240379475540	-335.102036415072	-327.285267819862	-392.921244333376	-379.949486123643	-370.856479204975	-362.233642235231	-350.023550771719	-342.339763376752	-330.991310646634	-320.299911125474	-398.451265384755	-386.337267183335	-374.795445854401	-366.771001773891	-356.504564375047	-347.127389963688	-335.352337292525	-325.548240323216	-392.097859112865	-379.642588414460	-372.611954984303	-361.159083721122	-351.767968762255	-341.469518780630	-332.308388688733	-320.914301372787	-395.627212716539	-386.555347894374	-375.270319047720	-366.765383207011	-356.227168083790	-348.343056618057	-337.311288646280	-325.897594391813	-391.790297593459	-381.971713239695	-370.114654172590	-358.916138669692	-353.264369503316	-342.949445397780	-329.128904737591	-319.419518295820	-397.643760681517	-385.240185588538	-377.870155456520	-364.679698105288	-355.993652415624	-346.180169526194	-336.911476451561	-323.877019895183	-392.222253892494	-381.892743612362	-369.269904947793	-359.652557604978	-349.802348638923	-339.481584027436	-331.189189237042	-318.335707221304	-395.350002462018	-387.508723183379	-375.329015987115	-367.441862254114	-354.645827222174	-346.579931353544	-339.045428914570	-326.752092783087	-391.636679640584	-380.771274055357	-371.607330007392	-363.588536510879	-350.311244313441	-339.002783609033	-333.184375791834	-318.988303633136	-393.876289029424	-384.293926408551	-376.703456950540	-364.072971903246	-354.692301253660	-345.226796434700	-336.804200671509	-328.056088853379	-392.840072942989	-381.902654212729	-372.412779118758	-362.354733114566	-351.108537946517	-338.844765214172	-330.693593271568	-322.339800351091	-395.519710357409	-385.867042913796	-378.112730713348	-364.676982010925	-354.917968301560	-348.847964847464	-336.204649855405	-327.062201405709	-396.683545026822	-384.739906076341	-374.969825713367	-366.995872289666	-356.485325193697	-346.250790339420	-334.994585582360	-327.519897412415	-392.421931159926	-379.062221094650	-372.828221095330	-361.638719432983	-352.244779220695	-341.747418019675	-330.979889370905	-319.664137665597	-397.219989367963	-385.594993801275	-376.152061201917	-368.052942655384	-354.905879161445	-347.508027987341	-334.934941579809	-326.044503634262	-392.896651146544	-380.702263488655	-372.411477065214	-360.550571907230	-350.943838069661	-341.485861823246	-332.102608484546	-323.097058733203	-396.100689183792	-384.448101411614	-377.103797840176	-367.758489476293	-356.575046804431	-347.909979830562	-336.221772667632	-326.627273208318	-390.822151722013	-380.613526738722	-370.068197142948	-358.931311292125	-352.476245972405	-341.305598444255	-329.524063874306	-320.474630626447	-397.137921805084	-384.525312446124	-376.665985539558	-366.058219887056	-354.605312690484	-347.026075421799	-336.234306285994	-325.450984793037	-390.911691511548	-381.936922422903	-369.886349102791	-360.733123743707	-350.758980702745	-339.186072273778	-330.939439745115	-320.670887460510	-395.213588430136	-387.976152225033	-374.148941559450	-367.302179687023	-355.730730229834	-347.160994060614	-336.748076425692	-327.954548339281	-392.394889580544	-381.153684765509	-371.123454861127	-363.142678519110	-350.320357434849	-339.103416053814	-332.071158711866	-320.562708823813	-395.815056660218	-384.849285906876	-377.837514654307	-363.938185931864	-355.501878107923	-346.132567879734	-336.280868673473	-326.760662836096	-392.735725027236	-381.124674159316	-370.933881851322	-362.569034763326	-349.718624510599	-340.056314733100	-332.348441204042	-321.615100374558	-396.763085023337	-386.695264608995	-377.764505390425	-364.902326523346	-355.705899529431	-346.710491039301	-334.184112459656	-325.875549964804	-398.950779133170	-386.137735806246	-374.484676643003	-365.758288140032	-357.908101063723	-347.101572365603	-335.872510340020	-326.791906104844	-392.921117734229	-381.415564182766	-372.595571404609	-362.836180227015	-350.224006341578	-342.088793834448	-329.422372214847	-320.399765454039	-397.270460960989	-384.808612318147	-374.933801676453	-367.180458750028	-355.827975556491	-347.988146137225	-335.252146894385	-327.574640154753	-392.239360352608	-380.716432067750	-371.954592043705	-360.894531370415	-352.515619214243	-340.703521468880	-333.049003962000	-320.968557727402	-396.097315671533	-386.189275248911	-376.429108410029	-367.096985608293	-354.598203247350	-346.490459185641	-337.303858184287	-326.985132562892	-390.197437251149	-380.400269016994	-370.517898972284	-358.556822715492	-351.895415128922	-342.466274240161	-330.391896355318	-320.399398650789	-396.615306953575	-385.468397302505	-378.612292567096	-365.193308911705	-354.074905526291	-347.144053604029	-336.737542991120	-324.785971374066	-392.416568014581	-381.854975545801	-370.122298030269	-359.013893631555	-348.640339672780	-339.140092017306	-330.267595539502	-320.420571469350	-393.457406512514	-386.547088847338	-373.791517665422	-367.567574167523	-356.186829688533	-347.326391534160	-337.878693252347	-328.051097066483	-392.374107576058	-382.116549707701	-373.051273054760	-363.536197070462	-349.098133403573	-340.482786914526	-333.204033363861	-319.300569703594	-395.693873961460	-384.346084097732	-378.182639539401	-364.732978679878	-355.822172997741	-345.950811302565	-337.197461731689	-327.311023190700	-392.931908201916	-382.678525703717	-371.943173695633	-361.606907025248	-350.760882047075	-340.986713901338	-331.749439428448	-322.245814811010	-395.258783106311	-385.376541537406	-378.508538696701	-366.390801163765	-354.392063365623	-347.876928248318	-334.131602880264	-326.624992986499	-397.316985597468	-385.032358048934	-376.267745824708	-366.132412991597	-357.022155701822	-346.940914301340	-336.001764925787	-326.002979831450	-392.293801946513	-380.226179382840	-371.247078821461	-363.971911547101	-352.255587076972	-342.542776183419	-329.834456687148	-321.267449967072	-396.988216618332	-386.352674294641	-376.077835203156	-366.528465295948	-355.461935385075	-347.757994653597	-334.070862535237	-326.707603369125	-391.595675273305	-380.162436273505	-372.084586036549	-361.984984307949	-351.215149823142	-342.242711598119	-331.627256976129	-321.943793966884	-396.691243023179	-384.262307900405	-377.110645358059	-366.999486551894	-354.410763929313	-346.938588998783	-337.188229324452	-326.859826332757	-390.591713344000	-380.676322504503	-371.581200308559	-359.135153722453	-352.083074433530	-341.422815966860	-329.587495000249	-321.731211812394	-396.158761551689	-384.602612259450	-376.414276818684	-364.680849310579	-355.842389947211	-347.424712934208	-335.848647632110	-325.809333680899	-390.442542394103	-380.058418677216	-369.624513944800	-359.132675399812	-349.666155334131	-339.053860028378	-329.614889116742	-320.571128880136	-393.686146440646	-387.917286154009	-375.771967795599	-366.555397283939	-354.602890615228	-347.089650130532	-338.270624145185	-326.957150944432	-392.666960736280	-380.574295517469	-371.936954283661	-363.524893719925	-350.557112686911	-339.691983656771	-332.416088931149	-320.646085679354	-394.197903897584	-385.296770304432	-377.932759530836	-363.691788019569	-354.936349489312	-346.627795332410	-335.953478771043	-328.426342040663	-392.441330216344	-381.369073056244	-371.815744119825	-362.769206885480	-349.625581934708	-339.956301826330	-330.875261743680	-322.108016889726	-395.138534505174	-386.639151618898	-376.950176060605	-364.825397975288	-355.670414116564	-346.742491679777	-336.269044526392	-327.374698290573	-397.493046969214	-384.586876098048	-376.469417692296	-366.036474820995	-358.333149989782	-346.044983896804	-335.143566619932	-326.757100670898	-391.722994013622	-379.403547463073	-372.062517832867	-362.375885700639	-352.370147869679	-342.033541924165	-329.987991625427	-320.927526301341	-396.334964086684	-386.239262452489	-374.935299121727	-367.062635517607	-355.984936225799	-346.546504449096	-335.446900888528	-327.432336406576	-392.312341384673	-379.262724098916	-373.479936934779	-361.671036523008	-352.324962016628	-340.055351372638	-331.545703098622	-321.504961874727	-396.055222882056	-386.642202478505	-377.305726373193	-367.781408058589	-355.633174259646	-346.651613047865	-338.221464168744	-326.339594179932	-390.597811117104	-380.645337038623	-371.980502742370	-359.847182495993	-353.197523916178	-341.199785004588	-330.885106876481	-320.336690586362	-396.251999056055	-384.535463065706	-377.522363029020	-364.859774116609	-355.573731096495	-347.794389865106	-336.332271245761	-324.257855924087	-392.616333052712	-380.815333188634	-369.884830116719	-359.312471536102	-349.079541290706	-339.119059303855	-330.508286316639	-319.791466953335	-395.639285749115	-386.179844631043	-374.414619013530	-366.875623340121	-354.349921240252	-347.542311535300	-337.803872668397	-326.836080887613	-392.218947843563	-380.140578207813	-371.197101848901	-361.624929409586	-350.798639017268	-340.517192788546	-332.678536725944	-319.959689025377	-394.609783310000	-385.502422474889	-376.153174634100	-365.248500688095	-355.515980556101	-344.234624501249	-337.512430894599	-328.486062399716	-393.105317689113	-382.629606801512	-371.110732603204	-363.245485810753	-350.183109085848	-341.272146342766	-332.373591558866	-322.297597767248	-395.227364507049	-386.406857171153	-378.412463337434	-365.459468531756	-354.499385667619	-346.940206553119	-336.167228003406	-325.432058550190


seedPosZ:   56.1144979485492	60.5113267255593	60.2712493951417	57.7466943268358	57.0621951291472	58.9250577508920	57.6548604349878	59.6744992100442	58.5328523149102	57.0285228169543	57.9779348375381	58.9355441981603	56.7169205938331	58.7973794769876	58.0162651307812	60.9904234834605	59.6376139787728	60.1836410396013	59.1350956850137	57.1852581660822	62.1864066346391	58.6541952319842	58.2709583686640	60.9957856309312	59.0976986326466	60.5636052400241	58.6044425682583	57.4696879684106	58.3853796939812	56.4144815811461	55.3924582728927	56.5301029064246	58.6424059233749	57.9271459104464	55.8491173534839	58.1362739097734	57.4118318723120	61.1942708099423	56.9926892815367	59.2694745235428	60.3035834681792	61.8040606118382	60.0002248185588	57.1259573059006	56.8007023073097	58.5300859514173	57.1456001235054	57.3705554543158	61.0513086038852	59.0635863722396	57.4371200933287	56.2046708974790	57.9250762148272	60.8639940838119	58.8911286414848	60.3479584473047	59.5645937646787	56.9640873392551	56.3063091077234	59.3427139571600	60.2801554448126	57.0923900359765	60.7579984388902	60.9147503047410	58.0217223180583	59.7512357376453	60.0936639991522	60.0437972188517	59.0850401449209	59.1985307228466	59.4330842555189	57.6284665241727	57.1005159752005	61.7000530234908	55.1250440295550	55.6440348897119	55.6423533345021	57.3678939690292	56.2704780109683	58.8331271201864	58.0229508210124	57.5892542788614	60.1029759110816	58.9161073117498	58.2977597571675	61.1913904534594	58.9264678400908	56.5449093515428	57.7956507834377	56.6330315326996	59.7014600403612	60.2982196736891	56.2241818207573	61.4275607587260	56.8483523915507	57.9123284255975	54.6579648035606	56.7715797922939	60.0589465115340	60.5267015896629	61.5123445465607	58.0558745531406	59.5223582889176	58.8620330425507	68.1872895323907	70.6592549397961	70.4187640036345	68.8164334500024	68.3661716019241	68.1087009401208	71.1404726006832	71.0532690178886	68.1658639726545	69.6321502726374	66.6884980060596	66.4573545793775	67.8156673854566	68.8189782439282	71.1726461027510	68.6717159634239	69.4201010149914	68.3966367310316	69.4036322970882	66.3532179089457	68.6896316808924	71.2151827159609	71.3908501045691	67.8248146061115	72.8956212381721	68.3289667982511	69.8514549569512	68.7859833190595	71.6966938217085	67.7129296037543	65.9683649601033	70.8838060845895	70.0717231435362	69.2583260092771	66.1744559324047	68.1078457149482	66.4330935482185	68.8010907924137	65.5158550404191	67.8855006283572	72.3812782387960	67.9133031301097	68.8078041767951	69.1332625009867	65.9493542705499	66.8497671698046	66.8255361308311	67.0362617794759	69.5348632061336	70.7988183609485	70.4622776667847	70.9876073101977	65.4606279307565	68.3597699880379	65.5560873936931	69.0123491973512	71.0570132194565	67.0855435083932	68.0982684931113	69.6838673467241	71.9467792059707	69.1167575740677	71.9981754710944	72.2314726333779	68.0152155936824	69.8401037407771	68.1985069749078	65.3219636011078	67.1001674024295	70.8272050272575	69.6480356734020	67.5669537691913	69.6151237504606	67.7902333715069	65.0617508202497	68.6994118368793	68.9478291853892	67.9412063935943	67.1059203309867	72.5503638582736	71.0388736487027	66.2480522952198	69.7804985181074	65.8491373306875	66.2741977730651	68.6290199852231	65.7041549568425	69.7357310144402	68.5754183150933	69.3025580832723	69.1335613832314	70.1720874465663	67.3942084146319	69.1226903324568	67.7265062722682	66.7862746799992	66.0776581152237	66.1041325040716	68.6973646573277	69.8195738521249	68.0060940951649	69.8058500831127	68.7197897345429	68.4299907300456	78.2765390733175	76.6311359133435	78.6543000380893	81.1540972805879	75.0966882843763	78.9714199341240	81.2951909522832	82.0057699496016	76.8574468526228	77.8807451411067	76.2541608361437	78.4227791156689	77.0563898028521	77.6366360212108	77.4098489339850	78.5473163856857	78.2881738074206	80.4768273521150	77.4624083136832	76.7446560670223	79.8391131276804	81.6462112428108	80.0128679346073	81.6435184064800	78.4970321677324	76.8410460029287	79.2899719251136	76.6291230954245	80.5052771449867	80.4893329896601	76.9593945069260	76.6348066624376	79.5343833668383	77.7085132876157	77.5857103089833	81.5581864881146	76.1264376266642	81.8546820639534	79.7890453537311	81.4155788629814	80.8046983634993	78.5417517125988	80.2316292851984	80.4155790047822	75.8326928326283	78.3416275296932	79.5002597295743	77.4102996651226	79.4970720423079	78.8336487630483	77.6850215292487	76.0211532466125	75.1408789642550	77.7017155300030	77.4353535000946	80.0199587543532	80.6352442307545	80.1179162996857	78.8239523290644	78.9451274171217	78.7307623237527	81.8110280623860	81.9129421764523	82.6091347287277	78.2457430946638	77.0392033497356	78.2859669757582	78.6100021679901	75.7446666337541	81.6506547884539	82.9696620039806	79.0533423706614	76.5859745817107	80.6430307801880	78.9320824141608	79.6817129845419	77.3617408245664	75.8355618632689	77.3115644939428	80.4364779162284	81.1361599697605	78.1969263186850	79.8099562941462	79.1283984077333	78.8183587214635	81.5913507078137	76.3599147672202	80.1910668934953	79.5344993454772	76.7057635641848	80.2331117926031	80.7944454349942	78.2086150707547	76.7149786458842	79.6075781933535	78.3294798120770	75.9725815677349	80.5687236926424	75.9187110134593	77.8850505196643	80.5810465027982	79.7456614516408	77.5067191835867	77.7117631035352	87.1442016823646	86.9381509163621	87.7151225847667	88.8478722965398	84.9320823228987	89.9707201438236	88.9034669833700	89.3462452204457	88.5966283441874	86.8444608848303	89.1031773614784	85.0742240977481	85.8308604839631	89.4232939192020	89.5880720078652	88.1824309014211	88.4654106848857	92.6573018433967	85.8564537198225	85.3028956528773	89.6142966151593	87.7614095414824	90.1958604949080	90.5407583992472	89.9453647819448	89.9338273828217	89.1213491276821	89.1341087841833	88.3890160208880	86.8215817171738	85.3787414026901	87.9493134480508	89.8122292572084	87.8574137891482	90.3397391320821	89.1837080967142	89.7073673544970	90.0458499534537	87.6367710962991	91.5325040394095	92.4057876669974	89.7397726945711	87.6011238116823	89.2792569991482	88.5352947364927	91.1225269000060	91.2692006105281	90.0958495301039	88.5191328526187	91.7190104306221	89.5084229890331	88.9113990923435	87.3857882097231	88.3851790747202	85.9257326490965	87.6815290391809	89.6844000413770	87.6395783099233	87.0437275690641	86.8470251929079	91.8839772952757	90.1053286516934	87.3726954376199	88.0288030893842	90.7632068080085	90.0530953678770	85.4788576494551	87.3481031546817	87.3257659117786	89.8178830093239	88.9786642410489	89.3573698911980	87.6948608187435	90.0944909066433	85.7909746958523	87.7009307324717	86.3043982421931	88.4422925812539	90.6970010174723	90.0931604863504	90.5405410394155	86.1918499939013	91.2263717566273	87.8705972134428	90.7701156435883	88.5963581413031	85.4303272228885	88.0750288041190	91.2284269192137	85.5951854994188	92.2251690371853	88.8574052831862	87.0943919088365	87.0791289795694	89.2126189991408	87.2501042323206	89.0060241387281	90.4442164056452	89.3893475545889	90.0339791613003	90.8407373857368	88.2343578948729	88.9112067146917	89.5267512835209	99.7163088341075	96.6861455570212	96.7513032443465	96.3028405231639	99.0785829423424	97.3017645149760	97.3778821140541	101.702956955090	96.1613284748990	98.0465791969552	100.434320476577	94.9293244424772	97.5791830232423	98.1585623601008	100.495934388493	99.9375526933623	100.209200080349	102.481044196657	97.7952131472251	99.7740314943928	100.914267240995	97.7073076742659	98.3292471082042	99.7462713496489	98.2560247287192	96.4383526294839	98.9004879035018	99.3119914598092	99.5872105691579	99.7955782307712	96.6263793250029	98.2068887212990	101.268881816374	95.1719707834010	97.6407749588976	99.7639554876002	98.2758957135539	99.2983446458458	97.1401041890807	99.7796545724593	97.7945433815848	99.3229503319293	98.1751069935445	100.700773986205	97.2707745668800	101.141233871275	98.3387092951287	95.2433968983814	98.5484114237182	100.641688589831	97.3961596048529	97.1361398618574	99.4293258437307	97.9994435331016	96.4374802813095	98.7233241768086	100.691442581768	101.015775083054	98.4040115493353	97.5402464013507	97.8348396724742	97.4983617853984	97.4782139864121	102.597511460859	99.5391739652902	98.1455934061797	98.1926954596455	96.1437357875391	99.5553564737407	99.5388349840209	100.549777478901	95.7983256053532	99.4955378070050	97.5041675358712	95.9299799229773	98.5867246699862	95.1261016509753	95.8796762068238	96.2414949218855	101.987274176342	101.935429851866	99.1483412886304	98.7141917715433	98.5539512070895	97.0826515023950	100.160717402712	99.7481182985588	99.0621318962901	99.5177725083647	97.0591168102910	98.1266270454265	97.7994787017790	96.1964786865146	100.044691831519	100.180230184265	97.0040877652120	94.8885711020041	98.5814062331076	98.8313803971302	101.749481382415	98.3807148920775	96.6747986430723	101.209231737280	102.223825713857	109.363726438551	108.036605974728	109.968309730918	108.064069220233	105.964570527821	106.614160864189	111.396372463120	109.123170289965	108.553262124976	106.225798905102	108.599399111797	107.417845322504	107.100891955773	105.536811972129	111.057006460696	109.099267388945	105.933761739775	110.709005350931	105.171369558772	106.017380210873	110.052210671864	111.521394715598	111.202601180859	112.038360616117	109.169354767693	107.695946855594	106.131981217001	107.487143559238	108.929027302771	107.296061622129	108.010008804130	109.138857995017	109.499257718243	106.153371738929	107.619006607948	108.174578769141	106.964926479766	110.170880610198	106.142869044226	111.464961565474	109.791511985416	111.980225062594	109.547886691042	111.776796493656	110.107462033227	107.653963963932	107.939467010309	109.046751380393	109.765097968782	108.254114803645	108.390700300603	106.042936083073	106.225187963384	107.237994249713	110.125158246496	105.957365351956	111.634996727866	110.538819349647	106.708009973428	106.853979746648	109.407005726286	110.973259580274	110.364149607450	108.834792475538	110.232412679414	109.808545459839	105.815768306162	105.617299216586	108.525096440819	107.016654563639	109.902121511503	106.629974645938	107.169753954442	111.820861468506	107.539307414141	109.043122435890	108.613372645637	105.605213885621	107.550526023307	112.380591051239	111.527631076145	109.632541318692	106.833702160477	106.720562512524	106.792074063537	108.964713860596	106.401127601391	106.621586708803	111.470624436672	107.081489559230	112.822849784694	112.038290407908	107.336832290485	108.968779860070	110.881382073214	107.039331935879	108.095575935379	107.333304271919	109.487898434100	108.971058484551	111.601229103417	105.818444787042	109.967849852782	109.545636606273


objFunctionValue:   690.187647922492



