Dataset 31


dvh_array = np.array([
    [ 7.62, 2.89, 17.51,  3.01, 12.49, 12.12,  3.34,  3.25, 0.00, 0.00, 0.00, 0.0520, 26.93],  # Rectum
    [ 4.59, 0.50,  5.36,  3.91,  5.33,  5.30,  3.94,  3.92, 0.00, 0.00, 0.00, 0.0000,  0.00],  # Penile bulb
    [ 5.31, 3.72, 42.93,  1.93, 16.27, 12.91,  2.36,  2.21, 0.03, 0.00, 0.00, 0.0000,  0.00],  # Lymph Nodes
    [ 1.10, 0.77,  4.06,  0.22,  3.25,  2.77,  0.36,  0.31, 0.00, 0.00, 0.00, 0.0000,  0.00],  # Rt femoral head
    [13.67, 1.26, 19.94,  7.56, 15.64, 14.95, 10.91,  9.26, 0.00, 0.00, 0.00, 0.0520, 26.93],  # prostate bed
    [12.37, 2.17, 42.93,  5.48, 15.68, 14.78,  8.10,  6.87, 0.01, 0.00, 0.00, 0.0000,  0.00],  # PTV_68
    [ 5.48, 4.74, 78.16,  1.49, 16.82, 13.80,  1.95,  1.81, 0.21, 0.12, 0.06, 0.0000,  0.00],  # PTV_56
    [ 5.80, 4.00, 22.20,  1.02, 14.31, 13.69,  1.50,  1.27, 0.00, 0.00, 0.00, 0.0000,  0.00],  # Bladder
    [ 1.16, 3.02,680.35,  0.00,  9.59,  4.81,  0.00,  0.00, 0.03, 0.02, 0.01, 0.0000,  0.00],  # BODY
    [ 0.93, 0.60,  3.19,  0.08,  2.55,  2.22,  0.27,  0.21, 0.00, 0.00, 0.00, 0.0000,  0.00],  # Lt femoral head
])



templateX:  -50.9453563469499	-52.7762213827121	-50.3280458057083	-52.2482001671729	-50.5711892635991	-51.0206126361346	-50.1701745151368	-51.3681323215391	-45.2787207984832	-47.4802049006042	-45.6953409824536	-46.8513328157900	-44.6344725229559	-45.4511007633464	-46.4343125590624	-46.7791193084118	-42.0377953005948	-42.1535009450207	-41.0997118897375	-40.6173073738127	-42.6684473314930	-42.0210178577621	-40.0383228602324	-39.4474042412235	-37.4135001009963	-35.5398828062187	-36.5628350999255	-37.1447358694732	-35.7096529646413	-36.7398136975941	-35.5437828033992	-37.7766102772340	-29.7044863603502	-30.2922515201000	-31.6446500607285	-29.7447444854034	-31.5753485687831	-32.6965011454198	-31.9647045116923	-29.5334411612095	-26.4240285729878	-27.3910325130562	-25.8479894092396	-27.6325743543206	-27.0332071452075	-27.8158302107724	-27.8567716891859	-25.3403582686890	-20.8759435185949	-21.0424483596233	-21.5320941411183	-22.3941510746845	-21.2076508980521	-20.2906594670284	-20.0159020940332	-21.2201437804949	-17.8307286563231	-17.0771562950889	-14.6396055084163	-16.9214773814530	-15.4474488083993	-16.4296513020432	-16.9150872531683	-16.9435855562676	-9.62610808418448	-11.8218223408415	-12.5588772792561	-12.5344729061428	-11.7687204470422	-11.3012687130328	-11.0226494746870	-11.3439299741645	-4.77558586675396	-4.53228581018137	-6.93284712716592	-5.28261197533126	-7.16284099471013	-6.12815156564881	-6.20155172039332	-6.01155713446864	-2.35781623674132	0.250459286542698	-2.01196808698633	0.387638264766381	-2.27586461532805	-2.85951880747945	-2.33688469289659	-2.76768153443626	2.74320320442020	3.23346813356350	3.93915379845241	2.67649531005384	5.44782398469125	3.92185319730419	4.79487598764851	2.46651796251781	7.32159064173118	7.53915598646348	10.5811406596554	9.77388616735374	7.13344527831943	10.1892084977933	9.44682067839383	9.96375484395456


templateY:  -396.230922252198	-384.839774985554	-376.672529957056	-365.916401194232	-355.493325437010	-345.141774831060	-336.108137725412	-324.939907334658	-390.058011308855	-379.774236458506	-372.208271398953	-362.616788544110	-350.990036172717	-340.426686254132	-332.824238896614	-321.285975111737	-397.019005347795	-384.868163179060	-376.808076658012	-367.676227474891	-357.712983081237	-347.305357481483	-334.563278346814	-326.126891044511	-389.962152225359	-381.279798047414	-370.158105372054	-362.146779562350	-352.390358525436	-341.589942554594	-330.700324795186	-320.270057169181	-397.711344157417	-384.602426904848	-375.332407991114	-364.481945862912	-356.058717359627	-347.550993027296	-336.494675872000	-327.806390571528	-391.678792821801	-380.553119899297	-369.536419390348	-362.297312757130	-351.709886634384	-342.784003873100	-329.987867739443	-321.762522877281	-396.046070376798	-386.209021581686	-375.145622056074	-366.285986972383	-355.665250081181	-345.003654200970	-336.372743696285	-325.255346068715	-390.928841366157	-380.648214756850	-371.450447752457	-359.469977712507	-351.245389808414	-342.065307320335	-332.459827510269	-320.469051378586	-396.390843760611	-387.868301390181	-375.873072246514	-367.395732396278	-355.567616528794	-347.309468590692	-335.315721661929	-325.827525085706	-392.825244649434	-381.566412278215	-370.111299725962	-361.487802617601	-351.314346842651	-341.645662185815	-329.653333898500	-320.383064441509	-395.774431010609	-384.854155271766	-375.277296056405	-366.135702052317	-356.542748242840	-344.828899270736	-335.229904036708	-326.788759537290	-390.542854341334	-380.854827712270	-369.813447816040	-360.218040899512	-351.831652304404	-341.287105677710	-331.968896115405	-319.382510676282	-397.500386384018	-386.495778694562	-375.409013178245	-367.057595366405	-355.562599394056	-347.750678032044	-334.676858982283	-325.047619790887


templateZ:  60.2776200952149	57.2000058986236	60.2560926810751	60.1483773794867	58.4277728313339	58.7818583365130	59.6433874028204	57.6319071509333	58.5588611965016	59.7036688005117	58.7614903712224	59.4550159557585	58.9489971068805	57.5375817400028	60.2270163651747	60.4399252239054	57.4049323032852	57.1948176073460	59.4791759649276	60.5537973109552	60.1138270812306	57.9918332636279	58.2933596440174	58.9730312649378	58.7346570624441	59.2862406220192	59.4923195239801	57.8491191105004	58.9302155995805	60.4878064018366	60.0677689068776	57.9018299883835	57.5097438316908	59.4790047894641	59.6614702733925	59.4218666311651	60.4622728854560	57.1721849064140	58.4874904398790	60.4253750416184	60.0023171750094	59.9308858412223	60.0133114741075	57.3853827670403	60.0901599537484	57.8187434269799	57.5752106878664	58.0961354549703	58.1747822757469	60.2154362108735	59.2586637302241	60.2813196857097	59.3993266135687	58.1794326168986	58.6377574596992	59.1652190288385	60.2680285312019	57.6057809344753	59.8606642108209	57.2803642695724	58.3264049100640	59.7282139029141	60.1548396806267	60.6030225717885	58.0379430616833	59.7091822598691	57.8546461682204	59.0477754543271	57.5199438604383	60.6005193229196	59.9394226690467	58.8464767712993	59.1517471915183	60.4847742785236	59.7611572552942	58.2351446609855	57.4954363287391	57.8111286427854	58.8938158611722	57.2155051572322	59.7317605124405	57.1875460070799	59.4156016954190	57.9367208686285	60.5493841293356	60.1978148829329	59.2778831717670	57.3999514595856	59.8730592394092	60.4366967497572	57.3794957590541	57.5405558760810	59.5691566784585	57.6841187719225	60.4885664538437	59.4470935954679	58.6303240192390	59.5674072586327	60.4383289944060	57.9166234905662	57.2922046638698	57.2427747781059	58.5044678145176	59.0114312150788


seedPosX:   -51.4854619255610	-53.0092857903133	-49.1252816950118	-51.1884554076908	-51.5959576982171	-51.5702739670545	-50.2115363096684	-51.1950970027368	-45.6380130413033	-48.3179766353987	-46.3836867859950	-46.5694201880586	-44.8616277210640	-45.9551558975465	-46.7816394316710	-46.9146366130293	-43.2494229405299	-42.7454568251411	-40.7838948491322	-41.5291512026073	-42.4634514767599	-41.1633640299628	-39.9998792765936	-39.1510700089970	-36.6704993934610	-36.1597213081628	-37.1019815250139	-36.1955098299239	-34.4921125067568	-37.0897048142560	-34.5255748845714	-37.0361209687759	-30.7325177704357	-30.1210044762471	-30.4530538524991	-30.5433245830540	-32.0630139767505	-31.8454538666950	-30.8769084453031	-29.7354876253970	-25.7389046468581	-28.5084404786629	-25.8018598357160	-28.7413341907863	-25.9850265578051	-27.7718762435141	-26.6113781774587	-25.3899051202893	-21.8466088079029	-22.0076742263842	-21.0276486393392	-21.3089227154408	-21.7602700808137	-19.7325071626070	-20.7721236099493	-21.2225361452071	-18.8788991144743	-16.8415623169040	-14.5744331334066	-15.7366126989563	-15.3777732937338	-17.1257388659429	-16.5392349523068	-16.7066499674742	-9.09175857067429	-12.9000824395599	-12.9297651854035	-11.3815829675982	-12.8302122232959	-11.8496850241707	-10.0237843469320	-12.3516390230589	-3.92810722242806	-3.40725741826755	-6.71711811623289	-5.55088181894154	-6.59435863026631	-6.30590330259750	-5.39675508676342	-5.19126507899023	-3.39566957370473	0.764892818802148	-1.27303690416247	-0.417692875215956	-2.30999007601209	-3.41896363368085	-2.07782261581592	-3.62686297712864	3.83463225753987	4.41262195460484	2.76108051560112	2.47379468330853	4.98367731332198	5.09955164067434	4.03678970813928	2.88697365996795	8.56904147377127	7.30193137320578	11.7059624874610	10.3190010859991	6.54537366621742	10.8206203038461	8.28332626410525	8.78938902041231	-51.3970709196108	-52.5734041750013	-49.5331680189013	-51.0864528962409	-50.0376356770223	-50.1765680186630	-50.0984506680845	-51.1182376143846	-45.6546169558021	-46.5707359424933	-45.1991061344138	-47.5241280744615	-45.1889457194047	-45.0841463157953	-45.3493378655806	-47.1240462399449	-41.6066698770366	-43.2156269200341	-40.1433008858159	-41.8121575843671	-42.2856288193357	-42.8129093041855	-40.3878938247749	-38.8373606770329	-37.9411864743158	-35.0335182679512	-36.5466323551400	-36.1662054380955	-36.0084534565987	-36.0021612490526	-36.4364916962105	-37.3333103364605	-28.9790380041210	-30.6004699570105	-32.8822756704565	-28.7361687013476	-32.5844256921244	-33.6755466244151	-31.9575448238203	-29.8778616906190	-25.5786402043035	-27.0071220741197	-25.1813710091268	-26.4405655464783	-27.9552980939838	-26.6141576009756	-27.6010802368350	-26.4502995209917	-20.6276511402945	-20.4774273874849	-20.5706788283348	-21.8022398169355	-21.5606354077818	-19.3550701702717	-20.6372250008468	-22.3801147659050	-17.7032644509298	-16.1451624824613	-13.4179724825786	-18.0428237674527	-16.0516908780987	-17.4132888714952	-17.2362823412260	-17.8606620134888	-8.59636434481847	-11.9659479604583	-11.6565292939013	-13.3242412018131	-10.9761689725631	-11.2765312089128	-11.9138939732590	-12.0176725090698	-4.95888839035444	-3.91446231089753	-5.84445185888098	-4.81911198278509	-6.70798828581322	-5.99047321362926	-5.06513664315346	-6.15516269875889	-2.23484799660564	0.514860149652955	-1.72735475967210	0.949421618465353	-1.59709826243342	-2.21413099208784	-1.91748541742522	-3.14852401816582	1.56387775267084	2.33446599361586	4.26047470509715	1.81001786706842	5.92875780559087	2.81140300373264	5.46084155503573	2.74639069516868	7.06985874600225	6.92770560145231	10.3392387652481	10.7793025838053	6.92411157530277	11.0623687343593	10.3163532276192	8.92961678087268	-51.6954368618812	-52.1797829515152	-49.8798491362611	-53.0173507398485	-51.3471189599109	-50.4845054126468	-50.5560450142482	-50.9212901422557	-45.8954897936698	-47.3397632230459	-45.4889022694724	-45.8102222219832	-44.8003357300976	-44.9824343330581	-45.9801234230483	-46.7591910222971	-41.0280859778587	-42.1213855217414	-40.1757480364903	-39.9904161054944	-42.1874475597585	-41.5139529801201	-40.6713967897894	-39.6425422326856	-38.3742507876301	-35.0158182194744	-36.5929321204768	-37.8991340596906	-35.9442041474301	-36.9678450283757	-34.7730000709330	-38.4783684887037	-29.5818542571742	-30.4536418334442	-31.5538578891745	-30.4308614301097	-30.3963707383186	-33.4906480874309	-30.7694800818075	-29.7018635955362	-26.8239017067575	-28.3166604024143	-25.7901948222920	-27.7078444323900	-28.0374495076490	-28.5834997812637	-27.1735538920543	-26.4042382208272	-21.4920064179747	-20.2843875394662	-20.7226866822328	-22.6545533677273	-20.6229662406772	-21.0813921814966	-19.2500837420689	-22.1213822011355	-16.9886922925190	-17.8360402994726	-13.9292665872653	-17.7868614040553	-16.0505038581765	-17.6758625893345	-17.8738548258400	-17.5779771611407	-10.2167333565808	-12.0615664732825	-12.8519141020889	-12.3341137361843	-10.6277329777146	-10.7614532791737	-10.8334570207633	-11.2081944079632	-4.11908369885113	-4.41656386028148	-6.99225291346271	-4.30158066688485	-6.39164651042124	-5.98551858830313	-5.22730910763767	-7.00867699644622	-1.75824085130371	0.983626177336299	-3.18699752303098	0.0606596928764693	-2.28374979966736	-3.10667674913476	-1.81915547592971	-2.73949987799676	3.10503022022791	4.04549573176843	4.64506454882974	1.51958207707860	6.60375545904727	3.10564376288538	3.57617081390010	1.67183314614316	7.79789921433602	7.74901548079907	10.4751652881663	10.0267812886628	7.43007284446099	10.3186403546606	9.71565252287764	9.46552556742071	-51.2162355652935	-52.8426877067328	-50.6757967689350	-52.9187631353294	-51.3225563529179	-52.1406969170601	-49.2562004672665	-52.0688173020512	-45.4509657588275	-48.6876605800132	-46.8931630850910	-48.0691582097772	-45.7242005338169	-45.1939266182980	-46.8822051181136	-47.4752562984634	-42.3093310665606	-42.1246303099311	-39.9523715201564	-40.6046234303939	-43.4522408017647	-41.7844887417107	-39.2115603224481	-39.7356689779200	-36.2913470651065	-35.4765651999881	-36.6603461854577	-36.9742920051096	-36.7187735592025	-37.1007767973531	-35.8465183496896	-37.1557822139197	-28.9370742206675	-30.5895765179265	-30.6982456123011	-30.1153755551836	-31.9287304725187	-32.4221049279158	-32.2389950205949	-30.6887187742037	-27.1166775715085	-26.1502272449984	-26.4282040677030	-28.5120617924814	-28.0620113353903	-26.9126394455841	-28.0370181296237	-24.8898263512091	-21.2156123932227	-20.0232637506090	-20.3125418042961	-22.0072196356553	-20.9871498947090	-21.3986413302079	-19.2556021048475	-21.8028339535653	-18.8221040279142	-16.8052720032245	-14.5325419252171	-17.5887897857693	-16.2897643785009	-16.3968998224158	-18.1299400284990	-17.8171844905717	-10.8631596153107	-12.3968370233491	-11.8837881351611	-12.6280765073699	-12.1766921108427	-11.5053345599514	-10.2719554193337	-11.0440186226905	-5.03653338491538	-3.33064924278816	-7.86574607156178	-4.48996603043124	-5.95782908213165	-7.37806230138009	-5.23946016224177	-6.55621464290139	-2.73953621921504	0.740871427811509	-2.19877409541673	0.569552686957729	-1.57755387808003	-3.67351739438737	-1.26662667273303	-3.30468557729054	2.84980710254954	4.02368514337073	5.13370530521361	3.89953223803015	4.33013939187143	3.70546984114110	4.68028899061170	1.93119146031910	6.84667238381127	6.92883808823627	10.3195207263862	10.9735493050421	6.56864713003847	9.18053570847437	8.32003874057646	10.5144220850848	-51.6852605574242	-53.9149992125486	-51.4545139006753	-52.7570466800031	-49.8482833591499	-52.1858954492019	-51.2662626556008	-51.7780546787670	-45.6493116387111	-47.5010431459637	-46.4745834885333	-45.9360354882755	-43.6461794870358	-45.0529376072548	-46.1368171660301	-47.9915761244595	-42.2823888136274	-41.9040746733824	-42.2980128421079	-41.6423721764695	-43.6455076937883	-41.7767923263917	-40.0415635771311	-39.5575422464709	-36.9351832657370	-36.1467638997504	-36.9466471146238	-37.7823576901391	-36.5228377196739	-37.7917814453979	-34.7028569194365	-37.8361784013997	-29.4244305198664	-29.6915170202946	-30.6883611993363	-29.9765999654586	-31.7545232511694	-32.5068346474636	-30.9572382193445	-29.5303353751639	-25.2192046117783	-27.4728820861115	-25.8966457337702	-27.0912247862932	-26.6189204126952	-27.8054163948144	-27.7852944086881	-25.9216983439819	-20.2441457302847	-21.8803619661444	-20.5222947114454	-21.1770410710933	-21.8668655471363	-19.5423014487206	-20.7940734876861	-22.4149104186755	-18.1993901749805	-16.9903902303696	-15.3978214544013	-17.7454167935010	-16.3181032645819	-16.3475087749344	-17.2101570451024	-17.0417559749304	-10.0828389835406	-11.8461061980040	-11.6108036887752	-12.2588257513995	-10.8159412124386	-12.3624909765082	-11.9644541132025	-10.9425782580674	-5.47274689736846	-5.09000916957922	-7.95827924382254	-6.14649059912560	-6.85992348226596	-7.08184970266296	-5.80536835661437	-7.07954389840006	-1.81228877816807	-0.866592499672587	-1.95083416206568	0.831452118153552	-1.98127623744300	-2.73857050352967	-3.47097397507786	-2.55119542306673	3.28272840291822	3.85171332887372	4.26554172332885	3.08451914341137	5.85261731385765	4.53132812591611	5.23224510396002	3.42961107225639	6.84749350518976	6.60689111158579	9.48775561031239	9.57372705094895	6.63033479310896	10.5847192425880	9.64063388036024	10.2562089428869	-50.6252776083121	-51.9005395218568	-49.9246071523042	-52.3570439963521	-51.4784181353416	-51.4687673972586	-49.6276034122391	-51.0395043582998	-45.8706375826437	-47.5273556390753	-46.2365841232067	-45.7900382681461	-45.5470020385551	-44.4142491885926	-47.5730702643367	-46.1950360162935	-41.4536551930632	-42.3997597999783	-41.5892988052537	-39.6711217597430	-43.0561088113036	-41.4859624073716	-40.1846644985410	-39.5608806523444	-37.1092250700731	-35.9181981897400	-37.5547986073632	-37.9657517612305	-36.6801540443652	-36.7467400803702	-35.4632858743326	-38.9631415009240	-29.3632075568071	-29.9996058740571	-31.5200786374832	-29.5361455564980	-31.5232472192029	-32.1317316730858	-33.1447630722919	-29.7908140909675	-26.5049999441357	-26.4580961358648	-24.8787609339164	-27.4607293886040	-26.1999802365274	-28.6142387733139	-27.4677268756782	-25.2609575720574	-20.5986106428520	-21.1938856485977	-20.4012152137799	-21.9033702317234	-21.3515569788383	-20.9847338090854	-19.1869175120807	-20.2284466092670	-17.9050309038192	-16.6540868487350	-15.2391035791530	-17.3403536033972	-14.2078748426700	-16.7363783180174	-18.1164003518635	-18.0771439224396	-10.0781108819480	-11.7756003039787	-12.6268268526797	-13.0733219438337	-11.5365754734721	-11.6581595266401	-9.85794687026153	-10.8628625141539	-4.90236659096695	-4.06922762844533	-7.27333886619331	-5.33159886809262	-6.47302998225513	-4.92628555426333	-5.98148855194026	-7.18064007372010	-1.68300708337629	-0.322980433945121	-2.84401149256965	1.03851744062019	-2.23961171044483	-3.89260604359693	-1.88945990430587	-3.63438408089670	2.03908223622547	2.72262304346949	4.28697626765489	1.89914728501802	5.29983856207548	4.50266777254301	4.04473518291013	3.00513004185557	6.56170657716888	8.51138013886543	11.5429413210903	9.61721815292994	7.21617057408396	9.26715884368087	9.45332477877648	9.25226006974851


seedPosY:   -395.305773217480	-384.016867256312	-377.636665359488	-365.051486010847	-356.730172684741	-345.464123568832	-335.533095213656	-324.582839427733	-389.458046154053	-378.775223350945	-371.419421509247	-362.899719114328	-349.802725840357	-341.661879031803	-332.138470431898	-321.038085980514	-396.457601733806	-385.441181699826	-376.635335520613	-366.698949828318	-358.354763212089	-348.296356136849	-334.704672413214	-325.220418745925	-390.468064041863	-382.495699921815	-370.436603647938	-361.372196270403	-351.364436981378	-340.909813389614	-331.209326675566	-320.295547983191	-397.866816674510	-384.426164174119	-376.145095554564	-365.340717722735	-356.503251230678	-348.142925722316	-335.284350191434	-328.878307324427	-391.952320267615	-380.457508445846	-370.277289769726	-362.878064495199	-350.854146117544	-342.140973514277	-329.689645740171	-322.369472985075	-396.523145894640	-386.278510066726	-374.064883810875	-366.294880905112	-356.180566076741	-346.103908750714	-336.271392193525	-325.092438922728	-392.098045453582	-380.136100792063	-370.356032801169	-358.487317762533	-351.293641976277	-342.459214608967	-333.145707101763	-320.585572636629	-395.854858017860	-387.966523662791	-375.939480755544	-366.791079532877	-355.524803841486	-347.515628163690	-334.900202868393	-326.958300673853	-392.857177570056	-382.543816229745	-370.714210320256	-360.358901892954	-350.543927567548	-341.634649551360	-328.776147880569	-319.413586420582	-395.412659106497	-383.853055799306	-375.502252684596	-365.907022691041	-356.383423517630	-343.919033476561	-334.902759908175	-327.353151104395	-390.422707951179	-381.289410629053	-370.651859238094	-360.691244842285	-352.880905415043	-341.254258726522	-332.637276807893	-319.016912793377	-397.197189209635	-385.448165914158	-375.025032339212	-366.345009752147	-355.519157999464	-346.898626119913	-333.915093710268	-324.966704466007	-396.750395359927	-385.482545579063	-375.753862661396	-365.354761999758	-355.693489173968	-346.367872580798	-335.232477552114	-324.611856741088	-390.701419858067	-380.469619593487	-372.305056334560	-361.770144072251	-350.866419821778	-341.566288381701	-333.657495104668	-321.846366885003	-398.226840643692	-385.876567038224	-377.850453833474	-367.406675881965	-358.848340808649	-346.722072401525	-335.138549929672	-325.700257032527	-390.546689463623	-382.068640866273	-369.669282154085	-363.374227164741	-352.863406010702	-342.533634591634	-329.704164261362	-320.615708366815	-398.375909365910	-383.849178066560	-375.895274167195	-363.491736294769	-357.083989881533	-346.372656827588	-335.438207763562	-328.999885386586	-390.816199338443	-380.337251194715	-368.830192045376	-362.601600439821	-352.679439191925	-343.792413953663	-329.167513355781	-322.511338515614	-395.593333126165	-386.514253625648	-376.033245562550	-366.164569402031	-356.248083171060	-344.466761424466	-336.495512202745	-326.000822069609	-392.082799206154	-380.571404214337	-371.448635041753	-358.799183575673	-351.913940310532	-342.248982089180	-332.326337437696	-321.177904419127	-395.714341231267	-387.175352530368	-376.179865402016	-367.106337117418	-355.741496749991	-346.746595871126	-335.317157926310	-326.590315564612	-393.067341632653	-381.366838021147	-370.595393821289	-361.533779997690	-351.901889331298	-341.422547349513	-328.753401331680	-319.711234494499	-396.487253287822	-385.802622663452	-376.429354480992	-366.551395527988	-355.433773851403	-344.891489424931	-334.621613319228	-325.800171028434	-390.102067849921	-380.774393573915	-370.950683581003	-360.145488624457	-350.623026139244	-340.117207240819	-331.722516046896	-320.145444221906	-398.433200946127	-387.193273878820	-375.363633570471	-367.494765626121	-355.042862846862	-348.499571761599	-334.774588859994	-323.887579382251	-396.682960215244	-386.015407692391	-375.793168555602	-367.069248838606	-355.468359955938	-344.944933849840	-336.953295874295	-323.995325251164	-389.715085249015	-380.827910668517	-372.045976052000	-363.545308512600	-350.921063436066	-340.142057615660	-332.009965365093	-322.162667831139	-395.872994189609	-384.411569419064	-377.418200775424	-366.507007353691	-356.993438660915	-346.274654399594	-334.783890300980	-326.936678299204	-389.109096193599	-382.282233216410	-368.914748263601	-361.939104889154	-353.051784456458	-340.412089973823	-330.319597086388	-320.547239527222	-397.458818246807	-383.773736650163	-375.852573393722	-364.471859605207	-356.156388134410	-348.046026124992	-335.838963902822	-328.672006440707	-392.011395260189	-381.290074571005	-368.984342454712	-361.176809575222	-350.769518906135	-343.296198942910	-331.090430302882	-322.219074944187	-397.198348196781	-387.159323336799	-374.674649685296	-365.995431156288	-355.134130717533	-346.005548004415	-336.284876260392	-325.859269727829	-391.806891880065	-380.460646516332	-371.192624570860	-360.020763799510	-350.262959876830	-342.381971472200	-333.609319444095	-321.172750226286	-395.198103379680	-387.595932544253	-376.934155402375	-367.050089188162	-354.881434235313	-346.300372659447	-335.528513592602	-326.566023733563	-393.157205530960	-382.534923510438	-370.976173979314	-361.462510738283	-350.204114420800	-340.899325227347	-329.875244008117	-320.766421246137	-395.958501456472	-386.079403631817	-375.076044219049	-365.300157535882	-355.354633420471	-344.719266869914	-335.008357160070	-325.679571245435	-391.257618915351	-381.196753932644	-370.556386798777	-360.588212427461	-352.520307024178	-340.859622562849	-331.331947610307	-318.751057950116	-398.164321129849	-387.089899592591	-375.106845979926	-367.540393793900	-355.560244943969	-347.713384561433	-335.788109880651	-324.241175510525	-396.719409496648	-385.041369404370	-377.276949289511	-366.943187072732	-356.669054581640	-344.331384719090	-336.216162387403	-326.004858654909	-389.470891241837	-379.672929108755	-373.010550600618	-362.780815952298	-350.470149908140	-339.670145391601	-331.768238113699	-322.123718219439	-397.110672291563	-383.751037708393	-376.895419304717	-366.833403568622	-358.313148321107	-347.371071644930	-335.674714124515	-327.111903205051	-389.304844495636	-380.654364667611	-371.387568883365	-362.383834159904	-352.265819322136	-342.107424777534	-330.544011290289	-319.936887046597	-397.899968423147	-384.514469636578	-376.457570750444	-364.734884821514	-356.279507701162	-346.870979166742	-336.471056649755	-327.596885716318	-392.168943802590	-379.478524342295	-370.415037477105	-363.213797385479	-351.157026680591	-342.624244581039	-329.241250554287	-322.479628230081	-395.213595493015	-385.775404266937	-375.226803617089	-365.502113315080	-356.775319686550	-343.811436685565	-336.073662057030	-326.489748338055	-391.903395272336	-381.454058533640	-371.266018598303	-360.087139394993	-351.967829989049	-342.164293218935	-332.114890133292	-321.577805725027	-397.610724852128	-387.321230007646	-377.084076335428	-366.687783804357	-354.890050859005	-346.377247430368	-335.001845167428	-325.869213653295	-392.830532489023	-382.648628799807	-369.464272918065	-362.232402968187	-350.762549978610	-342.800401225081	-328.440530672332	-319.909735069486	-395.748334781614	-385.263519830601	-374.853216427633	-367.116139924645	-356.689544325919	-344.666166114468	-334.104624423038	-327.474536131427	-391.064619255664	-380.247837419208	-369.669114061930	-360.399020370089	-352.705358393934	-342.222190069875	-332.139904588451	-319.872982273864	-398.198295496786	-386.422731894323	-374.603611331927	-367.496212676020	-355.263115226254	-347.239470875661	-334.442787284637	-324.050861075769	-395.882656387375	-383.606045702966	-376.426311860516	-367.139812426208	-355.763441420088	-346.093198073434	-335.227733313918	-324.372079153033	-391.019204105339	-379.222043551013	-372.743572010424	-361.801960851300	-351.844507947321	-340.474983953568	-332.797490417858	-320.172867327815	-397.307868462876	-384.633668554101	-376.621515004370	-368.127819411984	-356.687342115807	-346.443977664094	-334.271451696639	-325.317082156958	-389.755042333080	-380.425835340938	-370.608333129979	-362.524238230469	-351.681241088870	-341.897567980252	-329.733781428620	-320.277639265832	-398.038574265325	-383.499616340971	-375.738426411148	-365.269608402676	-356.488937361253	-347.003655971286	-337.147672542072	-327.959430154149	-391.294670111715	-379.646628462914	-368.298432687305	-362.721318433144	-352.527987238377	-343.779241296243	-330.953743745787	-320.773324212200	-396.879679465364	-386.561254782000	-376.163222009960	-365.391124582899	-354.534140569481	-345.247495549674	-335.814887851200	-326.481352525155	-389.887350911178	-379.594395693057	-372.204708543189	-359.800448519315	-350.163282619828	-342.019297416636	-332.338136266554	-321.591499847299	-396.760742198149	-387.643428126370	-376.299296005791	-366.678349719731	-356.027028158382	-347.910443102188	-334.105220344434	-325.231084308775	-392.748694367193	-380.763058273696	-370.696902003454	-360.265602725358	-351.446078038282	-341.758900794837	-328.604228624263	-319.801375901684	-395.588333264118	-384.232161333888	-376.385809709528	-367.260919078781	-357.649092693830	-344.653951800544	-334.949705479527	-327.740107651435	-391.208846703613	-381.047938183910	-370.135729642528	-360.179432892993	-351.030630841143	-340.703640298986	-333.160541865572	-319.322761709294	-398.350929163303	-386.756780120886	-375.762773037960	-367.819711535214	-355.121994976230	-347.168155595203	-334.474127283686	-325.628971849789	-395.847046456141	-386.072709743395	-375.504726528198	-366.546329355747	-355.350482771708	-344.227596558337	-337.317156992993	-325.189580357156	-390.736531962483	-380.159932017266	-372.447479241209	-363.467621250495	-351.587950709316	-340.228880172842	-333.464516062041	-321.281865997070	-398.163018755736	-385.250952830331	-376.178949966189	-367.911700428300	-358.218999498316	-347.927871431370	-334.175814244353	-326.905516915630	-390.044696932450	-380.768160028218	-370.932907237959	-361.180326562795	-352.335770895612	-340.744990803437	-331.388974924249	-320.187009788249	-397.760438058134	-384.219369670401	-375.050992984514	-363.659396708593	-355.652929393953	-348.559072755190	-336.491289538980	-327.838763869336	-391.872161769452	-379.952124185134	-369.396229173893	-362.661515371731	-351.126630549927	-343.692740431494	-329.407302394228	-321.885473079975	-395.616116418463	-386.285216639929	-374.857953581081	-365.683122127778	-355.797654175236	-344.522036474850	-336.192860883109	-325.655810318371	-391.693685394905	-381.235589956346	-371.635937319448	-360.163778024904	-350.440001658781	-342.159145380303	-332.920715598506	-319.678633150485	-396.245203778748	-386.706412574106	-376.916955674537	-368.221371649035	-356.478909274091	-347.268229808041	-335.999259198857	-326.085855266703	-392.887284320562	-382.053749835723	-370.179764620719	-360.300926403542	-352.161532343934	-342.437243999248	-329.546692986869	-321.565552565938	-396.476831847703	-385.452936717727	-376.524374330085	-364.922703180934	-356.371011710133	-345.297057175612	-335.161516416309	-326.880473925931	-390.734706624314	-381.801653559957	-369.311431869612	-359.858332550448	-352.816577462830	-342.109409005359	-331.374835906220	-320.200257367461	-396.632504351730	-387.107318201821	-376.015049924467	-366.055159725382	-354.904843108246	-346.664434333298	-334.061030092872	-325.859444851106


seedPosZ:   61.3267327656109	59.2961532789695	58.0090584821001	61.3543614655981	59.9884845645205	57.3951790039571	60.5533978623017	55.8177728559207	57.1030588440052	57.8840795806327	59.9878970108347	57.0797757203730	59.8117219308586	57.0304996101789	59.8785623098336	61.8727519050188	59.4640633382108	59.5549156925886	59.6927749556513	62.6844775294795	59.6268682253908	56.1654957407633	55.9655815861539	58.0565890618359	58.6218948756700	58.1180343833038	59.7084332505249	57.6093784963891	60.4091237954541	61.5626779783517	58.5458602091127	58.8869613211342	55.8342545069725	61.9764284864348	58.7121874489268	59.2689296057236	60.1146115118050	56.3386231636100	57.3939849134476	61.1128990020519	59.9237953653198	59.6622996780550	58.7148979345041	56.7129343720926	58.4099813822633	60.0928359866361	59.1059384592096	57.8799006821575	56.4190264199180	59.3256746228324	57.6851799960257	59.9969077986280	59.4365727652244	56.8798896432320	59.9563623586693	61.3803656434408	59.7538428738798	58.3907954215871	58.9413807635219	55.1198753551232	55.9012642763104	61.2712843596940	58.8153501225080	61.5480250912489	56.2523049389693	61.2552494809056	56.7900394126579	56.8138595676610	58.8588590422069	61.5402178093943	59.8720158983076	60.8352674512085	58.1631185294775	61.0562507618134	61.9148763051598	60.0401054541475	55.1237671144627	56.6509960426613	60.0230972245890	55.2434960564800	58.7539971583438	58.4458081102579	61.6671032287851	56.6880053478255	59.3647033778627	61.6247570126327	60.7491726817947	55.3416818520304	60.2855645686465	59.8407170451076	58.8549311165526	59.2982104078108	60.4782474630010	59.0868793073509	59.9549455380149	60.6819787465961	58.8069596339388	61.1411350937658	58.6171632836645	59.7129184232095	57.6262308544997	55.1561115000778	58.4703451917105	61.3683023556130	67.9599534432401	68.8989560949758	71.7139006525524	69.3054881359718	69.7168450934983	70.5778436092722	70.0777947024524	68.2589433288206	66.8886437922206	70.0347215330418	66.9226335477837	71.2965941808777	67.8380965442358	65.9158785911422	69.8330175607564	70.6822606792242	69.2140881722470	66.8696398265613	67.6473810203961	70.5691092212754	71.4543455429760	67.7136157004418	70.4332471391979	68.3968959883962	66.3495057039846	69.9192097345136	70.1205189947094	70.0268965597770	66.7896578431604	70.0612647905949	71.6759095267879	66.1213612433291	67.1855128545101	68.1503846115236	71.1038639941267	71.1894690548739	68.3758400860718	66.9808139935289	67.3172828575077	72.4759970636521	71.7904689470830	68.1930576569770	72.0719386343112	65.1440747746156	70.9132198402329	68.0636729696077	67.4283009667302	66.3933574810819	67.9575841947246	69.0323952379250	71.2391768812061	71.0655967421134	67.7074494635529	68.2674371249616	68.7167650312941	70.7477971399646	69.2427287146699	65.1835976826676	72.2024941399115	66.8933607872686	65.8688443467001	72.0540529503431	72.1154681516201	72.8069551506559	67.0060502402951	69.7505920126159	69.8217377195708	68.2961885337481	65.8292057083170	70.3694244451384	68.7575025720204	71.2087195354666	68.3038112118448	72.7452328625947	70.5695536195178	70.2883455877369	65.6281885898374	66.8856658160045	70.0689776732810	69.1724588959964	70.2381732052548	65.5134653211341	68.8924513802214	69.7303609376832	72.3256592941978	70.9615520196460	69.0929032020457	65.2277869147018	70.6195260566664	70.7554122294180	65.6260848037694	69.7790524809311	70.7034466039057	66.8680473021568	68.5920109730943	68.6329626808281	67.1348692062529	69.2421374289090	68.7458467180630	66.8794368047531	66.8654748895048	69.2822608162156	70.4120030893771	70.4863669785197	78.7292328033685	78.1246723225177	78.6850567012879	82.1546741572413	76.5660609130254	78.8579201622195	80.3619564744043	79.0247838385336	79.8528180671951	77.3526875556337	77.0070601433396	77.1663761278291	81.4128870334717	75.8611581731507	77.8864716760287	80.6812313664726	76.5038443847383	79.0784411593062	77.9548030772630	79.5126123570528	80.6678759066126	76.2848768148896	78.5886569867491	78.1414287097353	76.9624006750039	80.2022854141796	78.1223662926658	78.9057753942367	78.3651269174874	79.5018349552378	78.6944226498460	77.2524042627836	77.2843469159589	80.8840464539314	77.3114388872399	81.0811787863580	81.7543298623098	75.5270698642189	78.0350138501145	82.5055725778786	80.8860965048287	77.5960844289295	77.8547000199129	77.5983142579241	80.6794499533811	77.3107164933658	77.4108421930578	77.8810475615271	80.2448546352817	78.5482779588856	80.4674461711852	80.6312886339319	78.4628666817492	76.0271248078695	80.5680546973752	80.5346377086229	81.9917563082697	76.6194714154348	78.3695083006279	75.2079033647749	78.7542199703809	78.9006636931672	80.9608458682151	78.6666152907587	76.6333332115668	80.1957213443568	77.1320614342733	78.7681211866393	80.0128576002588	78.8716113048062	82.3751975355620	79.0519692580183	76.7381805052681	82.0891236446385	77.5209860407976	79.6134028068275	76.5774462323036	78.6993737484149	76.7983314671749	77.2820867661250	80.2975877352132	77.1016977751430	80.6255526258015	78.9524315363919	78.9763462896716	80.1718172503248	77.1155576487100	76.2562481858643	82.3533492069702	82.7705604227567	74.9788969716885	77.8122009441133	81.7450740012662	78.4397417490954	81.8201935274790	77.3716173740453	80.1336082280195	78.9762999941573	78.2028310372014	79.3817465666612	75.5251142474953	78.2672916248581	80.7378694005504	79.4866551089441	90.4644791921737	88.8490324422603	92.1778273533758	89.4637610602276	86.3607913866878	86.5292642255666	89.4559819385284	85.2878132965793	90.5316603950883	89.6000303796587	88.4133421248176	90.7281717994181	89.0418864209913	89.4236098628217	87.7986923737228	92.1294648681017	84.9188186183369	85.8378272630587	87.2677992738672	89.4502708976041	91.6579168349924	89.3740091195698	87.9823645416704	88.4725895037142	87.4566303056378	87.6109572579412	89.5801748876230	86.1821468875104	87.1283766989880	90.2404082220647	89.6405726138671	86.8977140354307	87.5350570513518	87.0161747210293	88.6224299796875	87.1125526825554	91.0752383943115	85.0316268054437	86.7584244215222	88.5766023624991	89.5317843537715	90.2224508003211	91.3080589422444	85.0820592936492	91.0746257413926	88.9963851276138	86.5711229264235	90.2076728854640	88.6244728149600	88.2798484809937	88.6924221798685	90.1857900314033	91.6694190957740	86.5084712130843	88.4910133461722	87.8477617116057	88.6326984523461	88.1267877915297	90.4719811833351	88.3447694799101	90.6149317102654	90.2821905311934	88.7750561659413	89.4579807326980	87.7595749265980	87.4453915811187	86.1262513507040	86.8994003853561	89.6214829097164	88.8145547243516	89.2469754112963	90.8201706430885	89.9530227553194	91.1159921111781	92.0483974790941	88.5830344351655	86.4265801261428	86.0646179159620	91.2630341438446	87.9718746185940	89.9575517824517	87.5895655122065	91.4299116886215	86.4240647887368	88.9756943545029	89.3997840476696	88.9581805983629	89.2579125897906	87.5492262050123	92.9240647023928	86.9206910035811	89.0984577288603	91.8143741175844	85.3688689424791	89.9995723819630	87.4615464243965	90.1161660997697	87.1708985171043	91.2731306303812	87.8291129188455	87.7411967341999	85.8514641014920	90.1633711500862	88.9187877673491	100.543592305846	96.4863433789397	99.2816858522894	98.7630896660018	98.8985557454546	99.7564673452266	100.763371393944	96.7674448519433	99.7997284392435	97.5022528947476	98.8628546108711	97.4416071057276	97.3218205782140	98.4190112942270	101.996119632567	101.553486110007	95.3776494684250	99.4016584462468	99.3654164644915	102.585178619549	99.1874062464171	99.3584859302583	100.013813423909	100.957226532989	97.2458963812065	99.8512652473339	100.715478059009	99.1143729415437	98.9639731899965	102.026707785285	102.140507256764	96.4223757907436	99.4525220336218	101.836498857171	99.7132066022764	100.686060470619	100.982469650648	98.3876750061256	96.2813151608410	101.395771127538	101.795639747398	101.657083241160	101.558216502276	95.2173429817290	101.145502812907	96.9632145584497	97.4377101157761	96.6525264872262	96.4076153156140	99.8306825539204	100.574517279295	102.379517797656	98.3434660191257	97.2590119102609	99.6731857017238	99.5781692775019	98.2235281194481	97.6040110467872	100.931635752211	97.0537287004731	99.4212328551307	101.798767355682	100.682256827743	98.4529829013363	97.7701321586357	99.2534751554148	98.1519466690324	100.390561367573	97.5781206763941	100.618944420935	101.905932756195	97.6264254397328	100.907590178740	100.878397415183	100.247958943882	98.4312184732461	99.3098747653291	96.9994394431228	96.6676353125477	96.1190554550765	99.2206358290422	99.5140884550140	97.5420305635379	99.0848230120733	102.940716619714	100.750543332734	97.8140812502613	97.1186204155787	97.6360241236852	101.045592525088	98.4025126131305	99.9090163369492	100.850653310018	98.9622744937445	101.656789957051	100.663588526284	96.6943612372953	97.6771497987128	99.6316346707041	98.3213774981580	97.8769385706140	95.4524704230730	98.3515613766202	98.3210520937544	112.568538524039	105.290958630529	110.256293308245	108.458032740920	108.250952373478	111.142610316053	112.017562886033	107.046296343332	109.553601485579	108.663945395528	107.230119247765	108.234754438449	109.733927382930	108.876807947240	111.931225234766	108.340012537166	105.781722094086	104.790226758317	107.516947229986	112.485990151576	108.288224166283	108.688476949062	109.018738816803	107.225436641381	110.290806247634	110.288143883231	110.654341886663	108.814938241374	107.717034159887	112.830886687509	108.843837410422	107.747853307944	109.545765901213	109.853345153174	110.531866678659	109.817378521422	111.360559337252	104.898025661599	106.744957313419	108.077249310679	111.647235460853	110.740985347175	110.229858775087	105.217528074208	109.639695626459	108.675543450605	109.738188665877	107.381363902972	107.881880418331	111.449725162248	109.995199028168	109.356873537847	108.315305601011	110.282359718124	109.539252615902	106.968988162151	110.702103948492	106.082334372589	107.702374717421	107.519916695584	107.560880266193	109.954223993648	108.367170450076	108.597901287490	109.380444804757	109.821794572267	109.249544741222	110.638410632570	106.511961444186	108.178329271449	112.277223133841	108.575755811027	107.495077877625	108.794516022460	111.084097846384	108.865370257550	106.021096329082	109.203929980086	109.398682739971	105.664956212072	109.984767093051	107.021131776557	110.901362067059	106.067760696507	108.475942971669	108.567608965114	108.273156165352	108.474024218685	110.200434198302	109.157037125373	106.983062164143	108.885806497315	111.040019386770	107.774663211658	110.629466497732	108.475714525055	109.826725293053	108.347023808165	112.257000809744	109.510065094828	107.614658839091	108.233472248946	110.837967216570	107.313902511608


objFunctionValue:   684.999291055382



