Dataset 32


dvh_array = np.array([
    [ 7.59, 2.79, 14.28,  3.11, 12.36, 11.96,  3.48,  3.32, 0.00, 0.00, 0.00, 0.0480, 24.55],  # Rectum
    [ 4.95, 0.52,  5.93,  4.21,  5.84,  5.77,  4.25,  4.22, 0.00, 0.00, 0.00, 0.0000,  0.00],  # Penile bulb
    [ 5.36, 4.56, 102.48,  1.90, 15.20, 12.68,  2.34,  2.19, 0.22, 0.22, 0.03, 0.0000,  0.00],  # Lymph Nodes
    [ 1.17, 0.79,  4.22,  0.25,  3.34,  2.87,  0.40,  0.34, 0.00, 0.00, 0.00, 0.0000,  0.00],  # Rt femoral head
    [13.72, 1.22, 19.60,  7.66, 15.86, 15.18, 11.49,  9.61, 0.00, 0.00, 0.00, 0.0480, 24.55],  # prostate bed
    [12.41, 2.10, 28.83,  5.56, 15.67, 14.80,  8.21,  6.90, 0.00, 0.00, 0.00, 0.0000,  0.00],  # PTV_68
    [ 5.86, 8.79, 337.62,  1.46, 19.89, 13.94,  1.95,  1.80, 0.51, 0.36, 0.26, 0.0000,  0.00],  # PTV_56
    [ 5.72, 3.98, 46.26,  1.01, 14.28, 13.56,  1.49,  1.26, 0.01, 0.00, 0.00, 0.0000,  0.00],  # Bladder
    [ 1.20, 3.06, 573.80,  0.00,  9.82,  5.02,  0.00,  0.00, 0.04, 0.02, 0.02, 0.0000,  0.00],  # BODY
    [ 0.97, 0.60,  3.29,  0.07,  2.62,  2.29,  0.32,  0.27, 0.00, 0.00, 0.00, 0.0000,  0.00],  # Lt femoral head
])



templateX:  -50.5532513382832	-50.5906461254012	-51.9973783121085	-51.0380519539442	-50.2877696832948	-49.8718977365064	-49.9664508433652	-50.9792972787125	-44.5948874925259	-44.4068188486928	-45.4159593320816	-46.0405261252778	-45.1696704067199	-47.8543331434613	-47.6045709913540	-45.4739913527843	-40.0973181672001	-40.7951038899320	-40.9721744053318	-40.2980591235170	-39.7800759508348	-42.5348539829334	-42.6155905326356	-40.3515837370538	-36.2609020085138	-37.2665054729279	-37.5570932120390	-35.3879039910472	-35.3794796093632	-37.5362619151193	-37.2970687876031	-37.0221632424711	-30.2524668049269	-32.4260878251492	-32.5122387711047	-31.0649724434003	-30.0884977325920	-30.8241903286222	-32.0782430771193	-31.0792344536569	-26.0549946020071	-26.9913253088910	-25.1534320252521	-25.4509391576660	-26.3267287545111	-25.9157820488198	-27.3270235856189	-26.4427009766173	-21.3023764571366	-19.4180299300375	-20.1862428229502	-21.8743323414957	-22.2927593002775	-22.2972905070083	-20.8001001994748	-19.9717298465117	-15.1140056705566	-14.8936390841193	-14.8907571234220	-15.0029352339133	-15.6818529820170	-15.1102924898638	-15.4813997454186	-14.6217959280683	-12.8573855413226	-12.3699439449694	-11.0409204613513	-9.58409325995731	-12.0105836942133	-10.7420589846297	-11.2559154991440	-10.2007821266334	-5.16888122542242	-6.06664076794713	-7.46216982504554	-6.88294642138246	-6.38006795235436	-7.86531373069032	-6.75066531783067	-6.47791885475861	-1.97753736256405	-2.66709565867725	-2.67591748260207	-2.16245406988331	0.355998864179469	-2.52794645928247	-1.30698637921529	-2.00458805513062	4.14312835663645	2.94755014209280	2.60609089656580	4.04826113365473	2.27401323035688	2.55177924929895	3.76591155916159	5.42235844328209	9.05372875467938	8.82894885096015	8.41177589685008	10.1412622682096	9.50131750667557	8.25736179316780	7.82147307643793	9.84023086410650


templateY:  -394.724383953378	-384.496075245433	-374.882747938418	-367.108124932382	-355.569583138895	-347.284685296483	-336.096360829099	-326.877519073969	-390.385714294267	-379.717419730042	-371.034844391160	-362.619868362844	-351.269218207671	-340.669009490468	-331.510479117862	-320.332949188413	-395.785445842187	-385.241203016241	-377.659469760163	-366.210958565116	-355.083716913161	-346.469295460190	-336.188349258034	-324.381658026238	-391.989200336742	-379.854334730259	-370.574476035713	-359.625190820481	-351.540377620674	-340.901937904134	-329.703731935732	-322.326188623153	-396.884491579127	-385.980303904836	-376.090225366696	-365.590995750063	-355.967906101166	-344.884652427693	-337.671566322728	-324.387421438979	-390.657595638430	-381.425693743287	-370.727493934356	-359.384570970933	-350.667197888894	-341.156096023345	-332.651361653607	-319.960399102813	-396.513718771380	-385.326414356467	-377.317448178693	-366.270882727618	-355.563945175011	-345.147618047278	-337.177458117548	-326.268236116568	-389.583510558034	-379.835089975244	-369.584323158041	-360.871532754420	-349.763931690331	-340.315208014240	-330.326485375391	-321.512346919874	-394.961074696453	-386.444567644280	-377.428065102464	-364.645380018801	-356.167960182083	-346.435913891275	-337.519527912426	-326.962029693987	-391.748405354821	-379.475235906706	-369.497910799069	-362.821935989744	-352.824993526487	-341.073774160104	-331.863780905140	-321.915686656003	-397.631047833769	-387.613684249857	-374.850864809721	-365.112864777426	-356.630461506489	-347.704392677372	-336.671840617175	-327.205161540260	-390.491262622816	-380.327775970481	-369.650405429868	-360.317460636673	-351.111236721797	-342.383627062546	-330.257824629234	-322.572941667666	-397.831463638408	-387.370110071892	-376.628831625528	-366.808330918961	-355.521127693086	-344.798084915931	-336.199747704694	-327.439683987447


templateZ:  58.9693411690712	57.6949588209639	59.6607210091750	60.0846696283598	59.0129152220291	58.7030589382027	58.9385495712350	57.7353611854133	60.4744577803007	57.1676119458697	58.6355466670988	57.9137274403039	58.2049985257735	59.9388610194367	58.7579744494142	59.6132308601664	59.7874109484731	57.5680309940404	59.2539752951377	57.8942455272384	58.9868120105778	58.9281364324011	58.2672751319472	58.4924016330387	58.3876471277636	57.7524216064799	58.5963232867820	60.0694636188059	57.3525799210545	60.5907459039061	58.9681985595150	58.8920368977588	57.9228176050691	59.6423138092825	59.7860269206623	57.8619019447562	59.3354671936733	58.8507887993923	58.7921210003721	59.8442087013362	60.3511690874778	58.1803967409199	59.3867859652127	57.4483365253767	57.6542627463236	60.0703358394002	57.6087355855677	60.4307031887471	58.3845821276605	59.5778605614443	58.6727884378562	59.3608097194140	59.5428495977148	57.8420048033088	57.6366178144031	58.4998291034477	57.2029141661649	57.9044350264646	57.2934891399698	58.4446231510073	59.6258720331841	59.6099651637149	59.5848532574970	59.0945746365883	57.7887077812505	59.8243315447773	58.6540970594608	58.0492994783256	58.3662444377335	60.1733331814641	57.8024663895190	60.1173703579342	59.9855229151230	59.7583223947750	58.5003531945775	58.2929070830408	59.1351955062265	58.2151684929969	59.5167208051328	59.3337120065983	59.1983181774369	57.8282614496939	58.7853074788176	57.9465873295736	58.7084893053363	60.2769300944332	59.1042712116781	57.3701782347263	58.4380719145293	60.4195943159753	60.5339871249619	58.4988852967252	57.4661342189699	59.3894263434151	58.4660412895448	59.5323868396005	58.3863584002199	57.6378430671984	59.0016891357227	58.7232090325018	57.2909578337171	58.4897030276349	60.1729123214598	57.7889597836023


seedPosX:   -50.1828402820227	-49.9689622357309	-51.2026925098907	-50.5395561150035	-49.6805904061109	-50.0618225664247	-49.3897944005048	-51.5664898665460	-45.3285527518054	-44.4274709469379	-45.5545156403219	-46.9950280126268	-43.9549114279752	-47.1866607978023	-46.8856503088799	-46.1982181556890	-38.8988383092682	-41.3549527759280	-41.8256718003760	-39.8128114372755	-40.8120248850152	-43.5774962032721	-43.7899963175917	-39.4455349653168	-37.1399642067671	-37.4152599286523	-36.9794234111315	-34.6145416063472	-36.2927506301900	-37.3856007510036	-36.7057209589222	-37.4329952411421	-29.8941699270977	-31.1962768855451	-31.9114376924619	-31.5903475913124	-29.3927983301836	-30.5817400182450	-31.1134284366187	-31.6128228161639	-26.0504631292020	-26.4504593069198	-25.2333047397870	-26.0540680674307	-26.2546540791076	-25.0819219519621	-27.4598064818034	-27.4638526549497	-20.4742555020176	-20.6639740534413	-20.9276717040921	-22.4994733280741	-23.1272461352672	-23.4396682448376	-21.7922436153980	-19.2179418069835	-15.4906741573967	-14.7481482278474	-14.0408539967675	-14.5355114309367	-14.7799242573473	-14.1023802165610	-15.0803476237378	-13.5331027906933	-13.6590659635334	-11.6888390161875	-12.2366942857319	-9.29442971765828	-10.8453027497024	-10.9833837739957	-11.8127251191103	-9.18160602757138	-5.15532206348680	-6.41251483844937	-8.12129053972321	-6.24251715150807	-5.19968535561076	-6.64798663092157	-5.61076671349364	-5.79412321114167	-2.02680924642827	-2.85210899781306	-3.12449943820036	-1.11432614787173	1.59116009783839	-3.03194298445410	-0.133837678518920	-1.04332143155864	5.06390517038738	2.85428550994783	3.10144165782013	2.92759305190875	1.34480216230231	3.04536574291895	4.03959914347023	5.10531359382215	9.36572925586996	8.09675554878709	7.97498440189509	10.5295791066504	10.2209556726493	9.01445744417863	7.09791472841564	9.05523946592690	-50.5539610194285	-51.4886967642457	-50.9133892806256	-51.4485700697411	-50.4750927360882	-49.1726914820203	-50.0467737816141	-52.1137305913737	-43.6440628890933	-44.3429244242348	-45.5146832487003	-46.0005078373022	-46.0837532846841	-48.4867306239175	-48.1963704757017	-44.3358873218827	-40.5197031419740	-40.0720929677524	-41.9296489585351	-40.6914110104209	-40.9890204760937	-42.1396597965725	-42.7674142043759	-41.1662387785001	-35.2664258060773	-38.2872708737319	-37.9900307654082	-35.3279382802855	-35.2768349289590	-36.2979716927943	-38.2795638314971	-37.4911186179231	-30.9030746441312	-33.6756667904416	-33.2871684602411	-31.9435334174594	-30.6514436901396	-31.3035371232354	-32.8195828550956	-30.3735587487582	-25.0310157627098	-26.1475629468651	-25.2132803927975	-25.4375780299414	-25.1986292090584	-26.7345149653507	-27.1443026073690	-25.2849934694332	-20.7858979230482	-19.0959805207086	-19.5068095883203	-21.5226808631248	-21.9026470751033	-21.7473754302719	-19.7047859938432	-20.1558881877962	-15.0018268432216	-15.9092261322182	-14.4231202060717	-14.3033715169209	-15.7373309563123	-14.4993164778592	-16.0774309080496	-15.2145032001372	-13.1804520325676	-11.5299174175087	-10.7907347769672	-10.7871669011912	-11.0943767136269	-10.0101729452434	-10.7664220237897	-9.61026754870897	-4.95841867091208	-5.24838005040657	-8.40682754223460	-5.74179745340653	-6.96390665325773	-8.29838545399176	-5.59698113422383	-5.89218623787296	-1.12001843103623	-3.06466092518483	-1.49787622382821	-2.78934086880573	1.01862607156370	-2.50950461577971	-0.430103886573614	-3.15913804166614	4.27902383210270	4.02925527914372	2.87873049649067	2.98166220592771	2.93992833164843	1.72941507772760	3.43741604568749	6.32945185956466	7.98867011213086	8.37038296937045	8.86462694769598	8.90730356110022	8.68038879502458	7.18098860205583	8.01456128495573	9.73687696528323	-51.4785682336876	-51.8129720679144	-52.9868920175075	-49.9895331974162	-51.1676126377238	-48.9398371779825	-50.1180729320102	-51.3715518266727	-43.9913679752739	-45.1629007756628	-45.2402143001114	-47.2095551814854	-45.0054170926591	-47.2501310695954	-48.5146803074645	-44.4082279421915	-40.4214848614360	-40.6748888738396	-39.9327278576952	-39.9733231053297	-40.2497983027655	-43.4865519678289	-42.0469171921147	-40.4169265521318	-36.8500840302722	-37.9217292076756	-38.0580431484571	-35.7315692860825	-35.1402969317661	-36.5125279885451	-38.4142435318730	-35.8761159187518	-31.2349472046604	-31.7667980978789	-32.9119456086328	-31.5941051113923	-29.6038509943517	-30.4931598544835	-32.4175865516870	-31.0672415707920	-26.2347890925053	-27.2904416630078	-23.9177040711967	-25.8331762039456	-26.3306815945479	-25.0514815345790	-26.8751459342035	-26.2444414858610	-21.7801781717065	-18.4577868989988	-19.2027156145132	-21.8073818782031	-21.4419054643295	-21.4230302262579	-20.4448705030184	-20.8686007432816	-14.5526216388985	-16.0329158436753	-16.0260278532426	-14.0961873274506	-14.9522568423312	-14.2261424720134	-16.0685651273036	-14.4275472645128	-12.8064583606289	-12.9044070957553	-9.84628754653430	-10.4922084379924	-12.6854668834951	-9.99260194495259	-11.3490408783889	-10.7347559123764	-4.23255736767540	-5.16600667599049	-6.97102767862632	-6.05320135746155	-7.05107751062376	-7.37860852721405	-7.48564855110859	-5.50788659880596	-1.47517688089332	-3.72601849073840	-2.42674429565717	-2.74097402788026	0.848167211718429	-3.57081906904105	-1.03560250158397	-1.31952975136841	2.90413103228251	3.97792282519567	3.37380387012332	2.94822978371556	1.60000300954479	2.99955811608927	2.53966615580113	6.53580110510963	8.05787883088103	7.67601188321538	9.10032594529609	11.2413428362894	9.87744501752428	8.72610121979507	7.73465995597317	8.66927319276678	-50.6137962725191	-50.4528421822655	-51.7335777413783	-50.7087540902699	-49.0602971595494	-50.8262818190550	-48.8752100913388	-52.0500756958906	-43.4498817707921	-45.6453335613389	-46.2492422863331	-47.1689358418994	-45.1174217981996	-46.8881349869285	-48.1806315262624	-45.0484436597814	-39.1707636523901	-39.8355913516058	-40.5872229396855	-39.2102815064184	-39.4454410122543	-42.5350945950190	-41.5691971740749	-40.3709969951655	-35.9520232368734	-37.6674188112478	-38.6635470588188	-35.3854568794269	-34.8130527834795	-38.4409412009909	-36.9783971799856	-37.2313239907291	-29.4231492170851	-32.7721127488399	-32.4296820783668	-30.8612790662297	-29.8908710589716	-31.4704054963538	-33.0081014504322	-31.6843827146934	-25.5563326234623	-27.4045023298698	-24.9203316517903	-25.4155841807463	-25.5144469206657	-26.2503852071118	-27.2579880847767	-25.3966616151419	-21.6093707650156	-19.0788164617524	-20.1687387445611	-22.1095219620028	-21.3111729332143	-21.7962083986884	-21.8482059886601	-18.7515103137186	-14.6324758198599	-15.5453734644434	-14.1470607899800	-15.9590541451120	-15.5573588598474	-14.5094972267687	-15.2156340340040	-14.1631413995873	-11.6282558468062	-12.0374658342231	-10.2468648005835	-9.81891995823953	-11.9116706529711	-9.70989490149623	-11.7400691084076	-9.53956184352427	-5.29014786275259	-5.78727281744167	-7.98860686790470	-7.74438165595127	-7.55540393112561	-8.98225038156059	-6.54425466232744	-7.68744589610388	-1.76381419094952	-1.97380583309096	-2.72321208933619	-1.55879512659649	1.13994829126054	-2.76925155529475	-1.17771098068367	-1.19262560402698	3.11233965534096	2.90122632348850	3.59581419276098	4.00686145744741	2.74638666682531	3.00797429376419	3.54190645448791	5.55325598136798	9.03354493770104	9.42033482768821	7.40195676983686	10.8094379881998	9.37621127102729	9.15671269028130	9.06909056855201	10.3025634418176	-51.0241073611980	-51.7711824358110	-52.5530719929619	-51.6018315863092	-51.4077253923741	-50.0190966112127	-50.8836023637411	-51.8458774048141	-43.7242236038271	-44.5026958823407	-46.4368677962677	-46.4700337084290	-44.3468736928531	-46.6328129270399	-46.8530785889677	-44.7970712779358	-40.3135393840700	-41.4647578996832	-41.7483916311390	-40.1915693313546	-39.4697490440276	-41.3463478170648	-41.5337113706410	-41.5821189818629	-35.2886311484104	-36.6374251295281	-36.7608775515907	-36.6256474775346	-35.7310843977083	-37.0628538569430	-37.8489567110735	-37.4734116839571	-31.0015984725862	-32.8281608070872	-31.3871403430150	-32.1001114550504	-29.4548930770838	-30.8486104968377	-32.0808027894412	-30.9535856843795	-25.7926509173227	-26.8301980982433	-25.2971327847134	-25.6307606829220	-27.3630429547261	-25.7862306353155	-26.6890708044438	-27.2478017673083	-21.1784276744781	-18.3957164886682	-20.7183252864145	-22.3045155366303	-23.1708822534470	-23.3555765849953	-20.5755722871287	-20.9226388664499	-14.3204461829925	-14.6883820671115	-15.1964209251838	-14.9223029603545	-15.0229641425441	-14.0450186361628	-14.5439505358853	-14.7423168748871	-13.9223532833104	-13.2754818637596	-9.79363203913908	-10.6862276064844	-11.9354037628289	-9.79586433609630	-11.5006901307904	-11.3921556884506	-5.34979033222592	-7.01084680540061	-7.06339593461843	-6.72596827495627	-7.51771023943439	-7.34068381505193	-6.77553153729270	-6.42864721020735	-2.29254188804339	-3.51250005148285	-3.67514248091987	-1.94561254112744	0.831008984565784	-3.62724887901108	-2.43069161911775	-1.54923937432313	3.58559945507740	3.75768510253583	2.09461614749217	2.79870417896471	1.95878665867383	2.68928347489075	4.45274292617980	6.06325731243071	10.1642053464781	8.02400832554274	7.72755510649405	9.92942273980028	10.1214234213998	8.96447178532922	7.83464984347961	10.5605928005430	-49.9501344887874	-49.5974991420899	-51.1917416332785	-50.8343447329304	-49.8184937501575	-48.8411387393182	-49.4339364799046	-50.2507155832844	-43.5874647992132	-45.3028675063809	-46.4781596868234	-45.7813296556960	-44.9746702627225	-48.8158389660992	-48.8134985174513	-45.2085579898509	-40.7448313545786	-40.8121553648803	-41.8312576474190	-40.3736599132548	-39.9577685570244	-42.7548660304905	-41.9308014009055	-40.3335974532872	-37.2801091045068	-36.3442510293853	-37.5803382918274	-34.8752637228870	-36.4661459630367	-38.1946364087358	-38.4372568608545	-36.4318616629374	-31.4814201973044	-31.8814714262004	-32.8056556422489	-29.8657098799497	-28.9350324392654	-31.6292979792222	-32.6320088202526	-31.7347055600971	-25.0187957206302	-26.9431109100644	-26.2576560274282	-26.1457765957670	-25.9477305824306	-25.2948662688091	-28.4766172580434	-25.3603808311073	-22.2614875743195	-20.5042660173636	-21.1750839085407	-20.8521229626287	-21.4991066762206	-22.7800072528743	-21.3176222994014	-19.7225789308840	-14.3376488764536	-15.8871429012757	-14.5342306235178	-14.4177335367618	-15.7057646547042	-14.3210920884379	-16.2382113036651	-15.3831082568088	-11.8110972072941	-12.3289023259881	-12.0248222595672	-9.25234523411332	-13.1517219420600	-11.4095696652225	-11.3869745504516	-10.8787243454869	-5.54448501887782	-5.11177901017670	-7.83508109222635	-5.68442009232187	-6.85248609566201	-7.20873692568299	-5.96118373454119	-6.78197682563526	-1.90725736564752	-2.71069367266823	-3.25276594904774	-2.17679722871886	-0.179810847959859	-1.86893420071493	-0.852819009961861	-1.13568352748884	4.74331539372512	2.07364597049082	3.21223399146201	3.82967801760186	1.86944986788899	1.46021443140945	4.02331683869731	4.86077374539688	9.32329226321537	7.81362299356126	7.35852149968112	9.44695442162540	8.98263089010780	8.70864444629402	7.99972970944556	10.2330982464715


seedPosY:   -394.150597561295	-383.341904435541	-375.202342728985	-366.361725406571	-356.094094089867	-346.643823792567	-335.936593379008	-326.404416871645	-389.523105756477	-380.779454098964	-372.057718519046	-361.670159890533	-350.788226686683	-340.544607405630	-332.562403037902	-320.981086211888	-395.955065641188	-385.169981606843	-378.121580844977	-366.803398201045	-355.319856842197	-347.221110851218	-336.986423303055	-323.523045506035	-391.672879521905	-379.406221998996	-369.714175717904	-359.839159224675	-352.457685657064	-342.030314096140	-329.713203223501	-323.128180804111	-396.671074797505	-385.503901863723	-375.084904512073	-365.113938074137	-356.135821172526	-344.443266275151	-338.015870317830	-324.714489119233	-390.380956655799	-382.635450149579	-371.912344621438	-359.028337951163	-351.583436574121	-340.365440423735	-331.791980262086	-320.130712004428	-397.701860835817	-385.710480443772	-376.472205823419	-365.740476311875	-356.176950514043	-344.065577976781	-336.119611978722	-325.698922172437	-388.696392115267	-378.979117287419	-369.914616127689	-359.885894054823	-349.199626137302	-339.310320115821	-329.401327388737	-321.483541444679	-394.472846022816	-387.424107069611	-377.644309690644	-364.140918994867	-355.658291798547	-345.290891901667	-336.938771692336	-326.159830668140	-392.269383301189	-378.625240853546	-369.282583181918	-362.517704143368	-353.528439529058	-341.370887792977	-331.804289298375	-322.550172669406	-396.588373840042	-386.522361209363	-376.087637205777	-365.512830970517	-357.316939486564	-346.883222284132	-336.722013144556	-327.997485682901	-391.113867206036	-379.539229226992	-369.811542689007	-360.732314727205	-352.246946967298	-341.708284313619	-330.526123867924	-323.626134865778	-398.419404589075	-387.495236732154	-375.437059991707	-366.789867660817	-356.477408813508	-345.626125774426	-335.823879997962	-326.687982699346	-393.670108440551	-385.296864091421	-375.019900227758	-367.827427548228	-356.637352544308	-346.951345895053	-336.841076002118	-327.046467604691	-390.770246497836	-380.350642969751	-370.088610520959	-361.673401104094	-350.760492749699	-341.466031580485	-330.377688095049	-319.176901765431	-396.909758605819	-386.236193868177	-376.669252883341	-366.359307926776	-354.372907353953	-347.684623875342	-337.099884719030	-324.436339572841	-391.522901211862	-379.606632467160	-370.036590248889	-359.439403535032	-352.004258557312	-341.853818363736	-329.009856696299	-321.179060305969	-396.712722054909	-385.151930674116	-376.857382706662	-366.709307839602	-354.731517700000	-344.912031706818	-337.478908110209	-324.084340492449	-389.433291362330	-382.384706590519	-369.821677891625	-358.858741309446	-350.945566738746	-341.198273253344	-333.182512463203	-319.668246548513	-396.457002948020	-385.976899879442	-378.244175939710	-365.027009590008	-355.756469995771	-344.070611741645	-337.909707694048	-326.232849313644	-389.421246605726	-379.240841066738	-368.834931237478	-360.754958001544	-350.061320416479	-341.502783077449	-329.639805767197	-322.656631349932	-394.854151616648	-385.424341570899	-378.500511876770	-364.839559583443	-355.786992212995	-346.069702048661	-338.566485914111	-327.216822415833	-392.849513608086	-378.266864196212	-369.371559923498	-363.667475772937	-353.451946044648	-341.570962071234	-332.173385133775	-322.997618302087	-396.902357416751	-387.358412141573	-373.846249021347	-365.806008175178	-355.415747919027	-347.498000026877	-336.623754396695	-326.205876208609	-391.688985319687	-379.858327998704	-370.365067565493	-359.226889386463	-351.945022398565	-342.516878535326	-330.697235297003	-322.474016032601	-397.839572692881	-388.102974493014	-376.253772313409	-365.853105835499	-354.380839562777	-344.467272197545	-337.439271125917	-326.942614286901	-394.595842353245	-384.185927651366	-374.248705499933	-366.759088572077	-354.875685864833	-348.177339138718	-335.932513997243	-326.305263449577	-390.475648716533	-379.452507096266	-370.824181862599	-363.415747415812	-352.145317943406	-340.660582238864	-332.246535774637	-321.465140197068	-396.965713692076	-384.262738286934	-378.545310320096	-365.237301061579	-355.319433900022	-347.557202090248	-335.750643000172	-323.177835768849	-391.715456461345	-379.709267975868	-371.511771597053	-359.414102840281	-352.213431424311	-340.531698064472	-328.542046258226	-321.467069704391	-396.693131748476	-385.365427703548	-376.268359143981	-365.589494493994	-356.879876173015	-344.443928453069	-337.377031523318	-323.929575236161	-390.588792801382	-382.546970854156	-370.416645888589	-358.644401909681	-351.117704661024	-340.508356709118	-332.917457212948	-319.034823707662	-396.262228127124	-384.190523367698	-377.839402427952	-366.857988224422	-355.316266829408	-345.435649985755	-337.338517359410	-326.107931382087	-390.259481705907	-380.458652773026	-369.147358565327	-362.033432393534	-348.594017584813	-339.151898686088	-330.869664712309	-321.044134942047	-395.356291473876	-385.734209221886	-377.789193629729	-364.097842365739	-357.313409699782	-345.623484211511	-337.387630065886	-326.852176448938	-391.843912492576	-380.577817940504	-369.272232197901	-362.095961874881	-352.427936555695	-342.078230207275	-332.121441204574	-321.246080930300	-397.866364306923	-388.400909260691	-374.696878716153	-365.779782780400	-356.323242500116	-347.146468771425	-336.486797528154	-327.608771199066	-389.503726778679	-380.536548746854	-369.699000811481	-360.679970283443	-352.217694235022	-341.966517115182	-330.651899560541	-323.223829809621	-397.851387845301	-388.191369547333	-375.615280337320	-366.431357088603	-354.787963628102	-344.285734273554	-335.764843249750	-326.638234862617	-394.648150582309	-384.953839113898	-374.793094616213	-367.704219447624	-356.510446213169	-347.342316137638	-337.012821359717	-325.715886631680	-391.196095131032	-380.190280921022	-371.171668790703	-361.421449170595	-351.281719743610	-339.928335985920	-330.391376698324	-319.567619817750	-396.754123416876	-384.542821018230	-378.512003469472	-366.846510435276	-355.677107372352	-345.680783163828	-337.032101055116	-323.138405603852	-392.142475191291	-380.410633015588	-369.840762546453	-358.610112720389	-351.061580728237	-341.418842164756	-328.686325501518	-322.565551797692	-397.854077888600	-386.240475467516	-374.843593321718	-364.345151139792	-354.887011402070	-344.560526095605	-338.299459776891	-325.240882068168	-389.626455493015	-382.466523109095	-371.703384124413	-360.458822568530	-349.467279174476	-341.084152409017	-333.326459517917	-320.673871624190	-395.848579079700	-384.569002678642	-378.394810669018	-366.750857864193	-355.819846418773	-346.268285763889	-338.124516228136	-326.448865137905	-389.470102714568	-380.802302926065	-368.849984495740	-361.404472743352	-350.450343918576	-341.419373704537	-330.516091655386	-320.565495514066	-395.902250717063	-385.295880004316	-376.457314996611	-364.966251764958	-355.949810087648	-346.898067830637	-337.250165092904	-327.668977930892	-390.870080286139	-379.533970341972	-370.287273405380	-362.587082056806	-352.842031341431	-341.837346206906	-332.307996591717	-322.616959137491	-397.506071281723	-386.619343202552	-373.707549947123	-364.704572544527	-357.021182611662	-348.090174287014	-337.644863509539	-328.032514552676	-390.339026957984	-381.352730556163	-370.578666952683	-361.104887919409	-350.509407213838	-342.524002030092	-329.273232879039	-322.352490033107	-398.223834295843	-386.491463699782	-376.321824176238	-366.837705378719	-356.155953963228	-345.727606683774	-336.151504374734	-327.251796742666	-394.890359230095	-383.778416053853	-375.195406325735	-366.258660698415	-355.384848489783	-347.358946424802	-336.759567055700	-327.120079807679	-391.469336565122	-380.890187672699	-371.997148804778	-363.287821410464	-350.506495436845	-340.401954196168	-330.931086295950	-320.265345361325	-395.389879708564	-384.382076445291	-376.917320324090	-365.105044882575	-354.329275539470	-347.409272447922	-337.101360607424	-325.106142654753	-391.492158435631	-380.565380580758	-369.592603951891	-360.576222844026	-350.561177069090	-341.671687546053	-328.789599772440	-321.682394627429	-395.876556751074	-385.686138219992	-376.280786767546	-366.208629582078	-355.213847593271	-345.324833602472	-337.908826231383	-325.132086773747	-391.809233552566	-380.314954640163	-370.069331309972	-359.178610253887	-351.498896321286	-342.123847991786	-331.659345123236	-320.078022473361	-397.404111844708	-384.431328252156	-377.916307763153	-365.661028245299	-355.036469880050	-344.262562224889	-336.640543005748	-325.892427886120	-390.659806704718	-380.477422086006	-368.573802223737	-359.778416947430	-349.340327397390	-340.772731203745	-330.897426498082	-321.390849283516	-395.454645124005	-387.323220579376	-377.161464892210	-363.515582462849	-355.117244095819	-346.535381551353	-337.546711970465	-328.207115874776	-391.369659297215	-378.490981981198	-369.644464855870	-362.805535366349	-351.642025445274	-341.397288689912	-330.817076738379	-321.587593955623	-397.144408609872	-388.301379254591	-375.170679779222	-364.590169753260	-355.494880387571	-347.802909367972	-337.393441433906	-328.313721590627	-390.749204960737	-380.209901340875	-369.341193366964	-361.520395921652	-350.269123093594	-343.607664659056	-329.317606226861	-323.146069090194	-398.997345905976	-387.876950895242	-377.429581656323	-367.776487367607	-355.935132464507	-345.717840800138	-336.550055313870	-327.001856163415	-393.954800813856	-384.809502132455	-374.201420739837	-367.164128946961	-354.440046931395	-346.516071312035	-336.610778126763	-327.551584755190	-390.786552148192	-379.127766695691	-370.859667290119	-363.490573239279	-350.046785162392	-341.798071493304	-331.983843180603	-319.198989069868	-395.600786995185	-385.270869508228	-378.397037563531	-366.451922015487	-354.439148362035	-346.256158053682	-336.591454265140	-323.299093216253	-391.882296783468	-379.752323450051	-369.472743404414	-360.301977597291	-351.238028568832	-340.946805841650	-328.765402211644	-321.441821487066	-396.326172090535	-384.882572900943	-375.818431043780	-365.820007260956	-356.516376721416	-345.707705802580	-338.667489535409	-325.548418730815	-389.949462238246	-380.311766977635	-370.077116978206	-360.166024004499	-349.699045101914	-340.121838609100	-332.214522338398	-318.858061256915	-397.550614864852	-385.690041490884	-377.932704359657	-367.170091351496	-355.204907815397	-344.218525313214	-337.789976587627	-325.963125435264	-390.641940444747	-378.745457039698	-369.539530415455	-360.216433859970	-350.980302583164	-339.151896171610	-329.896995373663	-320.442521699057	-395.468659037102	-387.365503292781	-377.261005039999	-365.505482131478	-355.160170056067	-346.511830992408	-336.297716153548	-327.867195885354	-391.619506107941	-380.406481203832	-370.324925829616	-361.729397024525	-354.006582446276	-342.188757868933	-332.652298065547	-322.042967788183	-397.035818670385	-388.615160233235	-373.944271937274	-364.392384198602	-355.571504908120	-347.627657756246	-337.581617596043	-327.569284869056	-391.161050762537	-381.422945270334	-368.559906013809	-359.126510998388	-351.459532812734	-341.452559129773	-330.087895272392	-321.915371694429	-397.781579193638	-387.942425906306	-377.792318670979	-365.646788060054	-355.614457453716	-345.550343098303	-337.312267724053	-328.560297854785


seedPosZ:   61.0636694210069	56.1474263088491	61.1146802418016	58.9662418046012	60.8677857933940	56.8345744633132	57.8851050772511	58.8004596671596	61.7844683579234	58.2115202675698	59.6041544983060	59.9124172418444	59.2382950689438	61.3625017597597	57.9187021419247	58.0658694284133	59.6617491764494	59.0890554221711	58.3214783732381	56.9990520470619	57.2172885579930	59.7536767646571	58.9275525605545	57.7945274111665	57.9537594400186	57.0241002817682	56.5973013285001	59.1162868762841	55.2470242618882	58.2329773089668	57.7236588568229	58.1814702044452	59.8620031237885	60.4628743207195	60.7658589697711	57.0864582898599	60.6711434852811	57.3078594560117	56.6998745591498	57.5653715364918	57.9309485590331	55.7466181700521	58.7506763425979	58.8229742524335	56.8489435493881	61.1850735890988	56.3612163565701	60.8399696530923	60.5183592043527	59.8248617827754	60.3973486054045	61.3096464487092	61.5329092702276	58.0155693286948	59.2084324572630	60.2857305891247	57.2944226933971	58.8819900116430	57.0146319041390	60.6967011781512	58.8771035189589	62.0254160058104	59.9371824215082	58.3899144506627	56.6699261702274	58.9004705313293	60.6770625108174	59.6631000680838	60.0840074463475	59.8333196378790	56.6299487862034	61.4729607096455	60.6284206131560	58.3106718342659	58.3067444510598	59.5228039541194	60.4190839578817	58.4885250960977	61.1574757437232	57.7880656298940	59.0485243726614	60.1978815006454	58.9140061914453	57.1025366675896	57.4917535831120	62.6011647234204	60.1155301802626	58.1640459689459	58.0681044343484	62.3206492093730	61.1632430492777	58.6796470021947	58.5665186766818	61.0130927558395	57.2645846627865	57.9221114442488	59.9674391555769	59.5967543500600	57.2618430088637	60.5857270680015	56.1554223134225	59.0519331689969	60.2264347734963	58.2065662355126	70.8316242641410	67.4186790682378	68.9327809928049	68.9601104772119	67.4467656932035	70.7023020313981	69.7314367914881	67.4169886647849	68.1839960362506	65.5001821407008	69.2524745272439	68.9996682913091	65.7704155921262	70.9109922704231	70.7465833114012	70.6803055183139	69.0541863755268	65.8971094437087	71.1043727010750	66.1637060506745	70.5783480960562	69.6718984667609	69.0369160967754	67.7087117926522	66.7900393897286	67.1621800871054	71.0357089101632	69.8070072377975	68.4555920090046	72.0109218427888	67.4030697697365	68.3820434754581	65.6304485228006	69.6668616058194	70.9907590068781	67.9706834306232	70.3558558679462	69.9989846906332	71.1267708051231	71.1328036506740	70.6411234551454	68.9130553558065	68.4410447706296	67.2226444142685	66.1995659074198	68.8146633285413	69.9155200913363	72.5120349386361	66.2975254784428	67.5114145417683	69.3797562899820	70.8951943074251	71.5389909210682	67.5257792936654	68.9855674373991	68.7423377323878	68.3107620870716	67.2320662600509	69.6268592654258	68.3658709368115	67.9040271160127	68.2849226189605	68.2445931950447	70.1761586824435	68.6764583982664	67.9349728531738	67.7696631030016	67.8973028427474	66.8628837183484	71.2703466069224	65.4088226067972	68.8073448243697	67.7472878089335	70.5883104708211	69.5370735487917	66.1697794432922	67.0404681840850	67.2429694085918	71.2293919114367	69.5934582312838	69.5634388763918	67.1226675106623	69.2730708087795	68.7516454566329	66.6215095852833	71.7256266758489	67.4453151545137	67.4019991677124	68.3486524769999	72.4157675280073	71.5499796237584	66.5921066547586	66.5102238653135	70.3163011366836	68.4563087878987	70.3141102459945	70.4262762385628	66.3954162729812	69.5904351674212	67.6608321803979	65.9499016407043	67.6187835811281	70.3428530343906	68.7296544676925	78.3734826611923	78.9595602746731	81.9374167152913	81.7725032769647	80.5768716869052	80.5709829466060	79.7900609241864	75.6925357304644	78.1169234227179	78.6738483782833	78.5984118993359	80.2267341634657	77.3804827894823	81.9323879021130	76.4205083206359	80.4699793126074	79.5736911930013	78.1305012570782	79.9817083866314	78.6771001249369	77.0382883546697	81.1314856493454	80.7493572685072	79.2357333583958	78.0494464322159	75.4136691156800	81.0758012615453	78.4777068161535	75.8321966158390	82.9591719935660	79.5770151237431	76.9470811549651	78.1146482551041	79.1113765550235	80.8240668287618	77.0219071085489	77.5696013448331	80.6103645960205	79.2381429110424	81.3838353317377	79.7068807066785	78.9043724426699	79.3830891504463	79.9082165916798	78.7446085778047	80.8046917876906	79.2634167719316	79.8141037261540	76.1414985442035	77.1829872433004	79.5420639218335	78.4531370641846	80.5517050548018	75.3566866905154	79.9215556610171	76.3417744610830	78.2955737781354	77.6713956031950	75.9567057240286	76.5586205230339	78.8656951138564	80.5853173809832	77.8026780141109	80.5456107587761	79.0693835550642	79.8522256681216	80.6880825374270	77.2674222932707	79.6854326013541	80.7450354231836	78.6877120581019	80.4175018619287	78.7719230621794	82.0557969704574	80.7666868668036	76.9479540502541	79.1932199608685	78.1860512365602	79.6408122960739	81.1263586072814	80.1165636233480	77.4493155700303	78.4116360843350	80.0507146320295	76.4561640986131	82.1314443575102	78.2355323625482	75.3879907803501	79.7460979486603	78.9637804920425	81.7949591226126	76.4968443340069	75.3125723701947	79.2191916710017	80.5341739105260	79.5706775915056	80.6811354757785	76.8072958343232	78.6750337358907	77.4742895867756	79.6900061311541	78.8409515804957	82.5220502505760	77.3805703964617	87.3903659880818	86.5265456175876	91.9011822799205	87.9204526013565	91.4194112137953	91.0093869726771	86.5071213808832	89.9936688207212	90.6392799360762	88.6182274191201	90.8840907854213	86.3954689819182	87.5988227809574	91.6759589455404	89.4068685023023	88.7341542116233	90.8857145549675	85.8280413188130	91.2473245861160	89.5715782988363	89.1485634398923	87.8344507825644	88.3243577633758	89.2903935416417	87.1837678415534	88.1397006628381	87.7285918569534	89.5000819690607	87.3615742523218	88.1546464376256	88.6753941923686	86.4717679161333	85.9340805807243	90.2010863190433	88.1783242167899	88.9310559947861	91.5512604185979	89.9489823792167	87.3896109757231	87.9250056228474	89.2218435972239	88.2694528842551	91.6181414800764	85.7787106395142	90.0229944103021	88.6390149887426	88.1374634463941	88.6661454606946	90.1204539840495	88.6932506372795	89.1555648866786	88.9895599631904	89.3105375517637	89.7828522752096	85.2005191677778	88.1464610703875	89.3576690833179	87.3594133054368	88.3189265407243	87.7163780153617	92.0594422997389	87.6933216586664	88.6476297529258	90.4515625237928	89.8517098849006	87.3453520395099	88.5029416321483	89.5552108829309	89.4989186345471	91.4651790891648	87.2774052016089	91.5951603304893	89.5597014793512	87.8543018150395	89.3066667869940	88.6042963370977	88.7830108704508	88.0458472891205	91.3451064301190	91.6111372109427	87.1201324147717	87.9740545590699	86.6592519883520	89.5220276405422	86.2646865793775	89.1237566490199	90.1663729241745	89.3008385669391	89.6546970740945	90.3940279454804	89.0104071827194	87.5688167198564	86.6348811907733	87.7705658524710	90.9316546613370	90.2143311782420	89.3632462088992	85.6759434233576	89.1813651503847	89.4477869989993	86.0858222937622	90.0942618533146	90.2671995614732	85.3766429783903	97.3609306058322	96.9048435738318	97.7674486116823	100.888218168145	97.8018780490766	98.6078392294164	101.346971140590	99.4829217714268	101.080815594685	96.3528533570169	98.4373273517946	97.0442096410742	97.0773090298906	99.9104008819277	97.6271862614246	101.376616323931	98.7177883696947	96.0757312287258	99.4647831384384	96.4168675876478	96.5426616565702	98.3153293141673	99.9688365694541	99.4608180376166	95.9026337278630	96.6149458447290	97.9043257664943	99.6881768306825	98.4004669114306	99.9927737394331	100.957800628186	99.5551176238264	100.114092348370	100.433576512729	99.8394364584117	99.9251558104321	98.5104658935275	99.2507301489401	98.0624369631270	100.881508281193	101.449364523957	99.4239722167638	99.9092467483006	95.6823751832522	96.8983002360162	97.6935121868877	96.7279526173351	100.610486541168	96.1736283731630	99.3162110122177	96.9339384396961	100.453811754103	100.559302136555	98.5786543372271	95.3194991302918	100.353991598135	96.9906317095022	99.3093933190736	98.6379292580325	98.7983165869775	99.9356752556527	97.1520054156115	102.039719134625	98.3531281856591	99.1055472332023	98.4644639109523	98.2620862576560	98.1846527679457	96.9555315342886	99.4376527659595	98.0662480840911	100.810062662356	99.6833929944829	98.2065019865874	97.8844248650610	97.8036372489680	97.9656115856851	99.3796607087898	98.5597509019034	99.2340293752860	97.2290830731722	96.2046208322018	99.7401590306096	95.5732902526401	96.5852275694331	100.682303296474	98.5849898895286	96.9140542105151	99.5008665286505	98.0883609592588	98.9230979466648	100.535607640765	97.9145465048679	99.0532924969628	96.5541519699645	100.596579256804	98.7058185772943	95.2245844347555	100.055356837082	100.321409202418	96.7688233034050	97.3810419312597	99.3125029072413	99.1633905558082	106.609847547975	109.309268985558	109.782336173756	111.877853488124	110.001447953506	108.152188232639	106.753605780958	108.946342100776	112.524261098549	109.410506379460	106.827062734358	110.070980128214	105.826482771409	107.527214589981	108.162987732933	110.662866654119	110.579343957205	107.834812830562	110.584443271510	106.375764759886	108.894952092681	107.245561672876	110.289286454801	107.375892058378	106.206353421630	108.327610128571	107.930921233839	111.792271680257	108.680007671958	112.443977358176	109.382358744212	108.504337957154	106.034140800303	107.767885262456	111.834061979082	105.909318906150	107.818519846610	108.814785031233	111.192424703642	108.720769912051	111.673948823717	107.766012223589	110.480423734561	109.172730929613	109.438065097070	108.967450717771	107.185631596221	110.738824813576	109.456983187888	108.423285706809	106.766873726065	111.522119164420	109.775923152337	108.459603407565	105.340778108087	109.785975075436	107.253769184118	108.287274880360	108.631458752980	110.649652867588	108.688700880736	109.984137004794	107.630208193809	110.793085496374	105.585916336591	107.814040643963	109.847226167631	107.609748537453	110.304733555395	108.347341456209	106.805521028991	111.972810193493	110.699060485292	111.158957654898	108.750206014808	107.575255439719	109.148344727381	107.933419320347	109.660143048813	110.085924004982	111.339124024490	105.339196616386	108.358136973575	109.183088534424	110.247189978556	109.891192802042	110.341085148506	108.086361242332	110.581137001469	112.077300959782	110.713101262220	107.153049682405	106.254891357809	107.052730668537	110.014708329889	110.437198383192	107.343318405388	107.654305823300	110.744811714290	108.630660452563	106.592961199555	108.692759742024	109.713306152549	105.659020417789


objFunctionValue:   653.369116268538



