Dataset 33


dvh_array = np.array([
    [ 7.29, 2.84, 13.52,  2.89, 12.23, 11.93,  3.25,  3.16, 0.00, 0.00, 0.00, 0.0560, 28.34],  # Rectum
    [ 4.57, 0.48,  5.31,  3.88,  5.29,  5.27,  3.94,  3.91, 0.00, 0.00, 0.00, 0.0000,  0.00],  # Penile bulb
    [ 5.05, 3.55,  52.71,  1.79, 14.61, 12.38,  2.24,  2.09, 0.03, 0.03, 0.00, 0.0000,  0.00],  # Lymph Nodes
    [ 1.17, 0.78,  4.16,  0.26,  3.32,  2.85,  0.41,  0.35, 0.00, 0.00, 0.00, 0.0000,  0.00],  # Rt femoral head
    [13.72, 1.27,  18.77,  7.37, 15.71, 15.21, 10.96,  9.26, 0.00, 0.00, 0.00, 0.0560, 28.34],  # prostate bed
    [12.39, 2.24,  52.71,  5.28, 15.68, 14.93,  7.93,  6.69, 0.01, 0.01, 0.00, 0.0000,  0.00],  # PTV_68
    [ 5.25, 4.28,  67.67,  1.37, 15.71, 13.59,  1.86,  1.71, 0.07, 0.02, 0.01, 0.0000,  0.00],  # PTV_56
    [ 5.67, 3.99,  25.88,  0.99, 14.32, 13.60,  1.43,  1.23, 0.00, 0.00, 0.00, 0.0000,  0.00],  # Bladder
    [ 1.13, 2.45,  128.65,  0.00,  9.48,  4.71,  0.00,  0.00, 0.02, 0.01, 0.00, 0.0000,  0.00],  # BODY
    [ 0.85, 0.56,  3.02,  0.09,  2.40,  2.09,  0.25,  0.20, 0.00, 0.00, 0.00, 0.0000,  0.00],  # Lt femoral head
])



templateX:  -50.3793314509807	-51.5267277094283	-50.7110941381527	-51.2008810576423	-51.6744565619356	-51.1430464086039	-51.5841352533647	-50.7752856976675	-47.4048604869248	-45.8003507482176	-45.1492383998046	-45.3407662196400	-46.6326963638147	-44.8024018094311	-45.6655247339205	-46.3675880365596	-42.1229198188478	-39.9896538139265	-40.2325360044602	-42.8911398539641	-39.6086217239998	-42.3892603270884	-39.8981945276679	-39.7823019424107	-34.7041694283166	-34.7369378752671	-37.0645203160002	-34.6250233909466	-34.5806561614467	-34.4795334994409	-34.4437100103459	-35.0275514494595	-32.0717836607123	-31.5913448053049	-29.7139792022217	-32.7859855068585	-32.1717624033492	-31.8110090637703	-30.1306688328147	-31.7500257933522	-25.4816343062699	-26.2957064472378	-24.5714135997447	-25.1198530078795	-27.1266284027128	-24.9337175484567	-24.9234243004568	-24.9830259164435	-20.8637053893270	-21.0429508224550	-22.6547186701479	-19.9025733127555	-19.4641954722951	-22.6713577953951	-22.3011691713884	-20.3907803038859	-15.9306655784285	-15.3337443719433	-17.7587025254033	-14.7126093427161	-16.2703411718020	-17.5731336380150	-14.4626857462114	-15.9565251577175	-11.1859204161672	-12.4147242520080	-11.2216216836796	-9.79341152258622	-10.2873506327530	-10.1442666061913	-9.68656745837929	-12.1134581700808	-5.83312524325185	-4.75396831367416	-6.84041722297588	-6.58500476902525	-5.84382272698388	-4.61395356465723	-7.89253425397800	-4.81587503342694	-0.366643070562946	-2.34320561877891	0.361639343799439	-1.08067264391901	-1.82952010778822	0.211094470982653	-0.184360492053441	-0.759766260592542	4.78248876262445	3.49035221914946	4.43656372583220	3.01402408146683	4.19335940697283	3.48245302867592	4.67484705458544	3.29765291315270	7.80360660228090	8.59710714006737	8.12437693012981	8.65349077914440	8.27836413822677	8.94496468269634	10.5171567778862	7.43118573777087


templateY:  -397.675288983191	-386.702794647208	-376.705072278863	-366.143973520647	-356.338339411586	-344.793882591534	-336.688816949020	-326.868805270383	-390.100346084474	-379.981271384002	-372.318309365056	-362.822927873531	-351.280258335612	-339.759594056099	-331.798814898483	-319.404659441816	-397.341640746490	-387.157970765056	-374.616688498703	-366.065654939803	-357.444493788964	-346.592671668852	-336.930388411058	-325.035266168763	-390.874501060234	-381.399802317382	-370.144393171158	-360.075538911022	-350.306425672035	-341.763191189006	-331.489754548492	-321.569720515644	-396.423022578137	-387.798720362491	-375.302819273394	-365.859900749458	-354.766051203647	-346.730373253187	-335.654911747872	-325.981109148047	-390.270667324208	-382.009071029230	-369.896775000615	-361.169995114224	-349.499254901532	-341.499175281832	-332.097638178755	-320.615232879783	-396.300052025277	-387.241992796143	-377.321553046381	-365.707142789787	-356.357534633825	-345.642965829526	-335.840159975542	-327.747992453170	-390.222070543183	-380.871701917358	-372.675624516389	-362.084591874558	-352.854728210192	-340.739735537863	-330.422459715773	-321.381284815093	-394.444597196685	-385.032155752738	-376.626760297077	-367.704215535519	-354.795902981212	-345.744155852906	-337.642532016860	-327.073095729086	-390.620203258917	-381.590094015010	-370.945723257778	-360.267358888043	-350.893477607417	-339.630823838581	-331.478809976858	-322.403497596412	-397.432635189771	-385.724658204109	-376.238099595748	-365.912642968316	-355.860451466323	-347.464706185162	-336.433117183808	-326.380001956340	-392.407802484195	-382.667883099541	-370.655130278229	-360.103824477351	-352.553436629895	-341.404531621388	-332.235381492500	-319.397142559797	-396.963251627439	-386.355989205057	-375.032028541879	-366.422380646378	-356.285498009144	-346.539456254265	-335.193404077547	-326.984761464097


templateZ:  59.5227901170224	58.7083995880696	60.0665886860704	59.1112654715303	57.9677027501501	57.3645937349270	60.2610193545195	57.5541076973585	59.0212167925559	57.2609026379014	59.1489733044494	59.4096783040286	57.7411819134680	58.8710310782657	57.1418226861147	59.4670895734962	59.0916002353041	60.5297219218598	57.4986480786076	57.3191064806902	59.3057051258438	57.2089225517404	59.0061539646177	58.9709701415255	58.7474153818499	58.9469479260453	59.1859196184015	60.6106048656549	60.2098273915847	57.6783804101471	58.5792093216082	59.4186252684684	58.8943230349852	57.2310846150882	60.2412145269082	59.2615652683310	58.4999592267853	58.6377244229642	59.4277308404621	58.2998238616004	58.2272952296504	57.2867335575978	58.2486810524167	58.0639936591458	59.1520308981395	57.9613519088482	57.1506346044044	57.5589225288974	58.8627887825070	59.6068992054165	59.6730774435637	59.8447152040424	60.1555237736791	59.9706815917067	57.8853582856030	58.0008213077300	58.8484240974622	57.9136491161903	58.0278329695572	57.9535941072662	57.4108136536177	57.5191224941110	60.3168392021976	57.6704637583170	58.6280243391370	60.5426807958823	58.2066733145264	57.9752935041202	60.1314735505136	60.5707360459710	57.1797571818947	57.6489049994111	58.3425914760587	57.9413746561805	59.5107453413184	57.7015662369566	57.9831623733982	59.3124744994923	59.3435950469281	57.7888010241376	59.7853038177012	59.2191634527955	57.3117447131149	57.3731234161252	60.5154236951333	58.2442227669091	59.1695649447900	59.8441025619253	59.9857595401699	58.0931216985855	59.5955107520980	59.0386602463261	57.7901069913699	57.8639396363704	57.7867156808482	58.5917218149387	58.5623960176244	58.2215707384874	58.5980142499239	59.8182126489089	60.0199280878716	58.4374935720113	57.6058852970166	57.2070899360619


seedPosX:   -49.7028480804973	-51.7170465834600	-49.7276180530452	-51.3636825075723	-51.9395960148731	-52.2663965275628	-52.0607112054421	-51.1115913247907	-46.8874757979292	-45.0830974228302	-44.6632342214202	-46.2072889288902	-46.8910397114616	-46.0289118611891	-45.5608406343054	-46.4026160433300	-42.3585079641752	-40.1094843940501	-39.9839038892590	-43.1906530964923	-38.8727573052374	-41.5292771186556	-40.9307233200897	-41.0015571499212	-35.0556980314116	-34.9226874355723	-36.2412840392982	-35.2110479812408	-34.0953201127751	-33.5512579179974	-33.9788194373126	-35.1913584170205	-32.6710888968207	-31.5486433391826	-30.5421080553802	-33.9794910635984	-31.4284545112611	-32.3808514765781	-29.6958653514692	-32.1072087093361	-24.2354482557600	-26.2346733568532	-24.1543213079882	-25.3957149513130	-26.6182237558894	-24.0056614250470	-26.1291601117180	-24.5356299299314	-20.1204427549170	-20.4934798111436	-23.2399297984144	-20.7107477032571	-18.5483054441904	-22.4865338611669	-22.7061235660234	-20.0049546756026	-15.9636619832828	-15.2050693589993	-16.6822609077153	-14.0377972446975	-15.6505158505740	-16.9810328345613	-13.5889854764752	-16.1577437952262	-11.9117214315549	-11.4490023287792	-11.5447245243046	-9.36213419266104	-10.4871140132043	-11.1884133385588	-8.77698662515573	-11.9281937536838	-6.12413180983057	-4.99223572994747	-6.85773056577033	-6.36031521056413	-6.70543864364965	-5.47575662849982	-8.78956295730515	-4.72743234138460	-0.653960568577307	-3.46083327787871	-0.237634613965022	0.143045298067306	-1.09319815851082	0.795673993773263	-1.43153890561266	-0.243377376624303	5.93065250762056	4.24812546992050	4.10342406935796	2.07158293019051	3.48133248359707	3.96046045256644	4.63486088091691	2.17988684452540	7.42286652420005	9.79087834483774	8.36493703754219	9.13059864050409	8.50716781571999	9.48779472227147	10.6833282678693	7.42114304884024	-51.5737981626188	-52.2121116084166	-50.7923193525525	-50.3564041266804	-51.8492944625460	-51.8156857727651	-51.9011945978661	-50.9133460496013	-47.7762553516442	-46.7368849407849	-45.1919196857535	-45.3705363093315	-47.1313717512020	-43.6208486170639	-46.6661441398234	-45.8321200161804	-40.9537892049233	-40.5637895155311	-40.1171906426598	-42.9654039568634	-40.4800979816301	-41.5182635340801	-39.6140578891064	-39.5637867467661	-34.6290654232423	-35.5075582758418	-36.3255571709055	-34.6856027114281	-34.7032423318626	-33.7377876836436	-34.7218827029077	-36.2531201941467	-31.3301159774544	-30.6217519781935	-30.9309429072563	-32.7013216859745	-32.1110506106346	-31.3098187073589	-29.9288490037770	-32.3544379787500	-25.0532814176675	-27.1824979042020	-23.7817127526445	-26.3470506996252	-26.3807790305370	-24.1103529489477	-24.3118845507393	-25.7046111612062	-21.7183551117615	-20.9934587787040	-22.6397389940038	-19.4336908553919	-18.9680245974940	-22.1416436927654	-22.1193631280106	-19.4883093506478	-16.8275426239954	-14.6774753532794	-19.0051547861537	-14.0756475175349	-17.4758485192592	-16.7435619675418	-13.3894243175913	-16.4704986463192	-10.1523174246742	-12.0226319673169	-10.6081825271999	-10.8571289747418	-9.38325971565357	-9.15000810739691	-10.0740880365999	-12.1850892531436	-4.74123070219046	-3.98206131427381	-5.78999881956687	-5.45398754227699	-6.35701607633737	-5.42306532938285	-6.86003064370649	-4.93896798647734	-1.14098341860648	-2.09512514581504	0.0464937760129612	-2.17348192293546	-3.00546640443423	0.483696134576123	0.503424872638242	-1.41957529402288	5.60581347247537	3.12911058881057	4.70067376848553	2.68584601665017	3.88666556922538	3.34581401121202	3.84953800450389	4.51337050387450	8.32769303857335	8.71226617559230	7.87349307667912	8.90320481401121	9.49015908450378	9.52011800444689	9.38332432220202	6.54281506185070	-51.4350785407601	-52.2778988631044	-49.7984973395707	-50.4930306241679	-51.8090681994734	-52.3700360542073	-51.8618694912933	-51.4502538772084	-46.3559308137663	-45.9225112746086	-45.6702603305878	-45.4015928238817	-45.4596606586117	-43.8178342755740	-45.7357539334753	-46.9379678133628	-43.2980478537659	-38.9604001126189	-40.3018827812399	-43.9446211332264	-40.8152707732226	-41.7591526555658	-40.8077607023399	-40.9005580124786	-35.3595160675207	-34.9893326432504	-37.2062523591857	-34.7238730243598	-35.2198173480612	-34.9773043262811	-35.2144437908435	-36.1565121732492	-30.9528741159046	-31.8468630955633	-30.6508465459951	-32.2215158255991	-32.2963493161543	-31.7831144585155	-29.7545126633185	-31.4258373284233	-24.3900643373982	-26.0211004124684	-23.7564333807484	-25.4346792789540	-26.7493323619831	-25.5839071942230	-23.9651718496571	-26.2034338841023	-21.1467934771463	-22.1859730942343	-22.6706042697709	-19.4167059435029	-18.4470218451881	-23.1088204580924	-21.3563433035056	-21.2842572477937	-16.9693770129579	-16.1692521657373	-18.4351477859012	-14.7198254347430	-16.6007073743928	-18.6172046295243	-14.6879675019543	-16.4795853759619	-10.0021088511415	-13.3150599439934	-12.1659727642260	-10.6605413621619	-10.7315225964938	-9.10549374496912	-10.7453309303846	-12.6238322124166	-6.35718518131575	-5.69511321814930	-6.96729277685590	-6.21212025383928	-6.31988763699641	-4.03243076448242	-8.85985070645490	-5.90628027780715	-0.808433266392900	-3.33717861231807	1.19961409531553	-1.15432475527887	-2.56331165514095	0.632147449073829	-0.404463418487967	-1.86763431383750	5.69594555269640	4.06407296305694	3.50654730648874	2.73685609329564	5.42011587463085	4.73135735821213	5.03849232430439	2.35932198164957	7.33287416589612	8.44984540567470	8.70656774458443	7.96345463779445	9.46778758953360	8.15058032859875	11.2111908474188	8.31313016554208	-51.3859143547196	-51.6992859323015	-51.3993558769927	-51.6843757862995	-50.7118296824761	-50.4523636958846	-51.9557024281188	-50.6140793609012	-47.4252658786542	-45.5335395092588	-45.2815094457733	-45.2358218392105	-45.7687911610475	-44.0387029834825	-46.4579832504626	-47.1789823860931	-40.9310006345579	-40.6160336171346	-39.3530925800445	-43.0210445736776	-38.3756843649783	-42.4541704331458	-40.8382175513185	-38.8017514478646	-35.0394150674141	-33.5159729710410	-37.1553382199159	-34.2130623428679	-34.4206902076631	-34.0206850207878	-34.9626154439332	-35.5512040743101	-32.9707354461061	-31.4837171856516	-28.6562512213486	-33.2768539852127	-33.1165223234606	-30.8405949991184	-30.9093658737718	-32.6404008194615	-25.4726266239834	-26.3597192958481	-25.0454256581530	-26.0074098573117	-27.4431719531319	-25.8304582661878	-24.5488402100123	-24.1855094407924	-20.7017864998698	-20.9184891426132	-22.0345473578612	-19.9677234624600	-20.5932905281532	-22.1660159558378	-22.1029630997449	-19.5879305152300	-15.2813241219906	-15.4569532070649	-18.9344346042450	-15.4148716201346	-15.5594115642982	-18.2009313140138	-13.4642432104545	-16.1972451722819	-11.2413034419602	-11.7066025095532	-11.6505505492285	-10.0756785904263	-10.1504380799206	-10.0679283548862	-8.93030518563454	-13.1726520043197	-6.86999494811735	-5.00767226512919	-6.76336248623464	-6.00094119902028	-5.44046270582240	-5.07531785662358	-7.07641942172639	-4.92590179910780	0.0575928554070165	-2.96993041936989	0.766396690694394	-1.41429670779916	-2.31688992828921	0.965936692750675	0.227061476681514	-1.92494161622145	5.27770746627281	3.57742363212147	3.35055072263059	2.55190939497098	4.71181949147266	2.24394512754583	4.59853278351269	2.48945522797241	8.61164326123128	9.02409683220972	6.92818677735351	9.79643787471001	7.89714677346249	9.24756173131910	9.42702014476694	8.14121846696642	-50.9597843511259	-52.5079724576302	-49.4978336008164	-50.0140404454062	-51.0271123856469	-51.2600490425045	-51.3075555481383	-50.4626889597085	-46.1702871326764	-45.5616635471396	-46.2436343081248	-44.1708464022522	-46.1348772000386	-44.2981529000193	-45.8046147776554	-46.9243740269057	-41.6173255864940	-40.5481961077465	-41.2032665580064	-42.4755910399845	-38.6447605717199	-41.7065880819639	-40.0133944166789	-40.5352152751593	-35.9469028269287	-33.9222723546576	-37.3415911686137	-35.3572864635805	-34.3152628571955	-34.0968617212697	-33.4957181757287	-35.2603935317978	-32.5348744616370	-30.4685161937126	-29.5202705540067	-33.0488272193665	-31.6104389403520	-31.9030281155345	-31.0795864881706	-32.7887963398657	-24.7032367614411	-25.4396287424840	-23.4967054977959	-24.1922974666061	-28.3403177096596	-23.7761928301767	-23.9831517091579	-25.5490546543460	-19.8744318302428	-21.1690876770341	-23.1854527133682	-19.2537043116210	-19.5661487315490	-23.5024347066275	-21.5695649676017	-20.5777880614931	-15.3917433912748	-14.2507121808273	-18.5377168547559	-14.3976429478176	-15.5958253050904	-16.4605360501303	-15.2757270490874	-15.5613368264968	-11.3878630077152	-11.8716125435419	-10.5427363052083	-10.4695036857887	-11.3358321040187	-9.80525902013375	-8.53362218001012	-12.4789365784728	-7.05621521807950	-3.55174837466765	-6.92239530776528	-6.57528962650235	-5.11964204781639	-4.22974433048213	-8.51390865253604	-5.88636742103014	0.874606170238204	-3.53196080202532	-0.0977099343525297	-0.202394064292582	-0.817134220686565	1.06150688831893	-0.0427624942083888	0.278926379699917	3.75785400753215	3.70193661080725	4.04663172653886	3.70975580247949	4.30247039956111	2.63560340596198	3.82667401802771	2.42010373354480	9.02494249392972	9.60606068173110	9.02677954954028	8.80340818592630	8.46537251425352	7.74979765351585	10.5872802105996	8.42758247138906	-49.5006200947874	-51.8934243621157	-51.5854300843174	-50.4324250423219	-51.6743706941608	-52.1040154980541	-51.5331587724091	-51.5767817209164	-46.5585904133441	-45.7052241939898	-46.0698587089415	-44.9965701402465	-46.2632352147543	-43.6843440149479	-45.3592411667539	-46.1158972259719	-43.2960921855608	-39.7827874689459	-40.8061123622453	-42.9517697793099	-38.7423708125748	-41.7692904491135	-39.8617005073588	-40.5047911977002	-34.3599813316346	-33.7253089503367	-37.1696119330894	-35.4471880481787	-33.7536728130670	-33.6778048567314	-34.9756955074172	-34.6249260785742	-30.9522535855857	-32.2441857173872	-29.4038871522213	-32.1142728094658	-30.9683206685491	-31.9524532758671	-29.4762327119800	-31.7210057393439	-26.5644149748500	-26.7635830743744	-24.2419644340761	-25.9678403173268	-26.1712319526508	-25.7097980653355	-24.8204769539424	-24.7118715993436	-21.0040699824636	-20.2050983281966	-21.7603711034197	-20.2364164468944	-18.4569025315641	-23.4077346763147	-23.1939922759986	-21.4346048052018	-15.5700196790516	-16.0942206294024	-18.8481458624034	-14.6339067452367	-16.2274294169244	-16.6842833103871	-13.5648910646073	-16.8147431215104	-10.0189396678580	-11.2808403801373	-10.5891350055352	-9.61147684922392	-10.4499817834055	-9.33387330587349	-9.90681475686003	-13.1994178192413	-5.13387958531529	-4.29321746287970	-5.94228051202153	-7.30577858004650	-5.05811274057460	-4.92605966989139	-8.57973074638264	-6.01795989399495	-0.969553983802808	-3.43256986241196	0.207305892937817	-1.21535870735058	-2.80031783751914	-1.02362406955599	-1.20242793677586	0.381693533507749	3.80826555750571	4.64599245689172	5.32040633552539	2.05673457061799	5.03791783019145	3.34382062343598	5.89470047127095	3.09487449292311	7.40223261690255	7.52445439069594	9.30267080134968	8.56180776339411	8.54865260376713	9.43538169945882	10.9359714157517	6.64298859922553


seedPosY:   -397.908933896471	-387.080251323082	-376.591387553792	-366.398841763630	-355.587263102102	-345.706367144105	-336.520273068095	-327.543597633680	-390.751415962037	-379.632420534403	-372.036230118006	-363.409771886720	-350.590554122468	-339.855953578822	-331.576688673443	-319.960056164994	-396.435626367687	-386.534910568020	-375.046975061829	-364.849441280786	-357.619511965571	-346.999002109417	-336.470291234383	-324.669316629437	-391.313133011295	-382.030633514404	-369.539539916497	-360.015847263549	-350.848163356718	-340.993534004092	-332.472602404046	-321.196179843817	-395.613361280663	-386.550408004166	-376.174185168957	-365.686345445461	-355.895239574147	-347.101916884154	-334.663490550748	-324.836802950789	-390.296314396869	-381.520326498195	-369.638903610228	-361.461368052480	-349.786613562523	-342.677715049901	-332.523355653061	-319.445666214624	-396.090960168995	-386.095146055052	-378.321665628751	-366.025507900065	-356.941819743976	-346.623954217471	-336.938330694079	-327.569524514502	-390.929091269278	-382.064602951380	-373.752075050444	-360.882408984179	-353.323258485339	-341.119201253986	-329.795726610804	-322.512824828611	-393.583094256321	-384.020487199835	-377.045283366700	-368.752112202592	-353.948126652789	-346.468295977449	-336.829099257404	-328.192519939083	-391.760906375438	-382.160609339234	-369.753423876729	-361.330259518906	-351.733430753348	-338.644104620111	-332.205549928318	-321.753740094469	-397.152025190988	-385.887607433451	-376.236291283213	-366.517746819699	-356.099903086168	-347.875984392897	-337.132291428964	-325.426663253745	-393.616791992750	-383.612901689761	-370.049580511028	-360.115031258641	-351.990180218192	-341.424091672772	-332.123078843838	-318.545823507938	-397.452693832173	-386.698209427448	-375.197985592973	-366.323363513299	-355.555270404320	-347.600943251567	-335.189193245619	-326.070182114343	-396.461331179079	-385.704805166080	-376.535865030589	-366.111299403254	-356.904798263604	-344.721994274388	-337.697493768206	-325.832289367091	-389.905065136471	-380.919866095613	-371.612928766914	-362.487702424428	-350.084220616608	-340.609852816041	-332.299884232273	-318.378148736141	-397.420529449357	-388.254647449520	-374.454931700241	-366.547094197358	-357.537818703913	-346.138782307947	-336.391009862601	-325.179659334725	-390.398709745698	-380.932865375805	-371.358056278254	-358.852513905237	-349.944342127086	-341.335214263034	-331.295705056349	-321.876992109877	-397.027688687586	-388.366081110563	-375.568712108100	-366.691996924211	-354.289188137869	-346.317332574125	-334.522602666551	-327.200932074460	-390.426283870306	-382.077456563418	-370.625350987073	-361.666659582033	-350.188319312489	-342.158934734689	-333.256579901271	-321.179508261075	-395.748214766320	-386.171729054795	-376.425648935644	-366.408459855576	-356.295789636230	-346.423966688255	-335.837422173975	-326.691903083233	-389.289546093824	-381.608944007618	-371.559662413585	-361.082014896185	-352.790991053914	-340.352574242615	-330.725061135742	-320.607160796908	-393.713050485760	-384.994763564628	-377.746445511664	-368.290742455403	-354.586649523652	-346.064922371066	-337.875643281786	-325.950470076155	-391.169131494998	-381.835564063480	-370.767076935200	-361.032839524763	-350.219029353210	-340.834200747603	-332.728716775544	-322.609553870828	-398.094090812481	-385.508261963137	-376.083669933024	-367.114096123855	-356.895759629189	-348.133479904875	-336.218312530844	-325.164619672666	-393.339241905739	-383.892733138944	-369.778175650477	-358.967831270573	-353.366909751168	-342.266375469683	-331.994182050196	-319.650888152722	-397.500135362334	-386.815312541139	-374.983414714815	-367.374794890087	-356.011110727336	-345.771421819195	-334.806029712249	-326.964402360250	-397.519954438347	-387.159150683878	-377.548763510134	-365.562705984831	-355.168880978455	-344.571740276551	-335.568562354670	-327.016811186567	-389.428224360217	-378.887956659545	-373.031148284848	-362.393817559848	-350.833427418956	-339.592929791207	-332.429733421024	-319.275804251558	-398.067541992102	-386.147717287349	-375.556000777098	-366.132058847747	-357.049431972341	-347.509339740428	-336.246945067167	-325.318241124809	-389.725729601702	-380.700969483729	-368.991198768273	-360.637159890663	-349.898285643621	-342.064654831656	-330.284763307860	-322.101518036237	-396.125300947521	-388.577011602157	-374.785827345163	-364.674872943416	-353.682822685468	-346.456594672256	-336.492937843905	-325.023102194828	-390.943895408939	-380.830299866581	-369.207448675486	-362.397387153658	-350.011265366108	-340.381168245744	-331.610047304236	-320.656897930591	-396.709095695444	-386.164110292701	-377.902664886815	-365.919857972460	-356.984806663615	-346.138393058718	-336.103293438365	-328.565917428450	-391.275637670118	-379.837253483893	-372.026603025379	-361.088245206956	-351.911019458012	-339.918054696583	-329.347709699263	-321.844824585598	-395.233846374920	-385.797632863985	-376.609353449181	-368.542646187841	-355.158547754211	-344.909688336871	-336.789027587428	-328.131883048938	-390.330175775756	-380.687136596006	-370.307563436705	-360.989196453766	-351.023609646389	-338.693216995031	-330.736370158833	-322.688015258059	-396.862073383515	-384.523357825812	-375.519511084899	-367.124815825127	-356.367822934805	-346.790761693924	-337.157064013062	-326.803411791846	-392.126464751408	-383.255862077538	-369.487560034444	-360.771686687517	-352.799241310569	-340.468401720095	-332.034256312088	-318.330781272882	-395.878380189934	-385.900325168200	-374.136182043361	-365.360693170769	-357.035794721905	-345.624724084574	-335.004393233170	-326.333962696443	-398.720381738794	-385.938634170337	-376.349513322736	-366.002326656060	-356.628773338145	-343.719766851429	-336.568658324425	-327.489972513713	-390.092504924525	-380.430595541409	-372.196403649510	-363.445814334435	-351.312221540442	-340.060424448351	-331.746233305238	-320.469290885860	-397.982619124410	-386.331682263012	-375.778034960811	-367.081358862701	-357.170630651379	-347.382736383271	-336.830101821426	-325.043529774619	-391.162463107146	-382.498955422628	-370.831083239639	-359.210575089997	-349.655822003627	-341.577304872851	-332.229567911908	-321.762338317390	-396.417532976937	-388.242535209238	-375.953945126977	-365.162032150777	-354.607009277927	-345.830003023651	-335.176562505090	-325.779348175225	-391.244558561564	-381.645073911754	-370.359194980476	-360.397898934085	-349.250902249975	-340.776080401774	-331.465146247160	-319.906595695060	-395.401970748795	-386.306580354952	-376.552455729558	-364.467861466405	-356.784109266111	-344.843068270893	-334.631698958679	-327.974988354774	-390.214306890782	-381.616699724144	-373.123432205075	-361.023213292116	-353.155519823782	-341.212050717425	-329.532716264498	-321.112124392074	-393.572421759812	-385.331014390357	-375.844310000755	-366.981329331155	-354.689370217028	-346.008175388951	-338.386247590884	-326.516840868389	-390.229262034212	-382.138728545314	-369.952802225102	-359.310135196658	-351.113614386364	-339.898550074105	-331.738805436812	-322.064054585447	-398.161323486496	-385.274222089930	-375.991713640760	-365.792128373023	-356.401200642261	-346.489930375598	-336.162686003464	-327.240726047317	-391.356692988878	-381.687375494353	-370.826381544686	-360.010709704626	-352.937643993935	-342.343290817167	-332.529510495280	-318.586433358530	-397.824494656693	-387.374071900097	-374.361112103264	-366.573735004299	-357.292987289191	-346.837036349430	-335.193631026076	-327.387644945884	-398.890530172770	-386.324344114708	-377.032534386157	-367.048996463595	-355.694153274021	-345.310881288546	-337.169037488515	-327.807306269692	-390.431203123740	-378.818850952812	-372.145381077236	-362.277722325061	-350.132096055745	-340.631337385674	-331.583508248278	-320.314145831918	-398.290258097524	-385.931093077961	-375.013541075998	-365.664166315115	-358.041099264157	-345.663744638101	-336.119396807336	-324.240285463949	-390.428292929659	-380.868113605240	-371.365135925705	-360.955116092850	-349.262206923350	-342.364485102175	-331.060122142008	-321.331753531583	-396.299710664232	-387.960562788648	-374.937159619548	-364.939172573741	-355.986320398799	-346.451184280644	-336.859682135313	-325.781395864226	-389.339465874697	-381.833794159192	-369.939195215582	-360.661063976802	-350.096065108061	-342.361622185664	-332.420429544137	-320.169628886882	-397.520774184213	-388.054231077699	-377.670524033352	-365.775305211183	-356.945765297243	-344.891019106647	-336.513262391493	-326.653742204537	-391.239708616898	-381.175822262663	-372.475408495181	-362.257757426829	-353.815876350515	-341.773238197663	-330.696342211187	-321.227034030261	-395.492976410624	-384.048196120430	-376.407868952294	-367.371017942608	-355.415287326967	-346.329429345328	-337.108318792674	-327.623301670323	-389.900767606579	-382.652249868456	-372.099652294662	-359.772212664877	-350.324721836333	-338.439587312037	-331.588585994530	-321.353484596858	-397.693337219147	-384.793142913979	-375.345064665754	-365.439680489274	-354.927558612547	-346.709934848937	-335.802021234334	-326.618470039300	-391.317551339835	-383.333759698856	-370.632872817299	-360.979552248596	-352.841526509168	-340.353313621748	-332.495140653830	-318.825957754620	-398.170934378335	-386.748856962738	-373.882524656808	-367.339252460398	-356.321940463764	-346.630065425999	-335.157084711191	-327.855432303078	-398.426438715332	-387.846246363897	-377.379182576291	-366.197651847868	-355.825142405312	-344.702286438437	-335.546258938629	-326.782487031578	-389.673758998746	-380.759632219893	-373.268510424622	-363.658974597149	-352.352986510248	-339.981345300302	-332.602164744958	-319.200651680886	-396.141555893965	-386.839088327975	-375.058200942377	-365.391885052098	-356.375535689690	-345.703385727865	-336.531772351557	-325.696378790637	-390.635551737539	-380.357955639045	-370.226596153727	-360.886713959579	-351.200192785864	-341.320136180040	-330.831377996246	-322.663826376929	-395.251163074136	-388.386582947764	-375.963971363380	-366.756190666592	-354.822346869615	-347.370604788888	-335.169337100082	-326.180138393773	-389.218025027911	-380.769668693462	-370.337554188684	-360.402285352346	-349.274214380889	-342.154541813148	-331.121426167887	-321.436443024126	-395.470712137141	-386.777810610503	-377.006958768915	-366.247083081893	-355.798642805333	-346.385788105401	-336.087286956134	-327.206692091193	-389.586384310590	-381.460537248694	-372.573470851572	-362.610368382255	-352.028898332117	-339.665395220372	-330.677763979879	-320.273878706553	-395.021325253385	-383.894075914117	-375.922665192377	-368.915274908802	-354.467644566983	-346.492591804520	-336.492172023412	-327.292037966741	-390.493487914766	-381.465111328882	-371.398581189127	-360.514610851392	-350.545145014784	-340.028555502395	-330.888787678249	-323.375730259641	-397.154717556044	-386.806890908361	-374.996445667944	-366.689908666401	-356.426393408116	-348.084257357996	-335.725016017761	-325.904165787344	-391.425633119215	-382.926749530748	-370.500049487608	-360.008861653008	-352.430716018502	-340.341064285770	-332.355106002420	-319.159479531847	-397.118862719109	-387.156830927710	-374.898779359504	-366.707284316794	-356.351829161311	-346.094904043466	-334.600081835626	-327.489982006016


seedPosZ:   58.6097195099495	60.4739340413337	61.8851743790991	58.7647963443226	60.3452936999820	58.6973045794503	59.5114052755196	56.7682555011125	59.1298461527323	58.2871543536962	60.5096710955531	61.7606745990446	55.2498264387233	60.5155604315113	58.2797719989418	61.5184611153266	58.9748136070899	61.2558631418058	56.8592004510471	56.9342344548458	60.8744877963355	55.4120491212846	57.7231773972023	61.2970215484561	57.6984970048226	57.3417709108128	56.7747618660232	61.8944795244937	59.0139663344166	57.6158672545069	60.8680387370982	59.5959193421716	56.9384911223300	58.2013362231636	59.3380475705982	58.6418899380148	57.1069619045189	58.1119206034586	61.4205982212350	60.4181350901141	58.6091373364329	55.1044415622833	56.8906655026499	58.5436020419101	60.2569239455880	60.0336188870458	56.9581432734578	55.8879593049540	58.0872026394945	61.1644219639054	57.8868669714286	61.0971572334306	61.5254733752936	59.6652429540098	55.8517698715400	57.4423393337405	56.5262506786864	60.0856338981049	59.2798381618409	58.3786083848247	58.1176805707042	55.9440911762798	58.7760300478209	57.7494315278565	59.0046543384936	61.4478976446815	57.4074343060553	57.0630026050668	62.2513693404243	59.8709902924266	55.9581626682831	58.6977952667511	58.9489944698544	56.8712023410386	60.7028413551171	58.7918782992379	55.7311400564665	58.9873776306041	61.1296112493975	58.8553689912086	58.2594881889968	61.6690943390572	57.9528152551623	59.2131118163998	58.7593897113715	59.2191695011543	59.6150602199032	58.1150769336973	60.1646481995401	56.5617078619203	60.7994051849025	57.9938281573507	60.0811590649945	59.4269531271780	56.4037883932120	57.1108323774815	60.7591448610615	55.9760080325523	60.1665206273002	57.3771197476696	57.9485694004903	59.5191977146652	60.0197812010053	57.6096772466996	67.2774431560269	69.4653789516808	69.2226082773347	67.5924922421859	66.0057195499380	67.5375241350294	67.7888830675215	65.3956199115132	67.9072338772847	69.6826972028570	68.5926311287221	69.8615649026047	68.1742843186131	68.0426558537579	67.8479270224802	67.7446616187500	69.8968705798560	71.6237608684253	66.3132664765263	67.0911409336747	70.9734359650343	67.3098043070645	70.6933454355843	69.9435483441617	67.2326757952820	66.6790487891841	70.8552840412920	68.5840092699493	70.0883894074194	65.9964742250016	67.6993921298580	67.4094240042885	71.3443217550143	69.2007401594692	69.6111014768399	66.9084416143994	67.6490079430163	68.1293948548295	71.2824800639085	68.3330280433393	67.3240974799587	68.3212712876902	67.9688519728204	70.5472489328392	67.7396465152329	67.2577738258625	69.3695754608626	68.1309164930649	69.6815293832203	69.4718280862384	69.3752737588394	69.4922396236020	68.1867773916599	70.1680978305508	69.7455216182183	69.5822405034278	68.6621900313730	67.9891329789729	67.8101188166202	66.4257849933196	69.2140562381733	65.1063247855873	69.5271321905900	66.4914569703728	66.8639704407684	72.7950711127635	67.3002996277470	69.6844616438812	70.9240238840675	69.7439171230445	64.8628878315499	67.6783022980110	68.8888957850795	68.7681967326181	67.4468419614285	66.0583831130447	70.4566932457124	69.6726932571951	71.7575464706179	66.4670793336494	70.2760445333891	71.3320633855567	65.3968328794745	66.8448138565515	71.9736043930441	70.2738182351517	67.5551503448016	67.9184731538691	67.6399921452545	67.1868158519648	71.3930470012069	68.2117094637857	67.6687777793060	70.0842088962035	65.4549778249511	69.2505834693169	70.1271305299584	68.2661648061984	70.9521961712674	71.6592973616756	68.7139084472536	67.6586150465944	65.3382946517730	67.5458225569689	79.9466867503212	76.3736602524234	81.7507824450371	79.9050585755023	80.0806606162247	79.5507129992996	77.8702704310309	75.4983512055487	77.4544674288315	79.2778166116503	80.9487513383107	79.6905690148104	76.4560584584321	80.7756590619438	77.8688129037501	78.4869913398075	78.9356604805892	79.7019313297764	76.8124945414641	78.6088037802776	76.9819718754741	79.2054356440909	77.5006927242977	81.3541541490608	76.6318583501734	77.5371908349929	77.3886670781221	80.0578233872441	81.2701820249330	75.3416133014273	79.3280251235041	79.3741053341203	81.2368778130860	79.3994771207991	79.2251841489866	77.7542020788549	77.0960495531726	81.0399998450843	77.0484684808388	77.7705504331443	76.9616379181253	75.0853817308609	77.1422992393823	76.0066404979551	76.8122255278960	80.1010488367165	75.3403715546362	78.7711502190525	79.7218248705901	81.7364000621045	78.2196872010203	79.9883808227967	78.6699131241332	77.8117540882358	79.4764300239327	77.7564506471983	80.4112025070865	77.6178146816708	77.1908734125273	80.2239061015842	79.7668517881977	77.1239179488158	82.7852050837372	77.0777165634989	80.4582877458646	78.8265969116513	77.4552049707429	77.5438545302980	81.2218844498289	80.8877197881109	76.4301620924650	76.6043592197834	78.2653670325870	79.7465097738867	81.4618577905489	77.8695544524472	80.2957149830003	81.3448333798816	78.7135077488103	76.0899407671049	82.0713884589888	79.6957754309158	76.5889633923088	75.4455980587007	82.7996208367971	75.7780742600842	79.9114181848449	78.3002496751230	81.1366550370891	77.6626886873070	78.4880245860009	77.3368003568375	77.1429293038641	75.7636138864235	76.0201160384240	80.2024134354142	78.3948763521374	80.2952540391517	76.9744696509697	81.2289216611760	77.7668120369005	77.2283975933968	78.7153006565361	76.1736709979488	89.0675905015745	87.6422063432796	88.2738519213590	91.3594613589688	87.5740200082857	89.3667203736099	91.6558147347126	89.6639558665575	89.3227470455421	88.6548892724928	86.9277002378591	90.6219747000514	86.6990076624611	86.4954956580098	84.7463249479950	88.3658661439850	89.2522382039121	91.7863311685787	85.7670605800748	89.6022250570835	87.7068408503967	86.7026321107021	89.2143768303813	87.2505396063145	90.8803975869828	87.4174766256334	89.1854606711178	89.0198679380059	89.7151572103575	88.5701761549422	86.3935391482315	91.8980571331111	87.8839651098013	88.1126360001069	92.0199115317182	87.7014751175516	90.2943257771298	89.6349896390098	86.9753568860431	90.7648282078507	87.0800498805696	88.8997646208105	89.2449111359582	89.6087583856202	88.0453604783985	85.8860015358062	84.7626836245768	86.0660749963503	87.9962084572592	89.2699784243050	90.1510519186123	87.6745663980260	91.8362592257380	89.4537387516419	89.2744652380438	85.7411344528960	86.6501678804436	86.0258884379704	86.5140111905935	87.0506796356962	88.5393151248304	87.7795889145826	89.9934612709668	86.7374293088233	86.2504066570683	92.6381730849325	86.6828102499228	88.7936284218936	88.3723370986471	89.1864809213930	85.6946144330608	89.0365737323788	87.6248338613355	88.7158725643407	87.2450834160324	85.4220526296187	85.6740319093721	89.7488388252222	90.1715067484889	90.1366479855755	88.2873157326947	88.3868090927552	87.5689684230239	88.3044223593757	92.3603994328779	86.3642901526929	87.3886354752468	87.7565859085509	90.2146108252224	86.6317699924546	88.2572177598552	89.3547027041805	89.1691924419521	85.9821630566642	86.3753803425270	90.2585794444709	87.7668590627471	87.0752787778606	90.5524281855301	91.7973656347173	91.8487238636339	88.5741570380933	87.4140593527708	87.4425029085738	101.051803467875	97.5914020984163	98.2250935182322	100.399702662876	96.0526606615871	98.7117175193332	102.332009386860	99.9273878264652	99.3314141228393	96.1116729033002	99.7381414565971	99.2401138495250	95.9000665064880	98.4575796395663	98.1109855459557	101.431316007302	96.7872095987174	102.993651764104	99.8302840062081	98.3329236064603	100.098070830346	97.6492336667108	101.442507837293	100.592247056376	97.6719271342383	97.8622001389637	101.011005952890	100.597086826585	99.6918961350030	98.1469157148243	99.2847451555405	99.2117774616360	98.6767574645624	99.2919697486188	100.502731373000	99.5853541484348	97.4675055895741	96.8623534631479	98.5328750751825	98.8476501905644	99.3233136023967	99.2565592714353	97.2830643541369	100.109236354568	99.4128031426756	96.0610610207485	94.8793876131727	95.2714288887483	96.5529466112334	98.4922110832203	101.928365336727	99.8915117892918	101.762967759847	101.422011229870	98.6181939953896	96.2860816567398	98.3905000169807	98.9400019496541	97.7608560187091	96.7118182977058	95.1340382803195	99.8121732458794	101.458332143221	99.1847448805451	98.4857715883327	102.006524170899	96.1866155186097	97.5601096451999	98.0519448275624	101.923145822703	95.9738265747385	98.2726132745846	96.5681676072127	96.6994499859803	99.8921507929859	95.2437479683020	95.7139433709269	101.433318042796	100.382308280111	97.3494508711249	101.298691439796	100.711050007852	99.0774403128723	98.6184481429481	102.334677268950	97.3808143274672	98.6611434890525	98.5670042904965	99.8499675290897	99.5787138488715	97.7579759679239	100.491763317042	99.6980375423229	95.8119346663980	95.6600396600936	98.3616188042817	98.6321461366698	100.076740906213	97.5205523012871	101.040597196350	102.365159349829	100.221360769137	98.6057633587020	95.8461187905034	107.247356059002	107.884003599831	112.108983486475	110.181174194741	110.312454594647	104.955065458548	109.413343616845	107.594672488812	108.968616119493	107.606724403113	111.433003762083	111.610589968933	105.306241547862	109.097172253396	105.597507557550	109.397460496211	106.696167972784	111.374881806765	105.229103415266	105.721992297723	108.575144172223	109.094395029669	107.718337572934	110.957714812778	110.643041072560	109.974346838427	107.453541405951	113.058544916039	108.077676992553	106.340681035042	111.025379142076	109.943021150321	107.858361653699	105.205862398323	107.798244999123	109.724429340762	106.309709929062	111.026172854769	110.469287810715	107.248439653223	108.255821793525	108.748194735877	110.020039548108	106.948488801512	111.104634466110	108.056170762066	108.408858481275	107.805225187773	106.921744554132	111.631054958287	107.527930603768	110.976620147159	111.575824202070	111.164161773840	108.944566315480	110.495140263505	109.852494552677	109.105204803360	106.051673179750	108.717466485347	109.515254206072	108.462983497142	108.656753545174	109.143127992574	109.979766854286	109.789210008086	107.515988660990	107.426161434535	111.760719010675	111.019745491379	105.406785252003	105.559370478611	106.382485188245	110.252096607522	108.629483536705	107.976407811118	109.832765177536	108.941954689800	109.786404525941	108.680678565683	107.457999345331	107.193641000100	108.622906192525	108.127444104351	108.825110358435	110.513000383406	108.396742755564	112.197072714055	107.778248296401	106.423595961509	107.219954431033	109.965899595247	107.881041410438	109.407023202985	110.213347039204	109.966099598717	109.713775669808	105.950970341184	110.926815647438	110.278540392370	112.395731615707	106.899836874008	109.755323034034	107.394008922362


objFunctionValue:   676.928161625652



