Dataset 34


dvh_array = np.array([
    [ 7.36, 2.83, 17.45,  2.93, 12.38, 11.87,  3.27,  3.16, 0.00, 0.00, 0.00, 0.0541, 21.53],  # Rectum
    [ 4.58, 0.50,  5.34,  3.91,  5.32,  5.28,  3.93,  3.92, 0.00, 0.00, 0.00, 0.0000,  0.00],  # Penile bulb
    [ 5.20, 3.62,  34.48,  1.85, 14.82, 12.72,  2.28,  2.14, 0.00, 0.00, 0.00, 0.0000,  0.00],  # Lymph Nodes
    [ 1.12, 0.76,  4.04,  0.25,  3.19,  2.74,  0.38,  0.33, 0.00, 0.00, 0.00, 0.0000,  0.00],  # Rt femoral head
    [13.71, 1.19,  19.85,  7.64, 15.79, 14.99, 11.76,  9.72, 0.00, 0.00, 0.00, 0.0541, 21.53],  # prostate bed
    [12.38, 2.09,  23.03,  5.40, 15.61, 14.76,  8.13,  6.88, 0.00, 0.00, 0.00, 0.0000,  0.00],  # PTV_68
    [ 5.49, 5.50,  148.67,  1.42, 17.00, 13.69,  1.88,  1.75, 0.28, 0.19, 0.13, 0.0000,  0.00],  # PTV_56
    [ 5.62, 3.94,  23.88,  1.01, 14.28, 13.50,  1.45,  1.24, 0.00, 0.00, 0.00, 0.0000,  0.00],  # Bladder
    [ 1.12, 2.46,  148.67,  0.00,  9.30,  4.65,  0.00,  0.00, 0.02, 0.01, 0.01, 0.0000,  0.00],  # BODY
    [ 0.88, 0.58,  3.08,  0.08,  2.45,  2.14,  0.25,  0.19, 0.00, 0.00, 0.00, 0.0000,  0.00],  # Lt femoral head
])



templateX:  -49.7682193722497	-50.2310673453700	-52.5464095788784	-51.4990637634916	-52.6021087339393	-52.4324914904213	-52.7260709359686	-50.9096921090658	-47.3649103051089	-47.7092858335045	-46.4981675676009	-46.2497884190300	-47.1851259713548	-47.2594423798341	-45.1927986120325	-45.7763688296571	-39.7115271430035	-40.7637961531737	-41.4064804648360	-41.5710640624674	-39.5950773085164	-39.4090401206959	-42.2056980739249	-39.4307347730069	-34.5801732547594	-36.9672624863411	-37.5321774054006	-36.5293561959355	-35.5549012787710	-36.5650841523018	-35.2394551751228	-36.3735895713088	-30.8851330931036	-31.8015770953840	-31.0252940309488	-30.0183311903097	-32.4397162943377	-30.5974717035310	-30.2462310188694	-31.0569422897081	-27.2527777972231	-27.7167363364185	-26.4167651313972	-26.9090328774762	-26.8502196409367	-26.3262068453792	-26.8866562925142	-25.4601319169723	-19.5491241025833	-20.3662000796284	-22.4416637977291	-21.2433176358883	-20.8585590222002	-20.9975610101755	-22.6413817651764	-20.8236619376301	-15.8951094416033	-15.2642567361406	-17.6115557227236	-16.6668269363963	-17.6261473055901	-14.8127675201903	-17.3904570729386	-14.9750485485422	-11.8010171973917	-11.3338680887865	-10.5081671185166	-9.85605696542728	-11.9039451292508	-12.0958143091673	-11.0128084658798	-11.5702102534157	-7.54703691983567	-4.86462599504570	-6.41387912716977	-7.40803717744910	-6.44363236709204	-6.37457670045755	-7.19644497224184	-7.66193084272134	0.520591546498193	-0.293529783029848	-0.980031220423037	0.286291409243316	-2.27056000450014	-1.49458736437674	-2.13230795143606	-0.0751566521411702	3.36410471523350	3.29934055587243	4.71192138826353	4.57239808416223	4.17352938142833	3.13286791842210	3.59896436621113	2.91593282841573	8.14020624481799	8.50222843176557	10.3875695584896	9.30706556707316	10.2655730965920	9.97700154368068	7.99554797115398	8.45025477330111


templateY:  -397.436720468656	-385.037841234109	-374.519707504948	-366.145568119353	-357.814242981576	-344.763301346443	-334.495799259068	-325.683971123074	-391.281556680923	-380.992475741607	-371.568919213952	-359.772079773290	-349.528818707630	-339.899709661443	-330.013402604528	-320.816562637390	-397.089067166197	-387.109383678242	-376.768411578363	-365.293829357267	-356.244874691050	-346.952190234430	-336.623862773667	-326.955348021787	-391.970878454925	-382.685402285046	-370.632242410276	-359.764421843013	-350.205555305125	-339.780488920320	-329.563083877317	-321.838098987043	-397.337560550803	-387.564085096254	-376.105136974202	-364.774187077388	-357.759986370082	-345.802520240575	-336.399609586968	-324.693418696400	-391.538074333174	-382.846811076788	-371.258360359971	-360.443678730893	-352.742101289181	-342.615805811092	-331.876083673366	-320.204002098809	-397.459027060834	-387.858903564161	-374.573800032678	-365.001844689073	-356.260932095377	-344.386011181660	-336.684514397905	-326.853263551791	-392.275524247137	-382.212138089884	-370.685921807991	-360.571040905513	-349.834048126135	-339.984823735313	-332.768858339236	-322.016458344098	-395.117318911366	-386.482134493290	-377.526915179376	-366.646033484095	-355.164151823339	-345.585049450337	-337.811945357129	-327.343722980248	-390.338578449291	-381.705393717815	-371.472688107860	-360.314536746950	-351.457608076222	-340.073723783147	-331.979267314914	-321.933643811548	-397.385884981123	-385.869844761031	-375.805349014966	-366.878287048319	-356.557116349698	-346.482459520787	-335.269384348254	-326.366643338555	-389.741913196061	-381.124421076639	-369.697288567525	-362.857988011660	-352.022429242500	-340.220528125949	-331.439031808614	-322.577734505587	-396.863243823746	-386.756058066876	-377.809021510799	-366.377744798126	-356.479689065951	-345.103446750389	-336.653101136213	-326.494103094047


templateZ:  57.4069603270752	59.9171996162303	58.7945482158983	57.2733187896285	59.5822150268074	60.3685870897482	58.7534990044944	59.4403325256335	60.2213334497947	57.7346874651765	59.9206188197441	59.0629687458600	59.8751898136603	60.5229993302281	57.5523907287604	57.4323644940768	59.1483473104594	60.2040932961964	58.6454873807501	59.1861080855347	60.3284317083030	57.7026063710880	60.3591596204614	59.1022942935353	59.1969739839706	59.6392592395916	60.2940206126929	60.2329989047284	57.5962654570957	57.9816068101092	58.4014290081851	58.3241745926583	60.1142138600685	59.5860101568421	59.4510864212133	58.9558024705413	60.0836874542723	57.6187984416237	58.6347767748379	57.5898647770126	57.4969834191323	58.5332451835312	58.4177309384381	58.3531000461751	59.6947869126101	58.1953324643931	58.2225088780108	57.2813154194355	57.7889415593483	59.9725198374281	60.5501997491228	58.4704008942251	59.6863883676274	60.2078383437265	57.1683827738290	59.6685828551648	59.5170259755588	59.0967297893666	59.2816316792447	60.2086777856661	59.8959790142867	59.7558919668591	57.3236230397654	60.6048913345448	57.8720552513533	59.8065992576522	60.5657270273763	57.6603176842280	57.6614779498884	58.2125711982809	57.6401833845328	59.9365123222413	58.9319940798803	58.3673621349662	58.0695660504534	59.1985721934570	59.2044766355520	57.7594272100025	59.9928062907162	58.1124136938430	58.2850859108765	57.4947263525498	57.9980357975940	57.5708346653380	59.7132155326298	58.9570402860276	57.4522666062262	59.1273368572896	59.3864135504209	60.4156415441122	57.3922339408832	59.0600105111708	60.3927664107147	57.1834241777396	59.8037723126074	60.4385647242557	59.9544951197320	60.1391310743517	57.1658581969822	58.5171548051040	59.4460191026525	57.5731638595829	60.4580085030871	59.8855117860123



seedPosX:   -49.9870806058148	-50.6928193826810	-52.2928009610264	-50.8153598938643	-51.7216054269264	-52.0429677310011	-52.9023151251440	-51.1162308504448	-46.5973296235549	-46.8247757802785	-47.2414983023463	-47.0568969435310	-47.6619633577166	-47.5897157592551	-45.0544833106210	-46.3213860936640	-39.5619185821521	-41.8326049389775	-42.1753107228502	-40.3915837853083	-39.7202294313931	-38.7842170882568	-41.3458880028897	-40.4612974952375	-34.1802872608721	-36.3903417060369	-38.5969002229935	-37.4363603814925	-36.0891261157236	-35.9730819731364	-34.1943284197045	-35.9120765628933	-30.2242471039218	-32.5819408005908	-30.4724550123961	-30.6728606174755	-32.1028091087084	-29.7013854294458	-30.7558218840944	-30.6337753473269	-26.0459969704484	-28.6510149629510	-26.4317730184394	-26.9600653898154	-26.8925411895606	-25.8549360449294	-27.1630696114834	-24.5773920605947	-20.1600572625428	-19.9643769002504	-21.2905435680929	-20.5881407446410	-20.6520109752777	-20.4954307195625	-21.8671493279357	-21.1953999480300	-16.5780419573407	-15.8309333465338	-16.7074867076351	-17.8434950513950	-18.3095849181965	-15.1181362443393	-18.5598154297810	-15.2831492894557	-12.7563105471154	-11.0102081198644	-10.0703042454981	-10.7565580091397	-12.9021630841485	-12.1024715750614	-9.88437449397721	-10.9464441408291	-7.10284234482795	-4.60325879964060	-6.03068583686891	-7.08245880493262	-7.21809744940687	-5.18527237111508	-6.43971026774130	-6.72581380761308	1.61127231789803	-0.474410590284708	-1.62283995036656	-0.274859121496799	-2.42380758563109	-1.97290889688511	-3.29597009773037	0.487264279133660	4.17833294391858	3.96114076928477	4.27657326984640	4.76176677449156	2.96126797837488	1.92832259153805	2.61002518265839	2.57814272615275	8.10441858867683	8.06733745737138	10.8805353566222	10.3259009709892	9.69283099601721	10.1872812500240	8.41624441462719	7.78530328883105	-50.7595772994223	-50.6628244803872	-52.4108729765199	-50.5057645676124	-52.7816099501717	-52.9085413091539	-53.6884962461749	-50.9808454291387	-47.0909724766544	-47.7261845002008	-47.3364248713502	-45.3151457062397	-47.5551026401849	-48.3833351592215	-43.9868354929536	-45.9351710904215	-40.4011481308391	-40.3416645315670	-41.4439794319314	-40.4268375583283	-39.0200460568977	-39.5391390645117	-43.2481131634019	-40.1432525521628	-35.2346994777735	-36.2237391599887	-37.8360988247545	-35.4168440427747	-36.6708882409164	-35.8155669757595	-36.1201172189420	-35.7240059311258	-30.4030467367299	-31.6758047484051	-30.8778623231875	-29.9316197087495	-33.1571240589562	-29.4596184731000	-31.2637087190332	-32.2091316327756	-28.0085366720135	-27.2690231572095	-26.8220059025221	-26.1769426266475	-26.2739370343497	-25.5511659208153	-27.7865797823856	-25.5458177856765	-19.4038603338507	-19.3776650219101	-21.8434659859759	-22.4651023544743	-21.4363036836577	-20.2841592642870	-21.6174758770418	-20.1563014256899	-16.3405973685109	-14.1755988097640	-18.3839724597064	-16.6018948722096	-18.0596933997652	-16.0485694547285	-17.5714618293223	-14.1003671674781	-11.5867305028739	-11.4411653043600	-9.60052865900332	-10.4116882412933	-12.0489270308778	-12.2983324941362	-11.2225349922573	-12.4662691786374	-6.43576095568431	-4.92223571601362	-5.45361565989759	-6.73370869179093	-7.22608275842269	-5.59248725300880	-7.16406631057585	-8.91046890328771	-0.244179678874125	0.576114749227670	-0.0701073910665725	-0.791764197842332	-2.77418188421152	-1.71396787351591	-1.09060580602933	0.0233062421177870	4.14669737595517	3.34177792670248	4.98757749657740	3.89678824584027	4.73210607404961	2.85583323232292	3.43933375554967	4.04974869437914	7.80128931787744	8.53856240639479	10.7967205680923	9.25737455871182	10.6263924493898	10.0194018992721	7.61729618498478	9.07762850128158	-49.9399053748510	-51.3740820801843	-52.6568431784700	-50.5328552087068	-52.6856921970071	-53.2100742863510	-52.1515593060013	-49.7131355758894	-47.5837943853802	-48.5809942659342	-46.0987264467508	-45.8367662781900	-46.9512186092023	-46.3824614853117	-44.8706509231291	-44.7595568431836	-38.6220568579094	-40.8429365578275	-41.3703321430278	-41.0151082572685	-38.9566326151790	-38.8029231382203	-41.0707692803923	-40.2165280487587	-35.0042339295958	-37.1737877349930	-38.2480835819354	-37.6990882975162	-35.5547402542803	-37.2322210723130	-34.1560626076186	-35.9312088867532	-31.6563370657654	-32.4419007906837	-31.9674590968925	-30.8287268832769	-32.3525722777463	-29.4936565854714	-31.3173152250131	-30.7337890528384	-26.8940950303250	-26.7015060193764	-26.5118510138293	-25.9119006645278	-27.3881519359481	-25.0919108779586	-28.0907824963789	-25.6895134604961	-20.7951488605593	-21.0198543017662	-21.8049207049837	-21.8617513231377	-21.1818393300874	-20.0737232398419	-22.1981009584552	-20.2334109784783	-15.7519134319261	-14.7386892650078	-17.0454617647330	-17.3406516659023	-16.9915895095867	-15.5577634331126	-17.0693829179774	-14.8682521778113	-11.1470218745736	-12.4419180075192	-10.3525409341816	-9.59733412684858	-12.3028465392914	-12.5285642766651	-10.9522411481358	-12.3626914212054	-7.00824479076375	-5.75907264006911	-6.94680385613719	-7.03622660840244	-6.83054288958447	-5.38988076426482	-7.08502569016161	-7.08284286151801	-0.637702918241728	0.931038450151614	-1.21769521618536	-0.162783324984709	-1.92872283719395	-2.48230982575262	-1.48466012093811	-0.570499589438530	4.19214414868164	4.02656848876976	5.09623166253433	3.55199628626850	4.50732463867879	4.21767595883924	3.15354821862023	3.80112768760953	8.42206582770375	7.84638528330547	10.9812045192813	9.67425815143116	10.9887797694316	9.76738702816697	7.85147134313919	8.91435472127057	-50.0140210558238	-49.6007131450783	-52.7729069826467	-51.7519819513183	-51.4123678409410	-53.1058457743493	-52.3999136518159	-51.7671560950773	-47.9483957342078	-47.0739737667946	-46.7069487405192	-45.6478855143390	-46.7414452481142	-46.7684416645725	-44.9202299487090	-46.2948112913790	-40.6751201136100	-41.5385318696035	-42.3761880231613	-40.3596806992922	-39.3444496382370	-38.3956698843544	-41.6196256640956	-38.9146791258413	-34.2063811224777	-36.5916043775524	-37.3041684710003	-36.9892312512732	-36.3925150700536	-35.5545267097077	-36.4733922047968	-36.7458671060825	-29.9242577558468	-31.3372437361490	-32.1684390479799	-30.4514005944004	-32.3301595409571	-30.9755627461155	-29.8370909947256	-29.8156772067007	-27.6027953758799	-27.9988283397092	-25.3812089597667	-25.8144253158938	-27.4558757906501	-26.6384279804196	-26.3010679264350	-26.4636073989136	-19.5226269976443	-20.0910279092048	-21.6559316650763	-21.3093175914083	-22.0282813872740	-22.1616140137653	-23.8502219651193	-20.3843085448092	-15.5605345588232	-15.3355358137778	-17.1020149912995	-16.9944641766165	-18.0958132706082	-13.6401831630601	-16.3997805228418	-14.5953247762107	-12.0306543855856	-10.4504869793588	-11.1900855097990	-8.82303306624755	-11.1578476255384	-12.4777744877700	-12.0703075285120	-10.3381174007399	-7.02123024697320	-5.27662534193735	-7.65113517703176	-8.45279469589997	-5.42210373557758	-7.49335328638826	-7.54424749282006	-6.97149550861457	0.171796304272835	0.151814477376320	-0.0513781245157008	-0.213932710975188	-3.39822976979328	-1.62453208451029	-3.09843640031926	1.01855563650905	3.55403056193586	2.26428949052150	5.32753091942026	4.04434041673578	4.41631523101150	3.91891085419210	2.75499247280333	3.59516515937746	9.07892566194260	7.82662976291682	11.1579837912351	9.53430999510612	10.7612161491963	10.6598150229574	8.46661388048375	8.67427225147051	-48.5633888694197	-51.4321492534513	-52.8441394498499	-52.1388327230159	-52.2165556461232	-52.7933668685067	-52.9304953655295	-51.7793570147701	-47.3014873543803	-46.8975604178636	-47.1567096945196	-45.0319915346043	-47.3402416659628	-48.4398264644397	-45.3584766133328	-45.0332852562526	-39.9182588758389	-40.6429835507718	-40.8360298601180	-40.7623608746904	-38.5947711648172	-39.9724758803415	-41.9080665711925	-39.0094053619121	-35.3816874595268	-38.1876199200766	-37.7212742436250	-37.6176264976251	-36.0197422360574	-37.0829005270366	-35.3369764075344	-35.8332774342003	-30.2335563266565	-30.7946108017768	-29.8534489039771	-29.2800660402492	-32.3966316345758	-29.7638557805748	-29.8406317053884	-30.3012145114436	-27.2730719515959	-28.4227277931259	-25.7474578218164	-27.5411487769083	-26.9100105943182	-26.5388908117346	-27.3710884608975	-25.6077944834452	-19.7370175971634	-21.1558287090815	-21.9973122415684	-21.2516142551984	-21.7889049185348	-20.0079288140563	-22.9994992037351	-19.8392623476332	-15.3490827301391	-14.1288860112292	-16.5043836861802	-15.9920774794814	-17.4595351733662	-15.2037919347670	-17.8363008380685	-16.0699864583437	-11.4593632438692	-11.6836342842897	-11.2218444471977	-9.93415077909423	-10.8122367181111	-11.8907687847254	-10.2703463188150	-11.3345007170126	-6.72347594750965	-5.56141537781791	-5.55745628489673	-6.39588729452005	-5.48988920602253	-6.15617931121654	-6.30599877859423	-7.53284623803483	1.01014597450516	-0.731113520616358	-1.10435434383316	0.511325279251258	-2.32123395313853	-2.24772746423471	-1.77510856168478	-0.0385230931431869	3.60082759840607	3.88571788022558	4.84288333299781	4.16661430968326	3.63078773656948	3.12934294273781	3.71890610087075	4.08218636777639	7.17504674736732	8.52399577264877	11.5068162123223	9.02827482631322	11.5133776503605	9.64197325399940	7.75010724760160	7.94272002299455	-49.9228389329784	-49.5946641146979	-51.6924859334697	-52.5890003449374	-53.0340542114540	-53.1087672770043	-53.5769678788046	-50.4795156290619	-46.4196052957014	-47.9655298808058	-47.3648154798621	-47.1921932125974	-46.8052707323508	-46.8567653542468	-44.6840862338319	-46.6407331908284	-39.1864083994906	-40.2928431735997	-41.5447032087957	-40.8268110780891	-39.8065430176593	-38.9990443911883	-43.3613347322771	-38.9379977342167	-35.3054050972659	-37.2028065058257	-37.7082989754201	-35.4277621386493	-36.3951341299790	-36.1507642143798	-34.3096940039756	-35.9706053508371	-30.7438335857058	-30.6973847047841	-30.2986824658527	-30.2866320577883	-32.6363927688537	-29.3816903476762	-30.6965943032233	-31.5223095587959	-27.7761381744146	-26.9233783980042	-26.9083393825498	-26.6339977400535	-26.0571738825583	-27.2191863580188	-26.3699041489967	-25.9452140673387	-20.2177325466278	-20.6632019233871	-21.8977634158171	-21.1695575233031	-21.4877118909262	-20.3137819800828	-23.1109317955580	-21.1250731488258	-16.5452063789420	-15.4261115478970	-17.6854688348059	-15.7829004640569	-17.7751598319781	-15.8450461933843	-17.2774409679684	-14.4060580034090	-11.1550075570352	-11.2293095610729	-9.64355864043812	-9.52914130013335	-12.9985684557375	-12.2399090075962	-11.5130589355224	-12.2249148005467	-6.39248929014046	-4.44559684907099	-6.18532233579490	-6.46682528585810	-6.78726944244745	-5.15112796317224	-8.14294628205348	-8.47973503759397	1.52619525202623	-0.841866863876905	-2.02760458964826	0.0142529851699638	-2.76248058600062	-1.93405188920373	-3.23695339343149	-1.07547926906490	2.47377871429429	4.30528384916929	3.88682907928094	5.64383167568029	4.83219266531692	4.11710848422852	4.39038866310894	2.75750776656181	7.50263031628145	7.29686495846233	9.76676442004411	10.2519893256289	9.33941813853175	10.0092590246108	8.19862293884502	9.31007597628289


seedPosY:   -397.742617652781	-385.636174371003	-375.527416291493	-365.827818566615	-356.821929810326	-344.952833260683	-334.596060172687	-326.194339946198	-392.510514711773	-381.193909761963	-371.483063718765	-359.451654724115	-348.538813117885	-339.017212807946	-329.556712942277	-321.024104136917	-396.253473654364	-385.943966691540	-375.608129353957	-364.624467259568	-355.257993355356	-347.787163003312	-337.474591416121	-326.521177258743	-391.810429402390	-382.054323047143	-370.279824213681	-359.210404562630	-349.407550056190	-339.421289958188	-328.970504835412	-322.011289645008	-397.636829445483	-387.748017875515	-374.916287560173	-363.999819804100	-358.881462286590	-345.463262378998	-335.689924722116	-324.723706201927	-390.994447578596	-381.887063817604	-370.009529148615	-360.754398587003	-353.691747845028	-341.996848013407	-331.303827129512	-319.212894418277	-397.326638272989	-387.372575786428	-374.784522968711	-366.026725709763	-357.272602598018	-343.526534824170	-336.942453031347	-326.386590035242	-393.132081064179	-382.702117483522	-371.439021026451	-361.532634620617	-348.767182615811	-339.085071310425	-333.320501148231	-322.385508495857	-394.719453344783	-386.330457817059	-378.054267891303	-367.114921814404	-355.539874483441	-346.012939856350	-338.988610967114	-326.116540990010	-389.221490738119	-381.031679384989	-372.011261388749	-359.846790532498	-351.858627619420	-340.990667287463	-331.210744477439	-321.630993853040	-398.069298781377	-385.043025049662	-374.980587534574	-367.169290316230	-357.457936990942	-345.801442241252	-335.639096321362	-326.595369144851	-390.945774653221	-380.478326948938	-370.068390383520	-362.524549834520	-351.171780133296	-341.042492450868	-331.482945825325	-322.909395149243	-397.061067398574	-386.953914902509	-378.699374437222	-365.599549131140	-355.467159122460	-345.856833949958	-335.807753503783	-326.111466193711	-397.002017240943	-384.134148814294	-373.636849147548	-366.953995101259	-357.104109502958	-343.520806200565	-334.360128392824	-324.903603584114	-391.757422649243	-381.262998101760	-371.116254716331	-358.532784007261	-349.377165863923	-340.034435615431	-330.727941874594	-320.685079952792	-398.062306598812	-386.615682810389	-377.159298334754	-364.641849047590	-355.911531902742	-346.998924654788	-336.630667230768	-326.801297867331	-392.252578384150	-383.928924819327	-371.570828846934	-359.164890745602	-349.978529686840	-340.732344571052	-330.143365802889	-321.212221373537	-397.213780676056	-388.236032575098	-377.254989096466	-365.447474579174	-356.799719246486	-346.160986650426	-335.789807084802	-325.036202846344	-392.778459965408	-383.899260224853	-371.843269795981	-361.133505628782	-352.523221010075	-342.963552269019	-331.407934224077	-320.126332571377	-397.145373091864	-388.877533756669	-373.604245504066	-364.285179241806	-355.053384592889	-343.941494025721	-337.236116354642	-327.902967980938	-392.185486673470	-382.255368531299	-370.336045885685	-360.599423839816	-350.653706953227	-339.503102313606	-331.643423512402	-323.010387499097	-394.280441617335	-385.306139585277	-376.449804288532	-365.548195087252	-356.039272281604	-344.533050969564	-337.667582580587	-326.655191437986	-389.606695951597	-381.535016571427	-371.175312560132	-361.275854772268	-351.963801164657	-340.316688783417	-330.842542961870	-323.156485431137	-397.294817283946	-387.113519136889	-376.629635101690	-366.049446876082	-357.196143885982	-346.278703562513	-334.487081232435	-327.398754514072	-388.946367414747	-381.775359779982	-370.277161114341	-363.426762097900	-352.714651488665	-340.268085948905	-332.615458639029	-321.536852734934	-397.076619901219	-386.747259316238	-378.421900290506	-366.319905662063	-356.311816348716	-345.037352817910	-335.685874151321	-325.900749404237	-396.541317078440	-384.975293663470	-373.659349936262	-365.133347574425	-357.205661589697	-345.640726845632	-333.672676585868	-326.267822766915	-390.058047571729	-380.224376095794	-372.320286087132	-359.051595951534	-348.998910373080	-340.458540267921	-329.965626421115	-321.956117534747	-397.586174287452	-388.076125180100	-375.567551103001	-366.410157934302	-356.000659979690	-347.765336669816	-337.602493868062	-326.057372778093	-392.660068810836	-381.557469238813	-370.802386192969	-358.546593866836	-350.398089807780	-340.869900708313	-328.912433173513	-321.076556978402	-396.874088072352	-387.807933958205	-375.897958132249	-365.083380693786	-357.780695219829	-346.256927101057	-335.408633995949	-323.481304512326	-390.453367984592	-382.495879299989	-371.790659213389	-361.277238596165	-352.542772980132	-343.813374842259	-332.751357609421	-321.420827402981	-397.921737457564	-388.210915067267	-373.554608254274	-364.945507500310	-355.273730830856	-344.599647171167	-336.279871330419	-327.090729275083	-392.585792004518	-382.571675098172	-371.272051958628	-359.342657371893	-349.113645973725	-339.396773534823	-331.635549588132	-322.754862220299	-394.480970115602	-386.921991755275	-378.078354448990	-367.580899167691	-355.008771736977	-345.550100410445	-337.319863976622	-328.222031876943	-390.118825821550	-381.562795082781	-371.002369798665	-361.272607393480	-351.666736637562	-340.579069847712	-332.226358851456	-321.321098766481	-397.081341829888	-384.668869465208	-376.955469519737	-366.416231503904	-356.232912800904	-347.207301827709	-335.230189070908	-325.890971442338	-390.249834286928	-382.227305415265	-368.995460463081	-363.123255262228	-350.854713354098	-341.413988647992	-331.566354128727	-321.725662153228	-397.768640340384	-385.901945699549	-376.587882845348	-367.253769910720	-356.708434425584	-345.763555162585	-337.030967277149	-327.368999557254	-398.671271121573	-385.157521878514	-374.933679845887	-366.410722531596	-357.914067052474	-345.189956323944	-334.169743017676	-326.908588158045	-391.251285523175	-381.454644856893	-372.193308518661	-360.185919130746	-350.173056331770	-340.561297865229	-330.022555495439	-321.457626084202	-397.194104549659	-388.232281211396	-375.814908278617	-364.296064373248	-355.275370756469	-346.295502980846	-336.556969091031	-327.441378937571	-392.340403661829	-383.431821961575	-370.763087835140	-359.313757572221	-349.693541763820	-339.834939434512	-329.974580561533	-321.474612263542	-397.896503209252	-387.465723661781	-376.593089096985	-363.630274056047	-358.642052373298	-346.179744792297	-336.739445940832	-325.010529864144	-391.066646738343	-383.642484059446	-370.348936877380	-360.139838787904	-353.937096573197	-342.059724820473	-332.672043091181	-321.033974182528	-397.428471913065	-388.034705461171	-373.330937588670	-365.504143434551	-355.654827969954	-345.235021220447	-337.154058681735	-327.329819446206	-392.918374918426	-381.900020183795	-369.657140687636	-361.465333617028	-348.695209118962	-341.100000584598	-333.447560282687	-321.496471590334	-395.845219786003	-385.761211467435	-378.096624530270	-367.748684669708	-354.325504621120	-346.474476470582	-337.062532345801	-328.019545912404	-389.819116437837	-380.845283661802	-371.349944807347	-361.027400690903	-350.432163317695	-340.607643826130	-330.765116474950	-322.162128455129	-398.310431569638	-385.528424879104	-376.440490921051	-366.918938517466	-355.670761550153	-347.660760399155	-334.327897197085	-327.303033073342	-390.266330422270	-379.957798370079	-370.615343387712	-362.501231712978	-351.580751635137	-339.330972564863	-330.877593437025	-321.620319187216	-395.720704607429	-386.120425175771	-377.941212294950	-366.494045967218	-355.827224987709	-346.102778276223	-335.969786017826	-326.690677682887	-396.842229044385	-385.653965128631	-374.326045288740	-365.185950925100	-357.045179095940	-345.516533667517	-334.052908648080	-325.320443265439	-390.781875756702	-380.795334680866	-371.753293717913	-360.670695551574	-348.996824397031	-339.277956463426	-329.220697942346	-320.926593686240	-396.026893069865	-388.127682140283	-377.160528620854	-365.547908202578	-356.284288880017	-346.549114308074	-336.220823999908	-327.645236878815	-391.617451090855	-381.608430727568	-371.656832930269	-359.069591935011	-350.106537159406	-339.829687610963	-330.032344236906	-321.491067358081	-396.378590406533	-387.863924242506	-376.589335671252	-364.775779700279	-358.545855351874	-347.028888348410	-336.001388015588	-324.790005754283	-391.757979702222	-381.966894599155	-370.605589482686	-360.213056171044	-352.574506546810	-343.059003574066	-331.644071990374	-319.954660616648	-397.148855919512	-388.254385354813	-373.581610716143	-365.801027099885	-355.881355032870	-343.495158063986	-335.819045618416	-327.900396445633	-392.826165047872	-382.295971379475	-370.868969169219	-360.004050794367	-349.369451223029	-339.571660687963	-333.775917715443	-322.136107754572	-396.288849513484	-387.294311806250	-376.703720860508	-366.587963519958	-354.679711512254	-344.363153104508	-336.942612589918	-326.897146751136	-391.322227495680	-382.454948646571	-370.784211353917	-361.302198153978	-351.046884772829	-339.696703032268	-333.062270518511	-320.825050632790	-398.478597600194	-385.004015638109	-376.831649495968	-366.967049640223	-356.540392859581	-346.574487229012	-334.433264796924	-326.138516416292	-389.094202465779	-380.855372228479	-370.271475922744	-362.088938837618	-351.654959537959	-341.310386196449	-330.683627487972	-323.142680222455	-396.608478303997	-385.625462200586	-378.941509693493	-365.293809797155	-355.744282658515	-344.873488596679	-336.642271473958	-327.318960515024	-397.823867284938	-384.907229910926	-375.530174720529	-365.556156602842	-357.408616247084	-345.251532528800	-334.645001821406	-326.915294400380	-392.293778869266	-380.531854994211	-370.872252821713	-360.297419986803	-348.425167997524	-339.492008874044	-329.705852282066	-320.224265950989	-396.433391040247	-387.146822456935	-376.147665849032	-364.080704399571	-356.207302566211	-346.058850274008	-337.590112587194	-326.323030003052	-392.165921655832	-383.481938561691	-370.338649474113	-359.334189092805	-350.891359006298	-338.842094540403	-328.530320040262	-322.667820527945	-396.550142362499	-388.754357871278	-375.743989790920	-365.925015084379	-358.119798061281	-346.310897816181	-336.278361309806	-324.136672608836	-392.573070875734	-382.270861764875	-370.167516666434	-360.038151659251	-353.729255792071	-343.652873831174	-331.012394490837	-320.673489660285	-397.549063877372	-388.611354725444	-373.838538558990	-366.194051393510	-355.502564378868	-343.398407093435	-337.792348501967	-326.442994786227	-391.178631404056	-382.034690196519	-369.748814342261	-361.122064830724	-350.208038583938	-338.994791356180	-331.589491920560	-323.023865700260	-394.116089057735	-387.359349959756	-376.505767145448	-367.003436769020	-355.241899890521	-346.574162399337	-337.753339071001	-328.428414923441	-389.858390202302	-382.909413395791	-371.728455776634	-360.381990735133	-350.859913020746	-340.094056509571	-331.958165105673	-322.961570550112	-397.962695695075	-385.790993251469	-375.629803569073	-367.323731742846	-356.913787426445	-345.357813703582	-335.422089193085	-326.050939165603	-390.445878367270	-380.235158976408	-369.123060433954	-363.401183544783	-351.663644565475	-339.368702198168	-331.626340610611	-321.698773782876	-397.295796753074	-386.998145370552	-376.599659371651	-367.100720091662	-355.511570377282	-344.707139105549	-335.678389118585	-327.123269921310


seedPosZ:   56.7301134229221	59.9569104616910	60.7303620156057	55.0216632509480	58.6219237174830	60.4327446590572	59.5526770220280	60.4814199946367	60.8961465894316	57.6636931459703	58.2693025621454	57.2668448119908	62.0898873080482	58.5951190623326	59.2648614115136	57.6136627958084	59.1419534139061	60.3902470973346	61.0733600966658	58.3387733733284	59.4254726308532	56.4485540928576	62.5341780663181	56.7426648316918	59.7379273142619	61.6694496602240	62.3573443133011	62.3832226864660	56.5485714550230	57.9438609784543	58.3570017081810	57.4240299004537	61.1530240542436	57.4505693620752	57.1006704476421	58.3949739366487	59.4802025016406	55.7322449282022	58.9250229300622	58.6744320118945	56.9992920651383	61.0026234329087	60.2283673131231	59.5518766761067	58.4245726056166	58.3214018865776	59.3076433429388	58.8665450134373	56.5492819542525	58.6068668535491	60.2054173202227	59.1698174238218	61.5650740336670	58.4474477134353	59.5024315968109	58.9016850213233	60.0987286667161	59.0263754829861	58.6430148232731	61.0163201873895	58.8957796262028	60.0911400144691	58.1737648106591	61.5505664921565	56.4363166487879	59.5927388422087	61.0196767433359	55.2860836232559	55.8254942015541	58.4370049743909	58.4453786576680	62.3602205533134	57.7550061642749	56.3599290498321	59.8086561476574	56.8075461381848	61.3020426879616	57.6837304982642	58.5687695012438	58.0342141488834	56.2829953086153	55.3616258135984	56.9921673195064	56.8439553884559	57.7836209666485	59.1015530737221	57.5322770442176	57.2594552219247	60.9298176961472	61.4035776014618	55.5393955238525	58.6241096375255	61.3277787830150	57.1264228116092	60.4373928081494	61.8880892603659	62.1731996103063	61.6485353975289	55.3307344959390	60.3588005426145	59.5456509647745	55.8083069965845	57.9850903646613	59.0740230126294	69.5435641798484	70.9439935540427	67.7195972715536	65.2912196590798	68.7612001231539	70.7557889762442	70.1086342576016	69.5971117045853	70.5703644245850	65.2827944293148	68.1129113835803	69.0855867157643	71.0822144769895	68.0803931937179	69.5649652728321	67.9748131438514	69.4353735758319	72.3939156493355	68.7117646981572	70.7671786320578	71.0564587578152	67.6962697171779	71.7188864394493	69.8954066129133	68.7913755010710	68.7341568857889	72.2783900085273	68.4709650987376	67.9296047820348	67.7086114455314	69.4219454723896	70.5055610667026	72.3614143746414	68.3887665624648	68.2432328344225	68.0889673969666	70.2949070686876	66.7804680474834	70.5139907488836	68.0162609830184	66.5325798098615	67.7674827062644	67.8249208442716	70.7621415587775	68.8968808411339	69.1726148978268	70.5318342217893	66.2063848056191	67.9134170869100	68.7054982484482	69.4343521806593	69.0501983828041	70.1885241392920	68.3309617852887	68.0987721709631	69.7025514421024	68.7442653637688	70.3872181104060	67.7331109760787	71.7754942438113	72.1659157508859	68.1237753868135	65.5493962073807	69.8814460125694	68.3574948703239	69.3797988990052	70.7556927048376	67.6369446241795	67.3004687045525	66.7875753139057	67.0357003633048	71.7011020578480	66.5496356823717	68.5056492228387	68.1927942643768	68.7007940845041	66.7499395081033	69.6705390267358	72.2261019474429	70.4410285723919	67.1934697928510	66.3962469499149	65.8398466260919	65.8057129224634	70.8509530868659	70.2773762304188	69.7881300233909	70.0327715573864	68.7738174009656	70.0920081846388	66.7116291230966	68.3162474126473	68.7993679743384	68.8297518090412	71.4494861917022	69.6905260793973	67.6752959407629	70.2839651305873	69.6173758256825	66.5318862222965	71.1012334139239	69.4638514260986	71.9203638440357	71.3613061349137	77.0126382860107	80.5858798242776	81.0937326283020	77.3529876353922	77.7893156149986	79.1920713278097	76.6417740324265	77.9407470240157	80.2950397987179	78.7682172215021	81.1599086391877	80.9838830719598	79.8935954645835	80.0943586416292	78.6710907806644	78.8505386439109	78.1971671510653	82.1199345200505	80.3187931654572	78.7296287359719	81.6980428820377	77.2321399352632	78.7090377076979	78.9856732573583	80.3738686400617	79.0385718431502	78.5861341615871	79.9732857184719	78.2209115184313	79.1427966255649	76.8603822511492	77.6954109432206	79.0535562657281	80.0255143720073	79.4655625739274	78.3393209799009	82.4665798316985	75.8138754330866	78.6383396620330	78.4327416712105	79.2612379798094	80.7603856273647	80.0989219798360	78.4339688303515	81.9731750864432	78.8703643904902	77.0031910641401	78.7099178123640	75.7577257511769	80.8437215338352	81.0413799517270	76.8640863598772	79.8616555638104	81.4406459232890	75.7499742739547	80.1315116239482	80.1925958850533	78.6839048341577	80.2206866240151	80.6700989304961	77.6769242079301	80.8723195730351	78.9089818497733	78.6682827999667	77.1220589088358	77.6483335785575	79.5877872682850	75.7074822059012	80.0601711864251	77.5955674659293	76.9915745487413	81.1187128158312	78.9042501022374	76.8987640641686	75.8791862300220	79.2851871183890	80.0856699935812	78.0386503096304	79.4594992108502	78.2129568826773	75.8680763852085	77.4691440095542	80.1908302265069	76.4949301454142	80.7191488807093	78.5977701014948	77.5397718688762	80.1437771748542	79.4947836267590	80.7716396815917	77.3432797546386	78.3770089929560	82.7385592141308	78.6793594488439	78.1046335186034	78.6370033051025	79.4087592549986	81.3376257849096	79.1372441741262	77.8002138184038	78.2150109767510	78.1700640521620	82.4383473922954	79.6231591559392	88.0631385779192	89.9740016977099	87.7004944682146	87.5377342533529	90.0069980198243	92.5079653150980	88.0170945788324	88.6718946176290	88.3018180826512	89.0542474305820	90.6965210640990	87.5846876333094	89.9240551448332	90.7907164442856	85.5591334272324	89.8372136811792	90.2024097526105	88.3666148630376	87.1251653508121	88.2367490813402	91.7718602950992	87.7819271392946	89.0349209015918	87.2792761186497	91.1027765263171	88.1824970898118	89.8509138515066	91.7944337775881	88.7154288637174	88.5643665426110	90.2104704479380	90.0292226625986	90.0259649748607	89.4337493974539	90.4189038832255	90.2452345661872	87.7399628526389	85.9308834263373	89.5053887168546	86.7480048482358	87.1604664371070	89.2023365303231	85.9410894439965	88.3378237859340	89.1268476847749	88.3685898848199	89.1978378284580	88.7059010357602	85.5973713622370	91.9899831395708	91.0574297552476	89.5304632938653	87.8620566098497	90.7706307787329	88.6645833841631	91.2025982731545	87.2447323551071	88.0619402733460	87.4423482517192	87.7181104808439	88.4999084289466	89.5365253179898	84.9667416841958	92.4653672658009	85.7660797252128	90.4182027474896	88.5711815545706	87.3280815442245	87.7981482250304	89.8819146880949	85.5303223650019	90.3080940278411	87.7327405201006	90.2942015444146	86.5192314077103	86.9774666654305	89.2478052976606	86.8626953767359	91.8984040621678	90.2205170724430	87.7461054988691	86.3785946914437	86.9282216318993	85.8875033070890	89.9380716935153	90.1122517466329	88.6348862208814	90.6920079421923	87.7969935069421	89.7531647885593	89.3989901173795	91.1482957292188	91.5408130446261	86.0646485873698	90.3556490265359	92.6235924582364	91.2895865642512	89.1576965412034	87.3644793246872	88.7591386962848	90.2157578703178	86.5344756785698	89.8491523567492	91.3523685035578	97.3639774207559	102.102701805571	100.036736348723	97.6724280258224	98.0779104724050	100.778180877678	98.9505826648128	97.9313272144032	101.624389545918	98.5868017917687	97.7512216988771	96.8961667954640	100.192317784433	100.998919381209	98.6485402050594	97.2526487258196	101.320788388610	100.840755798889	98.9252187081301	100.177941871601	99.0828656565279	96.9908510296923	100.134446714393	100.539297983707	101.208667379348	100.450235445521	99.5175454400282	102.628945983993	97.8981566684937	97.1952635080990	98.9917631198809	96.7871335468099	101.047639280128	100.813589377279	101.944326339998	97.3761575236424	97.7304568376515	96.2724326858381	96.6927574134261	98.0278267453146	96.2741736892890	96.5360212417141	98.9062485892424	99.4788335641619	100.253932640194	99.1745949838258	98.3298843551818	97.9955838454244	98.4940647014163	97.5640668028698	101.673133347443	97.7048651292140	100.860356880900	99.6249690137045	96.7487205405364	98.6129511462865	98.9000984539678	99.9271878174311	101.486230797671	97.9372061733326	97.9721863876264	98.8084288220728	95.7751237624075	98.5647085100678	95.6400957352126	99.5343466630413	100.216681994036	95.2040375872643	99.1780907520815	96.9730162009952	95.4882563054011	102.081254477479	100.313926498414	98.1497783825363	98.9154332539740	98.2270872167753	99.7170300425452	98.6022687956974	102.278957762463	100.019113849310	95.9309834865461	98.4595480660648	96.7620676954273	95.2855852491099	98.6918535134306	96.9228790883502	98.4419715973571	98.0796777359614	97.1451879874953	98.1296095540897	99.8092986220222	96.8021168194079	100.108326277856	97.5352788249897	100.378912493171	99.6601873365237	102.005155747830	98.5412532239106	96.1868971631333	99.6643283225750	97.3247763646744	95.4886374304566	101.596833288154	98.5528507321731	106.914151310038	111.968671036265	106.574033794269	105.962098719219	107.666086511358	111.797114932879	109.999842902200	108.711301345952	112.292085679987	110.025388812231	111.353266762116	108.045530356637	110.529776807799	109.368638504348	105.885784028066	107.567704945949	108.157235101680	110.219652894362	106.661998204857	109.440346671333	107.859135816421	106.730348820014	112.672443871457	108.865470635460	108.856915458478	110.523433055707	109.057058540010	109.386449408543	105.190392627500	110.104582518393	107.816707303411	107.999149864716	109.594140913832	107.087239386726	109.925176684064	107.245306335059	112.455951669566	108.405461379161	108.845090663042	106.825075665598	109.766522450953	109.866037845132	110.107483040117	110.072395316789	112.156716396715	109.569130588372	107.677505231118	105.513040241387	106.667934833595	111.128057977269	108.590035212195	106.405623829346	107.929226997416	109.662923853262	106.600719474925	111.086789534712	107.589586582536	109.516758183869	107.657552773103	108.600907929757	108.941018322342	111.808153471429	105.645761203163	108.299312175838	108.209899068355	107.766600946474	109.136840188305	107.462409507710	106.211111827576	106.433146246648	106.120576023726	107.441540132955	109.705234603859	109.658262658474	107.313381031282	108.722571849516	108.328799976844	107.612542924123	108.131760359572	106.542657064682	110.380542012872	109.370682994176	108.598979007428	107.511608231404	110.464122732240	108.280496774630	108.938393687402	111.127864687154	110.319319347228	110.965207146163	108.574086116733	110.399954201386	111.795376056917	109.054869733539	109.395559623510	109.891882012256	111.803995660506	107.841886597362	109.141600992394	110.950918299228	107.307575853597	106.714192762485	110.734777827112	108.422290310406


objFunctionValue:   634.878703299985



