Dataset 35


dvh_array = np.array([
    [ 7.86, 2.84, 19.68,  3.19, 12.61, 12.21,  3.58,  3.44, 0.00, 0.00, 0.00, 0.0456, 27.52],  # Rectum
    [ 4.77, 0.51,  5.60,  4.08,  5.55,  5.53,  4.11,  4.08, 0.00, 0.00, 0.00, 0.0000,  0.00],  # Penile bulb
    [ 5.69, 4.57,  58.91,  1.99, 19.36, 13.28,  2.43,  2.26, 0.13, 0.03, 0.00, 0.0000,  0.00],  # Lymph Nodes
    [ 1.19, 0.81,  4.30,  0.26,  3.42,  2.93,  0.40,  0.35, 0.00, 0.00, 0.00, 0.0000,  0.00],  # Rt femoral head
    [13.68, 1.25,  17.65,  7.65, 15.96, 15.13, 11.00,  9.34, 0.00, 0.00, 0.00, 0.0456, 27.52],  # prostate bed
    [12.39, 2.12,  25.78,  5.53, 15.91, 14.91,  8.19,  6.99, 0.00, 0.00, 0.00, 0.0000,  0.00],  # PTV_68
    [ 5.98, 6.32,  130.27,  1.51, 22.00, 14.54,  2.02,  1.87, 0.51, 0.32, 0.22, 0.0000,  0.00],  # PTV_56
    [ 5.71, 3.93,  24.86,  1.04, 14.32, 13.61,  1.51,  1.29, 0.00, 0.00, 0.00, 0.0000,  0.00],  # Bladder
    [ 1.19, 2.70,  145.52,  0.00,  9.70,  4.97,  0.00,  0.00, 0.04, 0.02, 0.01, 0.0000,  0.00],  # BODY
    [ 0.94, 0.60,  3.21,  0.11,  2.58,  2.25,  0.28,  0.23, 0.00, 0.00, 0.00, 0.0000,  0.00],  # Lt femoral head
])



templateX:  -50.7617066470510	-49.4666284987538	-49.5252752447728	-51.7919332975484	-49.4718749377960	-52.0055310001588	-51.3377652601721	-49.6180178549210	-46.7369677352154	-46.0807859341691	-45.7597644552535	-46.7134007633771	-45.8290824783862	-47.1187692491120	-46.6791061125523	-45.0917149901782	-41.5285321986983	-40.6540657245634	-41.5250432909633	-42.3943816492518	-41.5409452184103	-39.4643606901151	-39.6465947510559	-40.4686103354066	-36.0431585484432	-35.4888082828719	-37.6585483208289	-34.5032370390732	-35.0772674941148	-35.1118767331381	-34.6061236602761	-34.6356971265566	-29.9351341729665	-32.7178027108016	-32.5943156689159	-29.4348761086239	-29.6234218477893	-30.4674356269543	-30.2069504287739	-31.0188112839142	-25.2046251399652	-24.8731803125448	-25.3116496718238	-24.6876005695800	-27.7113876631937	-24.6508299644682	-24.7860724297760	-26.4719655927983	-19.8218199050665	-20.1727160732200	-19.5198847400621	-21.1309420419586	-21.4214909831481	-20.6551170404060	-19.7146892501207	-21.7558328430376	-16.7058105073277	-14.4652938151606	-15.7666573931111	-14.7888003130889	-16.6649078996937	-16.5943110432717	-16.3322383399546	-16.2967006700222	-11.7690793969595	-11.9496885484494	-12.6524378463600	-10.7677966334955	-9.89103421138126	-11.8675378797846	-9.45676277588587	-11.5135972291836	-4.92813154701022	-6.75836369174309	-4.51187141563166	-5.75323070530727	-4.67707171407911	-6.61902636589652	-7.84077822176120	-6.10559754410194	0.219720447361525	-2.56811974685859	-1.06777885386629	-0.844836680205571	-1.50453663618768	-0.823755162515178	-1.88384211402332	-1.23116600499056	2.49042565047531	2.53171430745191	4.82108201990649	4.39482774610578	4.24094179794269	3.04740445142323	3.76203754917481	2.92746704152860	7.45741719163347	10.4165541262965	10.0118995255476	8.64767601651263	8.80647282501070	7.91937146074869	8.87589749218579	10.0201989326817


templateY:  -397.650796596568	-384.652640752839	-375.205780732358	-367.134813173411	-355.227346590160	-344.407754326513	-335.594451082857	-326.519511565730	-391.492695271803	-379.702862382807	-370.812758785666	-359.628089548915	-352.062189175753	-341.354669133377	-331.143080934256	-321.588924589858	-395.597548598305	-387.116729816708	-374.954791512606	-367.395195112435	-357.622065459971	-347.478381921050	-335.923692239469	-326.826653869763	-392.838386934612	-382.337600479915	-370.873902582874	-362.490723965402	-350.373726769237	-339.984638907420	-330.575153647098	-321.964908179710	-394.386515310343	-384.602573712204	-375.138051846338	-365.802816634043	-356.847409173599	-345.740484378237	-337.556460952814	-326.959643804558	-391.297537694603	-381.977866178810	-372.082991673514	-362.828898077943	-352.161984840943	-340.954168835707	-329.713627789658	-320.482075314347	-396.630870460158	-386.952275101349	-374.882028348555	-367.415993482482	-356.751300446381	-347.091151500635	-337.102313608569	-324.894065162366	-392.492298791552	-380.346131926187	-369.427079768778	-361.395923553991	-350.608646267588	-339.543463764502	-332.178709623439	-321.608703233243	-396.597324969252	-387.214372078339	-377.021458225740	-366.104407082240	-355.317580465046	-346.356601646981	-336.487451616352	-326.812453374542	-391.337859562827	-382.402968590350	-372.230531685675	-360.932342542166	-351.951556825319	-341.181780472817	-332.562268271666	-319.603514748998	-397.151709780305	-386.747210150648	-376.548047484340	-365.808208759028	-354.934018561822	-346.200800921123	-335.975374118557	-324.508206027216	-391.971848218761	-381.941219692716	-369.893938368831	-362.786120324090	-351.015416242525	-342.199462096866	-331.851748680418	-319.408317823315	-395.503961046189	-385.474654322007	-374.828124486516	-366.990360502815	-357.782244905743	-344.741354460582	-336.476969672196	-326.779510412303


templateZ:  59.5932857978466	60.0257891003998	58.7129574289927	59.4209000442344	58.4036827636072	60.6095790580703	57.8087222108158	59.3922766710525	57.3161470713734	58.1950523062239	58.3981020575924	58.7231329518323	57.5677801119010	60.0901356517553	60.4003851991952	59.1058112577395	58.1035252143278	58.3201508430388	59.2396633988364	58.5291008987125	58.4895128618643	58.7038765517844	59.5071328647143	57.8764985860103	58.3184058831438	59.5611883954369	60.3532512630885	59.5239869994146	59.3495487362837	59.6378680334397	58.4147088134920	59.3235509435357	59.4576968041541	57.4703916131299	57.8882094112495	57.6876522810961	57.8250018750788	60.1145560453447	59.0692693182608	58.6525258715112	58.6768654174463	57.5999904793680	57.6557228831735	59.8245994279121	60.5457181306720	58.6216194574022	58.8780219406577	60.6143332524057	58.5141540866972	59.6216455718405	59.1646936828283	60.3886738955515	59.5105725104286	60.3733700615937	57.8230520261412	60.4323264090608	58.6235358143918	57.8703240408139	58.1687479089018	57.4090070401501	57.9564820621668	58.1724378486981	58.9793346455854	57.4959736845890	58.7643296813963	59.3291931998731	60.1238166562973	59.7364976945364	57.6932467466502	57.2413407507013	58.3334282072594	59.9651128314805	60.5159210298847	58.8693214587402	58.4958244002961	58.8917513692432	59.6288803068317	60.3592185113077	57.3434688939894	58.4300244995166	59.6419830494543	58.5979289502065	58.4226504056702	57.6809491974086	59.3534983230231	58.2347270448257	58.2709162261376	57.5628575921028	58.0371178587588	60.3393423161270	58.0823500485991	59.6529508565226	60.0461750680358	57.6468640363534	57.1709193834876	60.0036680122608	59.0244978722141	60.3658535238014	57.4026135872306	58.3731294107264	57.8457225249182	59.3763971482087	59.2032613670083	60.2520151318797



seedPosX:   -50.9530732789360	-49.3898164442875	-50.1634808259766	-52.5207867233041	-48.9549785553219	-51.9488781643488	-51.1416917384857	-48.6397601275209	-46.3211918497113	-46.3823657780855	-46.2385945061346	-47.9305970076883	-46.2352835459992	-46.7102432102767	-45.5395247056988	-46.1427530458602	-41.3674591768094	-40.8398967538186	-41.7979522078006	-41.1793662522349	-40.9046813926206	-38.6185346628199	-40.5997176196400	-40.8817339439778	-35.3847692766632	-35.6908331982169	-37.4710756466626	-35.7353120983194	-36.0619758604119	-34.0286682388963	-35.2919864389890	-33.6879780506819	-30.1384950887679	-32.3510334771497	-32.9830462322149	-29.7096584365060	-28.6505296786690	-29.6392036113867	-29.4857293913547	-30.3131129713615	-25.6348424484789	-25.7481533634623	-25.3488021576392	-23.7550680994485	-28.9438698580494	-23.7966157862494	-25.5291950625228	-27.0291227813110	-19.7685193190217	-20.3451637741948	-19.6575836334735	-20.9915316542411	-21.2228341681735	-20.2430512079649	-20.7865885173183	-21.9593698095932	-16.1394945688241	-14.8969149978320	-15.7743458000320	-15.3721482929006	-16.6993261052672	-16.7601807903842	-17.2113626730774	-16.7053136462169	-10.5962054627674	-10.7037029800220	-11.8078067860857	-10.8211054114321	-10.6823898388758	-11.9754417829761	-8.54387579929385	-11.1429542300947	-6.16077124795138	-8.00079071690806	-4.40863966738856	-6.83984132224388	-4.30931423045064	-7.22453133015051	-8.81036233565192	-5.71467654948785	0.359053826520484	-2.35024800802614	-2.19750909802228	-0.598203120656227	-2.33070394565587	-0.644223162119851	-1.89506158526359	-0.117063561970590	1.55493084554840	1.79936197428348	5.71396348294881	4.22154315348881	4.01964968776924	3.46145047258778	4.27183566909334	3.28711880455495	7.28545789960042	9.57493105056421	10.6566423100938	7.50121012557185	8.50095788915832	7.51404443196418	9.75159173776958	10.9554777879522	-50.8858231776493	-49.2899191157494	-50.7074920309398	-52.9651892369120	-50.6280048884010	-50.7638987608280	-51.8857303209724	-48.7380404262884	-45.8735977271156	-46.0431053829966	-45.0105902524421	-45.8411033153462	-46.5689548715712	-46.4654296725467	-45.5783144576750	-44.8951359859600	-42.5869994737320	-40.4944458341433	-42.5426630833021	-41.5444471665877	-41.4566658473015	-38.3553475888557	-40.0215760000735	-41.4576322586086	-37.0333554932828	-35.1560806056953	-38.4307060722868	-33.6290136756968	-35.9741575475149	-35.2679082330969	-34.6769329687675	-33.4236123724072	-29.4095977263194	-33.4817478438446	-32.2054217421356	-30.6156037208062	-30.0663153785780	-30.4766112978104	-29.1813554138327	-32.0500400497797	-25.3572668426974	-25.3746637286135	-24.3927238592163	-25.8776694518453	-27.3813819706480	-24.0842399447358	-23.5959982711712	-25.5704093523990	-18.8515821771281	-19.8632497270630	-18.5017752623743	-21.2548001612877	-21.8177674024205	-21.3320914014087	-20.4706440734499	-21.7059292790148	-15.7354466055690	-13.2295922947676	-15.3439050995537	-14.3032157400516	-16.4832776890921	-15.7872870460797	-16.5095829303286	-16.3722527171767	-12.1363973923932	-12.8687770852814	-11.7198668309128	-9.60862603869400	-10.4087700766458	-11.0086781580358	-9.19902088683652	-12.0220558813369	-4.04624883991432	-7.99394421021863	-3.59143499034161	-5.15430516608075	-5.41072871394625	-6.83462747361474	-6.97205331556518	-6.87000413160345	1.00026188659068	-2.86712956004874	-1.69363037806628	-0.976316177917129	-0.800861102520078	-1.04233071758711	-1.26580276855110	-1.15350904261013	1.85215650224049	2.43710936371030	5.88190541304461	3.20502533548248	4.50648275382794	2.59587946345502	4.82869033521703	3.01558313539999	7.59326910639978	11.4942582966555	10.9097645728611	9.59546876590796	9.72170871092471	8.84962729078718	9.87676923479225	8.96375215065260	-49.8139102832014	-48.3922940505221	-50.4712341769932	-51.1572566994709	-49.1602431935416	-50.8711903962465	-50.9068470409883	-50.6139828913118	-47.1932156214502	-46.8009480409129	-45.7525239969368	-46.6132878081415	-46.7742764142846	-47.1273384542411	-45.8306241216864	-45.9408988167210	-42.3940690989627	-39.6367572492513	-41.4184412236811	-42.8678738961584	-42.7787378562350	-38.4466038698262	-40.5646239393261	-39.7105038946787	-35.3562756900938	-35.6308163170817	-37.9986913847111	-33.7278184924131	-35.8588767180872	-35.1278914251729	-33.8312576125031	-34.8366997821358	-29.7418598890129	-32.4922926105871	-32.5042913889538	-29.7904473821250	-29.6192401653046	-30.1578057727165	-30.1111636514864	-31.6447237835645	-24.7270662901725	-25.7352916413550	-24.7155711448632	-25.7148804212355	-27.3032632813204	-24.0862157676315	-23.5950146731310	-25.3033652615312	-19.5848396442498	-21.4064778197697	-19.4454263355177	-20.2831849368503	-21.5431456308893	-19.8101902121642	-19.7922266998907	-20.6396324952355	-16.3384384607676	-13.2638954432795	-14.8819250004976	-14.8592486346446	-17.5557371886175	-16.6355464807527	-15.9004704872138	-15.8734997737894	-12.4759557922937	-10.9261447580101	-11.7810231664392	-9.57273740762743	-10.8703445304041	-11.6990692254137	-9.84379354270367	-10.4573960798149	-5.99851614352223	-7.80354801499973	-3.36911949730242	-5.26666352068687	-5.17069667322869	-5.61358798835647	-7.72691900533574	-6.30018270791592	1.42300566602808	-2.58836927697400	-0.166406661143374	-1.94642450029944	-2.39297247104460	-0.792078541046315	-2.85218428293255	-2.20644777407542	2.37772309946682	2.08395512241193	5.36557001687540	3.53185740055744	3.16217922000066	3.24747947015317	3.34892623425816	3.21930400676298	7.88864043317306	11.3869540945346	10.6162733566858	8.32016707205713	9.20086152482731	7.98984383741001	9.21780447700424	9.44144458241759	-51.7808489661096	-48.4793512363080	-50.3286378204448	-51.4649471373178	-48.7061942667467	-51.7937121188560	-51.7168640961447	-49.1773729508985	-47.0371637298153	-45.0549367520010	-46.4204257405807	-46.7294211207563	-45.8110926875308	-48.3471436703755	-45.9412252663997	-45.3226683024223	-41.6780298275475	-40.0279206129990	-40.9685199362677	-41.6523476473868	-41.6302182310367	-38.7987430203546	-39.9216237019055	-39.9828987846132	-35.2934204915843	-34.5918857341363	-36.8499831428208	-34.1868658966792	-36.1634433561999	-34.2350491358325	-35.6824929080517	-35.0261921622664	-29.6911769206289	-33.3822764229282	-33.2477090731333	-28.6969165698894	-28.9162817665837	-29.2968123385076	-30.9487616510338	-31.1702773032684	-25.3816340786101	-25.9511417347661	-25.6382433154247	-23.7245092628518	-28.4743699554887	-24.0981671816821	-25.0575499418679	-26.7262555260567	-19.1149054511490	-18.9580246005443	-19.3399348251388	-21.9917117068965	-20.4121526956763	-21.0907230010136	-20.0971515928378	-21.4465431243852	-16.3370641820399	-14.9744156407609	-17.0020994759649	-13.7476551342221	-16.5635897798569	-15.4314642502576	-15.7236060200056	-17.2505561309040	-12.7458942942096	-11.8810899943422	-13.3975121216115	-10.3127621801168	-10.2098878316319	-12.7257873038230	-8.32807778927674	-11.7290204355227	-5.79058678341990	-5.67197312313596	-5.47011364609624	-5.84669407134539	-5.27383444345256	-7.28993542645692	-8.52481809240040	-6.98924439275620	0.271085701384030	-2.79587341134700	-0.641326946693419	-0.0497970529218184	-2.39640974467939	-0.473987383455656	-1.11291466288701	-1.83451452510653	3.39655416106435	2.86253455677750	4.53453214871785	3.68474178742084	4.68234809349560	4.16576722873446	5.00016718532127	2.93034440205623	6.25937572737114	9.55324207230539	11.2319570736985	7.55727754809843	10.0254886710604	7.27220938745409	8.77488469386803	9.53502567469998	-51.0674817658695	-48.2976445887471	-50.4228889077597	-51.0662333068448	-50.3527319133644	-52.8978470177283	-50.6969489293822	-50.6549945822408	-47.1388659433216	-47.1278458199591	-46.1944409782231	-47.6454323989732	-46.2276919863718	-46.1978233954624	-46.7385730825446	-45.8533046512984	-42.3696849715983	-41.5016348799706	-41.2790248942459	-42.6801050806109	-40.9838283707307	-39.0712222661369	-39.0601904961487	-39.2429210249692	-35.9091196898082	-34.6237559695868	-37.5522194973465	-34.0755502517572	-35.7886621164737	-33.9196556770188	-34.6461644357821	-35.1615402380191	-28.8207343660017	-32.3072615074501	-33.7295420160980	-30.0801284889559	-28.6936584672826	-30.1754959996226	-29.8553139229021	-31.0059099925831	-25.5001128100013	-26.0851189332367	-25.8081238341577	-24.1946322730940	-27.7933180325896	-24.6099591485343	-24.2338422142032	-27.3998678136897	-20.8148734968204	-19.2480442442824	-20.4788231150656	-22.1960714664526	-21.0530047051286	-20.0219362636041	-19.9324561701559	-20.7164251076686	-17.8417023285049	-15.4738540846713	-16.0437633570018	-14.2177450058087	-17.5721822412917	-17.6998655138712	-15.8621897460186	-16.5770131062760	-11.9932112274109	-11.9178453941119	-11.4368777799928	-11.2827627550135	-10.3857291243791	-11.4983818368152	-9.20383278130227	-10.5487773551305	-5.05343606101327	-6.19243178091437	-3.26552370130445	-5.31902835411489	-4.86489863403315	-7.31532015691895	-7.62245538376632	-7.04625382360201	-0.268488576821355	-3.52235254904026	0.160800166593319	-0.330265068965810	-1.18502391217300	0.151914887432753	-0.925395986364039	-0.689238003165332	1.49768973218141	2.76094366715468	3.61170977051258	3.74211060147183	4.29713717258856	3.80315332129455	2.66171861538780	3.51935569029942	6.75597042043165	11.6574864219372	10.4066418810789	8.72115733139952	7.65904281496652	8.35185893212401	9.15200857869333	9.50099221631409	-50.1695826159102	-48.9716499721587	-48.7729762591656	-52.0249893306483	-48.4268704637261	-51.6178167232469	-52.5175628155177	-48.9799129288609	-45.7567111786217	-45.0921271939876	-45.5262435750738	-47.0396595180463	-46.3549220674039	-46.1670137755203	-47.0966718344190	-45.5568505735761	-40.4037833600393	-39.4508044913670	-41.2620552875509	-42.2200104772868	-42.1484577580153	-39.4296254212762	-40.2312068820881	-40.1520970587827	-36.0318195904454	-34.4930182979608	-38.7520640898324	-33.6416083349575	-34.1375102993083	-35.6927494841868	-34.9533260362337	-35.0564316072807	-30.8028545545344	-33.0589953473291	-31.4835825028982	-28.4708360186885	-30.0100973338332	-29.6852084657456	-30.7411013538444	-29.8078149639174	-25.9207948001941	-25.1273536501572	-26.5451957106745	-25.0779292677477	-26.8552279557498	-24.6445962498268	-24.5677859370453	-25.6693809443563	-18.8863576517162	-19.3751787898743	-19.9568110034755	-21.8511829700840	-21.2381611347194	-21.3372771406404	-20.0749994409172	-21.6941745403284	-16.8480470811096	-14.5447377045854	-15.5698025238582	-15.4502488546182	-15.4477442879745	-15.6628403743016	-16.4898877218771	-15.3544704386557	-11.9246936451511	-13.1755167281385	-12.9476116782617	-10.6823333420235	-10.6985068872315	-11.4142973608214	-8.89198702500889	-12.1310538293382	-3.79518375590053	-5.85316967925244	-4.43771454884337	-6.02319811957203	-5.72048933992978	-6.87719379410387	-7.15003624201517	-6.83490193404486	0.303173326806291	-1.65843686323925	-2.10659157287106	-0.532046669727620	-0.531980579293704	-0.439627498231965	-1.21532512972231	-1.87893351741886	2.42302148860691	1.29957594895643	4.29801973409871	3.48754873431485	4.02085975569313	2.43461943507842	3.53829409705605	1.90241606054385	6.84758972232477	9.34901477964792	10.5870127789206	9.05695376503547	8.43931013157902	8.62093119352734	8.65323458910154	11.0679328496797


seedPosY:   -398.176059154680	-384.706168565809	-374.076313037050	-367.059847734898	-356.300100311267	-345.485916269986	-334.941839910864	-325.548699534934	-391.709756803256	-379.481652364417	-370.354705253696	-360.523075640287	-353.187718645577	-341.232115834118	-332.076197840975	-321.917035282181	-396.376571096795	-387.846882082594	-375.054830158563	-368.464996718497	-358.026240055594	-347.738338652592	-337.130999951073	-326.705665803429	-392.230927962588	-382.471064811437	-372.051352272719	-362.565281935328	-349.210142975441	-339.904876855125	-329.954396317962	-322.657551260958	-394.391421779160	-383.541253132686	-376.162858225919	-366.531833159620	-355.656323427566	-345.903510496283	-337.804673937074	-325.986856878185	-392.523434413841	-381.428587435194	-371.998366768870	-363.881373996404	-351.814399425921	-340.529591954864	-329.304399539453	-321.220980785322	-397.560681726467	-386.271418975056	-374.990616641196	-366.496520100404	-357.030931922081	-347.913933058542	-336.724750115736	-325.108563449463	-392.780072041106	-380.161219302893	-370.298232568875	-362.063736009862	-350.314696531674	-338.660639265909	-331.087386709230	-321.564443405178	-397.021679773304	-388.404631470495	-376.060136208426	-365.456618900292	-355.522067607023	-345.153644596281	-335.666733720376	-325.783009636894	-391.892212124607	-383.305079421170	-373.038347030508	-360.193202281528	-350.887941995309	-342.119121110521	-333.710766479326	-320.222031456257	-397.763814912777	-386.495089279637	-375.608012159947	-365.623844001972	-356.153035461179	-345.915332632579	-335.632674954664	-325.719628859145	-390.792007707772	-381.241958478959	-370.672008640514	-363.403571267912	-350.429782408561	-343.428854994253	-332.509657509629	-319.770183829787	-394.687292991942	-385.883153361888	-374.275582999045	-367.861207014160	-358.164843530926	-345.114461215325	-335.562661794305	-327.400217939556	-398.286185621671	-385.023364769648	-376.343244345610	-366.482720635175	-355.106552925316	-344.586822812400	-335.857817082577	-325.786902620544	-392.285795256501	-379.764622599272	-370.539617925779	-358.923055120301	-352.690817680194	-340.619861870297	-330.550888531884	-321.951555828490	-396.046455632193	-386.888706846563	-374.679797843179	-367.562379815849	-358.238735512905	-346.577318032776	-336.001320532046	-326.262265179324	-392.059495889376	-383.214935914043	-371.710077159601	-362.845959979976	-351.072399047176	-340.753130335216	-330.561422857006	-322.112719262186	-393.291101901177	-385.426443302407	-374.612256603427	-364.887709980590	-356.374162407674	-345.003825349905	-336.887006605931	-327.381553247990	-390.989986660972	-383.023718306945	-371.497221703465	-362.178446134866	-351.847712756344	-340.706267763261	-328.839203449778	-319.244701267590	-396.195646035497	-385.913187613725	-374.365355309378	-367.456596057491	-356.518335782940	-345.971953782780	-338.305352465279	-325.390247062468	-391.934184356670	-379.940836063594	-370.258558939339	-362.105741546174	-351.144727361805	-340.720136888824	-331.203884856760	-322.340023954286	-395.720327100838	-386.684265609178	-377.970773419716	-367.034114320700	-354.506569701312	-345.645903000228	-336.230953469707	-325.745262591172	-390.680323788179	-383.646659526148	-373.277023051974	-360.436601050628	-351.397836678803	-341.399015783698	-333.220241707888	-319.080462889047	-396.647567095065	-387.583438274114	-375.540298381257	-366.139106742377	-354.820025299128	-346.323991219365	-337.180015838970	-324.755635833426	-392.823931354214	-381.345566101694	-368.864273389981	-361.847534461490	-351.135145218721	-343.238134138251	-332.039012637161	-320.050994060734	-394.915536566036	-384.578202047128	-374.196008452228	-367.404297969137	-358.413011004247	-345.043342324751	-336.791512053219	-327.458162081084	-398.398205681270	-384.868359328145	-375.291734258420	-366.834226353115	-354.267826826887	-343.730898106809	-334.434520844379	-325.993328907835	-391.147251368400	-379.817507214839	-370.260532988047	-360.492826685398	-351.975015520091	-341.869605872183	-332.116562803661	-321.542545228915	-396.266995491141	-387.499640195954	-374.723263329950	-368.186951282554	-357.032067524573	-347.074400072606	-335.309672315302	-326.077011785993	-393.641756571767	-381.555215745975	-370.112195369621	-361.581445584453	-350.211890281915	-339.678365439438	-329.957961386689	-322.181460464891	-394.478216283251	-384.940239160204	-376.200909298641	-365.479771404245	-356.604500670138	-345.046705020243	-338.579341106267	-326.434123075512	-391.988001834563	-381.596232142020	-372.073854369521	-363.115892431983	-351.954570803050	-341.452513252409	-330.959237396182	-321.347099540609	-397.575771597942	-387.681323115747	-375.060795824104	-366.815249271001	-357.370444112234	-347.592897989971	-336.063821706722	-325.140057602295	-392.123427270716	-380.862733986211	-370.134134032950	-361.923214171501	-350.096230309356	-340.133196182107	-333.255162753818	-322.277447652087	-395.441295471393	-386.006463322113	-376.873588582650	-365.101734068177	-355.279154133111	-345.967808948647	-335.520090913386	-327.998232925189	-391.383194669872	-381.584640913678	-371.106974069372	-360.331674014368	-351.509604129879	-342.355053223671	-331.475137567008	-318.423124328446	-398.271789373053	-386.401426288496	-377.683935792234	-365.180198096827	-354.657127741264	-346.931672164351	-336.596718440869	-323.260590333962	-391.023285798550	-381.866214977306	-370.720835959926	-362.779702876671	-350.002110731267	-341.618572200294	-332.106554100879	-319.623849197832	-394.475847458198	-386.386732884834	-375.441788266128	-366.911837475044	-358.139132034948	-345.222044509756	-337.703216573678	-327.190094309413	-396.519404909527	-383.529444259355	-375.854924809714	-366.955828823242	-356.156265925831	-345.180216318104	-335.163987230728	-325.314781931842	-391.965663223976	-380.250844364385	-369.940904220636	-358.711340131012	-351.000191454721	-342.503435423975	-330.940313978598	-322.735961022329	-396.083877574738	-388.331411834192	-375.846369709921	-366.980134786901	-357.887219291423	-348.428627803103	-336.631153966195	-327.465413390536	-393.327145904372	-381.820040066558	-371.839270788039	-363.159231098799	-349.333776066755	-339.145052520686	-331.308949493571	-322.478177076286	-393.213611324375	-384.728765019658	-373.901850040882	-364.940321729571	-357.364542489094	-344.524664729536	-337.095568475920	-327.588712753198	-390.693692386629	-380.975016987693	-372.004421453799	-362.683732187826	-352.246048236476	-340.876555642401	-329.109711082082	-321.016137918513	-397.287712737695	-386.501818264892	-376.024580926109	-367.354304482328	-357.692017889533	-348.126481135189	-338.099037081390	-323.685152688798	-391.934963006874	-380.396552932365	-369.473771502093	-360.831280142394	-349.552200629251	-340.689288134596	-331.370347191113	-321.320775558661	-396.169603655736	-386.368686100020	-377.288575397028	-365.037398461531	-354.364086349811	-346.214125823544	-337.646058863905	-326.750987324028	-392.188712902713	-382.029565143581	-371.849679866690	-360.227493718790	-352.018018588508	-342.062533820075	-331.455514669235	-319.584786962441	-397.086156517866	-387.603107579499	-375.359886650921	-364.869568185700	-354.018487841995	-345.772087055130	-335.169566966936	-324.123380552098	-391.785231220248	-382.438635923225	-369.896849095973	-363.155149312693	-349.957853993428	-342.403264635120	-330.903064274972	-319.151386470672	-394.593872452357	-384.835594578452	-374.337252825114	-366.726100570623	-358.241910220500	-345.519771532241	-337.192384000467	-327.004431431720	-396.672011957468	-385.171178293959	-373.977606042380	-367.946064995491	-356.459255725136	-345.487466231147	-335.185278990951	-326.916099198429	-391.490862947608	-379.597112756851	-371.788997936834	-359.869114669110	-352.565740648792	-340.226206724394	-331.030533037612	-321.463850461689	-394.446187736882	-387.108107506261	-374.149445289406	-366.754016511354	-356.432805856519	-347.017630864343	-336.555895719688	-325.713443283056	-391.774997514424	-383.441560035992	-371.144264062600	-361.304082027393	-350.933250922260	-340.544583850811	-329.885952060689	-321.084951441495	-394.147428874554	-385.179863831226	-374.214370711040	-365.394275113533	-357.701459613056	-345.026204133837	-337.970306749870	-327.565451798161	-390.918026247312	-382.952536529280	-372.598408876793	-363.965085925997	-352.282950106430	-341.181281099276	-329.170582748745	-320.176453690743	-395.817080651762	-385.852692361035	-375.297747835675	-367.543378121906	-357.933710725700	-347.583525451405	-336.424701959888	-325.119914068818	-392.123414780727	-380.517184134299	-368.347017885176	-360.966622995114	-349.681810652046	-340.123124753645	-331.107830297946	-321.529943775596	-396.422291655247	-387.012459461940	-375.864298814539	-367.304393525026	-354.406025148573	-345.623013325920	-335.958187852174	-326.807058290326	-390.948030957783	-383.213807696162	-373.145249317346	-359.854526581621	-352.187729596094	-340.057149258442	-333.423297748662	-318.897355234547	-396.599892643128	-387.667900028776	-377.374055394458	-365.517271989383	-356.134039035181	-347.243467470598	-336.892343888874	-325.703492767188	-391.183430221905	-382.550750310832	-368.973491911602	-361.611695055490	-351.299478686440	-341.212227820598	-333.095991471210	-319.487077576280	-395.040686372670	-384.412061497793	-374.181534962866	-367.389193831877	-357.487400912208	-345.570971468660	-335.671932570305	-327.508008591021	-396.428703084707	-385.762125734838	-374.441172162089	-366.365407306018	-355.340584032902	-344.950910392021	-334.451314908993	-326.230478733281	-392.540282289613	-378.820159778081	-370.219280238007	-360.761852522234	-352.425266508565	-342.086784170371	-331.009897937629	-320.948949594109	-394.465948220047	-386.599259661282	-374.745871447469	-367.447361254134	-357.816838482268	-346.854521731571	-336.953320636315	-326.959811345934	-392.157394688129	-382.895376249181	-369.810942828784	-362.289847165509	-350.638163306462	-339.493160343309	-329.916696319354	-322.282043110282	-393.496163525389	-385.125408396569	-375.428041739986	-366.069349349386	-357.842253378952	-346.643792628303	-338.647115784717	-328.108928984698	-391.341879247311	-382.112123983375	-371.681089785902	-363.579124130374	-351.125686419631	-340.914254902221	-329.939652555007	-320.035593781011	-395.552862352790	-385.944426653855	-375.706260387697	-366.923681061243	-357.870641401998	-346.172285662510	-336.615576368544	-325.392168239539	-392.234043269928	-380.447802327387	-369.610460414296	-360.416647708436	-350.878655733114	-340.418642234336	-332.682912355283	-322.006780629761	-396.934488183865	-388.087445873989	-376.152979612107	-365.346203847855	-354.786411474752	-346.972254885540	-337.331130328842	-327.205248357676	-391.635201553054	-382.204926364370	-370.998557098721	-360.390062207294	-353.019431122900	-341.523588655027	-331.653609454706	-319.826060061502	-398.175162021066	-387.548199330054	-377.490638081961	-365.571645831101	-355.005060848784	-346.136169125707	-337.003835613422	-324.585417805799	-392.454670636587	-381.187250616137	-369.469142891474	-363.874284292694	-351.769125999482	-341.459527357281	-330.914606386522	-320.412788049330	-396.646610186124	-385.862653484329	-374.676147120764	-367.781104319522	-358.683324437694	-344.665914290835	-337.266184541031	-326.304499914715


seedPosZ:   61.1594422449808	59.5121247728660	57.0113120210748	61.4019317468339	59.0894878793091	59.3634521090987	59.0086604847065	57.5028481230850	58.5630978567154	58.5954918920143	60.4524875806886	59.0722276173640	56.9904304753987	61.1745520690330	60.1002497966432	60.6487355193000	60.1417797280852	59.5493345300146	59.8449433598518	56.7846057547224	56.9292310744254	58.4759612660754	60.6577720457405	59.3837929571750	55.9552237642958	58.4102320168014	60.2005543122128	58.6585287071590	61.7094729374623	57.4307157664639	55.9530041848455	57.2689639360946	60.8872077335274	55.7052479904413	57.1742171180926	56.8492631899611	59.2847698812583	61.8012390915861	59.9255471940580	58.8627329079504	61.1341590001381	55.8618741480614	58.5791900549390	61.8197074890679	60.2990384361393	60.5848435306299	57.5427132648984	62.3179627338023	56.2887646265748	60.8434978361240	59.8353555248163	59.0082058544962	61.8687609916300	61.4295645272091	55.7138160058335	61.5295421760547	58.1890958440046	60.0933317973194	56.4822459912470	57.0542063575885	55.6656116954511	59.7724063042941	58.1631514400710	55.1618704893147	58.3508450549235	58.2198671696778	62.4261776822008	59.6758779242356	55.4343458630459	57.3581152807593	60.3239370701164	62.4029550150320	58.8897943728551	58.7525829790780	59.2437859320489	57.1513437045963	59.6075126690633	59.2108655800393	57.7374703281762	60.4794184287023	61.1487747866872	57.8234396087815	59.5816325518807	57.0095054101650	59.5639507444351	58.5413223970073	60.5790789156051	55.7198410186270	58.9405661054394	60.8812283605961	58.1453534157478	58.8760380183825	57.5644159969313	57.7645999236502	57.2697827851151	59.3803325324505	58.8773582020076	62.3346068337541	56.4537262067473	59.5669577738446	57.5388275434423	58.8110502082397	60.3106260017974	60.7553831757007	68.7914793936464	71.2587641154886	69.8895532077498	69.3010933810794	70.5537974566492	70.0905235867107	65.3269426408568	69.2862329287304	68.1595787248446	69.8289592966739	67.1189975247969	67.6517252803378	67.9691509230029	67.8841336200037	72.3714833803831	69.7898385355137	67.9273649043589	68.3599122216596	68.9527142682007	66.6778787084155	69.8923781804299	67.1675104124009	71.0596382146946	69.9653128544138	67.0935810781707	71.7230003451218	69.8097927235346	68.7367112285896	68.6757455265448	69.0028291392930	68.5131183734223	70.3324774014587	68.4010729839321	69.3006087557040	69.5119192842316	66.9939849947455	68.5833309455030	69.5048642603830	68.8423306644258	69.3185076808066	69.2165378667249	65.5708168607154	67.3655656378445	71.2918908661315	72.0306385159002	67.4132240061002	70.4366743795089	72.8957600276044	70.4484407057790	68.0531250438593	67.2450901428327	69.2160765775336	71.7735629017338	68.3374607981638	68.6222939576202	68.2726356095838	70.6387844063808	70.1675151671323	70.4481972692409	69.2406216426382	66.0527893295170	68.4349660780740	70.2479864871290	65.6869151443113	69.7569843284026	70.7425194128934	71.6186718246422	68.0437614661641	69.2738499255640	68.4378637850842	68.7497010435791	70.4656296298642	68.1475318375211	69.9119624319576	66.6923980681046	71.0152901914483	71.7496855409264	69.3478722010216	67.5624125298113	66.9820542250156	70.9619963942464	69.2808970574997	68.6505307026065	69.6878280287394	70.8170504382201	69.0184905899581	66.1018552708702	67.4857552648835	66.7298564778266	70.4082298664376	69.2125989583822	71.9938690188521	67.8735838397429	69.4024613722816	65.2364434876257	70.7552499346348	68.5322490085571	68.6252429669037	68.7576353555643	70.1262401204455	66.7154728556035	67.2071492027805	70.8951651298540	70.8384558483921	79.7371762933684	78.7467007143568	77.5430474181303	81.2432503980214	77.1703562787841	82.7958844054403	79.6683341479801	77.9903745925716	75.0509281205235	80.2331438960027	80.1852142203463	79.0245908028945	77.0560538275859	79.9857671820587	80.9552889906374	79.9260078896857	77.5806196559904	78.6932327051610	79.9171197713967	78.1716532748806	76.9050979849867	80.1312499434100	79.6359131770479	80.2099117387884	77.4700343543474	79.1366098314384	77.8738006029686	77.7636540363230	79.1378792051905	77.5684373465303	76.2176832514111	78.2655746898591	77.6084088259812	77.4362702667964	75.4571635857472	76.8307753124801	78.6136745837629	80.1402597103833	80.7344934979220	77.8807959373140	77.4661972033799	77.0146348961127	77.1090986151236	78.5044682042379	82.9621435358433	79.6593549274944	77.9013074763066	79.0575867549788	77.9938471569507	81.0479901655262	77.8018438383569	81.2543753074299	78.9963704898711	81.1148902601810	75.6407038161462	79.9292080574870	80.5814080301869	79.7243721433522	77.6730368874851	76.6873510326344	79.2975973982946	79.5414815518534	79.1566982349019	75.3601001999292	77.5196604399549	80.1368779714173	79.9901700766418	81.6452933720925	78.7875862439864	79.5007655120948	80.7442147689255	78.4084372959356	78.9163676442381	78.1702041238198	78.9470229360412	81.0152013145422	77.1426552537177	82.4835702172302	75.7217489057812	76.0890762169519	79.4317374425659	80.7543085125729	76.7911130912306	76.8900714559327	79.1792785209967	79.8938443919823	76.5824965021142	79.8129227051877	77.0697190727593	80.9564572756370	76.7448555050225	77.5188796257012	82.2157459102516	76.5186024391998	75.2562909264123	78.9305211912309	76.6265886692198	80.5203980923908	76.1447033240060	80.7808793638822	76.4107189278984	78.1161104104905	78.0842146677949	81.6674848991952	89.1460507932501	90.0851526074170	88.7458370776927	87.2513194035009	89.6861734819063	90.8511469672205	89.9849967349752	90.4327913884879	85.0907953834773	89.3784151984318	86.0523677170476	87.5598105773305	88.6664602655529	88.2891791831730	92.7840835697890	90.2544600977291	89.3137855952596	88.5103374728176	90.6877799906443	90.5724803370546	90.8716200834946	89.3239988044976	90.4150433008361	86.9915650350847	88.0923604757687	91.0493484909178	91.7709439779282	89.9660591738667	90.8641312144936	91.5360958916759	89.9682437679598	91.7860066825543	89.8258290619304	87.4636395760762	85.5579617459147	89.1900078768436	89.7483317626394	90.4156147951466	87.5772778939427	88.8515483822536	88.8491494960251	85.8775935560756	86.8993609652334	87.5350316633061	91.2442167761199	90.9971758105607	88.8838371386620	91.9898289790044	86.6368858509955	89.3554305455127	89.4212023736856	90.2647420954681	88.4705581802555	90.7770851935393	88.1975937049901	92.5955967102604	90.0867578786453	85.8413042926307	89.4997414494959	88.2140624364162	90.0620733215026	86.9971532137640	88.7393194546536	89.9732801392898	87.3844215385682	89.2231870898792	89.0517319744428	90.4874269636105	89.7615496344337	88.8783349418382	90.8216509146750	91.0339135298963	89.1363577324735	87.5149308161465	89.9279974177760	89.1429349439525	91.4195654347641	89.6310390010511	87.0906895753743	89.6463674456959	89.4235840651742	88.4045532071634	86.3665241143600	85.2149953011823	90.2438138226936	86.6517209371085	87.9819871368660	89.0895695741868	89.2329005115896	91.1301961902412	90.3167339924117	87.8756404185968	91.0227880216547	89.0148027292852	85.1728148214955	88.2344588148117	88.3282803858886	90.2248085297549	89.1621877479440	89.5751136828443	86.8042551428977	90.4701504535315	89.4678072961189	90.5592740147137	101.869277553650	99.3413233488915	96.7436793975450	98.4840988759002	98.3913899984664	102.328964024552	97.9151363734021	99.2732942657738	95.8908731749819	96.5424881396135	100.629259173843	100.177283569428	97.2918461516088	98.4510416142425	100.284084480098	101.166439798218	97.5642009309081	97.6393577283539	97.5680476978107	98.8975966622138	97.7172919996345	96.5002855768178	97.1119483715835	98.4218196607591	100.804980075829	97.8899595222549	101.196341137180	101.264730808958	99.1762689882426	98.0299057915297	98.1925107932804	98.6328304512258	99.1774743363171	97.2908851134445	97.2364705504926	95.7912816670458	96.1092513399680	102.167422502244	97.6934619751039	99.4332535541673	100.600091353938	96.7667188791400	97.4536147147405	101.582926723551	102.469270075737	98.8839932055442	100.437230803540	101.649979845385	98.1332150582039	97.4781392513436	97.2456246167175	99.9068463212927	97.1155842515315	99.3081935368978	98.7015700417287	100.707108285346	97.9175415261421	95.4339328469361	99.2033896730742	99.0066002410293	95.7048114837490	97.5100325051519	96.5060013168155	99.4656008702062	100.457216821002	97.0235297055812	101.503823942379	101.911531712616	95.8828147022975	94.9695532024007	97.5798052615784	97.5856113630903	99.7445967387716	99.1670445387735	100.909189536728	100.393655395520	100.365857206841	101.958817798498	96.7665039331019	98.6748557369584	100.419053419867	100.041792957410	97.3883996952297	95.7589421200691	97.8739850763033	100.718345521292	98.8690551906029	98.7405693881316	99.8881048062610	101.133476843792	95.6777580282067	100.990949752120	101.177023846069	97.9522429740003	98.8869983995523	101.049945366659	101.414427329009	100.940827531199	98.9545729498239	99.3268984778459	100.234835925316	97.3078102314202	101.662868868296	98.7065549844440	109.816368559985	111.598227694255	110.803124743495	109.245767107788	109.101662153273	109.557771003572	105.465782969160	111.502863211722	106.519538667252	108.429532567939	108.776695981701	108.764157847821	106.523600778721	108.866528485529	110.141899231909	110.997649232128	110.452266376459	106.072156820835	109.597418831856	107.155773117090	107.047640529115	109.157062401914	109.677898891229	108.787422242453	109.701406315666	110.675013454896	110.656885613163	110.388087935387	108.532046127468	112.014750136850	110.265722925172	110.967657007216	111.697930017968	106.272840619485	108.593722158114	105.536463188966	107.624688537549	108.241262053982	106.815318400734	110.576136590278	109.078442608101	106.237370274905	108.742069376119	111.996851850579	110.163460355949	108.272933345290	109.471396947357	111.471506343120	107.484498463079	108.551377552573	106.835545736277	109.784568612419	110.510970552234	108.515024552539	105.694225718509	108.381216885356	109.243991166875	108.456810831539	107.357186662956	108.242823464673	107.295116015132	110.576097374922	109.037723435661	106.759738571282	109.710146191060	109.968042896608	112.606268294686	112.112864438941	109.010652665696	109.134468886130	110.771859308301	111.664592132759	112.765049978226	108.123630963168	108.667201602482	108.270703125548	110.287749161164	112.850623997228	107.658545999542	106.139787979114	111.031316542759	106.813115642810	106.963074817163	106.949497870105	108.497401996537	108.649972393779	107.641185779391	109.882139869800	110.368291354165	109.947001868287	107.483936734103	110.281891045133	108.539548768190	109.197419865202	108.389681093253	108.792208075725	107.745707576673	111.992007257003	106.191297495367	106.484946584703	108.915347892775	111.003149976641	111.530139501837	110.725260154943


objFunctionValue:   681.552716470061



