Dataset 36


dvh_array = np.array([
    [ 7.68, 2.90, 21.69,  3.13, 12.63, 12.22,  3.46,  3.33, 0.00, 0.00, 0.00, 0.0484, 26.98],  # Rectum
    [ 4.89, 0.52,  5.78,  4.08,  5.71,  5.70,  4.17,  4.12, 0.00, 0.00, 0.00, 0.0000,  0.00],  # Penile bulb
    [ 5.37, 4.12, 50.40,  1.95, 16.56, 12.85,  2.37,  2.22, 0.13, 0.03, 0.00, 0.0000,  0.00],  # Lymph Nodes
    [ 1.09, 0.80,  4.10,  0.21,  3.30,  2.82,  0.34,  0.29, 0.00, 0.00, 0.00, 0.0000,  0.00],  # Rt femoral head
    [13.66, 1.25, 17.67,  7.67, 15.64, 15.07, 11.03,  9.21, 0.00, 0.00, 0.00, 0.0484, 26.98],  # prostate bed
    [12.34, 2.06, 21.96,  5.71, 15.58, 14.80,  8.20,  7.01, 0.00, 0.00, 0.00, 0.0000,  0.00],  # PTV_68
    [ 5.60, 5.36,103.88,  1.50, 18.25, 13.90,  1.96,  1.82, 0.34, 0.19, 0.08, 0.0000,  0.00],  # PTV_56
    [ 5.77, 3.95, 20.05,  1.06, 14.41, 13.70,  1.53,  1.30, 0.00, 0.00, 0.00, 0.0000,  0.00],  # Bladder
    [ 1.20, 2.83,237.88,  0.00,  9.52,  4.99,  0.00,  0.00, 0.05, 0.03, 0.02, 0.0000,  0.00],  # BODY
    [ 1.05, 0.63,  3.43,  0.11,  2.74,  2.40,  0.36,  0.31, 0.00, 0.00, 0.00, 0.0000,  0.00],  # Lt femoral head
])



templateX:  -50.6715722418669	-49.5205520035467	-50.9167267691736	-52.6729640191534	-52.7210364239832	-49.9237480311334	-49.8114374786515	-49.5882811597142	-44.6681508222310	-46.5708731361459	-44.8499512422355	-45.8834058619026	-47.2429313127566	-44.4247021151380	-44.7763238135230	-47.8262149038336	-41.4187755319546	-39.9817017795788	-40.6208240390005	-41.4300137489899	-40.2739486447002	-42.6616636714773	-41.6563080542950	-39.5482959450408	-34.6104533454238	-36.3478713167379	-37.6199812132056	-36.6072100080262	-37.7305320984895	-36.5078461229681	-36.2813786501520	-35.7528006811702	-31.6536667873240	-30.1222376211178	-29.4218326054528	-29.7632185295099	-32.4574414729881	-31.3063607220855	-32.8077887587200	-29.4830588121303	-25.4884230235134	-27.4275904260669	-26.9778619013489	-24.5544327485688	-25.6980265106074	-25.8658243353334	-27.4597687453463	-25.5263764055527	-20.9762166737016	-21.0502773544815	-20.4318445198900	-22.1045264042206	-19.9311872618142	-21.1432883806237	-20.7692462028726	-20.9384524976174	-14.6018529113971	-17.4784497201961	-15.3794394892183	-14.6578222642138	-16.3208692055876	-15.1806794663449	-17.0603200342240	-16.8439865402809	-9.64211877390805	-11.2696354125033	-12.0894238412595	-12.6158288714214	-11.3269138222916	-11.3147187297247	-9.81661880372032	-9.51518544252651	-6.62803383907720	-4.45724188344089	-7.60594275713758	-7.60603400633159	-4.57912979342214	-5.42746739047590	-5.55094949316107	-6.22347568918663	-2.40908747601080	-0.347174795376421	-2.86098510532716	0.0146291033464281	0.221552156920266	-2.39417291047337	-2.51870727444739	-2.80074299037383	2.91200545361149	5.12404227701159	3.14902974057712	5.16007101320252	4.40185083084813	4.03801269609101	5.28152979537060	3.85599423651223	10.4836192099955	8.61102225713010	8.20809622968707	7.43738579042815	9.89229381096926	10.0595328479570	9.26363346241888	7.40735960282321


templateY:  -396.935191687105	-387.125425384790	-376.772967456084	-366.874803529491	-356.324837455757	-344.537126286542	-336.541172031994	-327.660434605126	-389.687739599281	-380.979142816361	-371.885162720336	-361.039782163803	-349.496267091890	-340.424923715836	-329.561260829398	-322.025743800268	-395.913287886486	-386.031384852911	-374.885007645886	-366.576132845949	-354.586074273748	-347.824321434366	-335.814528524246	-325.992972065381	-392.184319573528	-382.685871919459	-372.358387103436	-362.831141749479	-350.774757827639	-340.933075032504	-330.787745038108	-322.089207753288	-394.989255999803	-386.855261695540	-377.640045118309	-366.950376946474	-354.745835668309	-346.675585645179	-337.363917289355	-325.660179330577	-390.635127571421	-379.715582268788	-371.579574820456	-360.312159776528	-351.173091165944	-339.570483845067	-329.744919898107	-322.294292383117	-394.902672217428	-384.951362494392	-376.226886115818	-364.821785808719	-354.940678558094	-346.852183034021	-337.697477554061	-327.658912518587	-392.205213851994	-379.736772414863	-370.844012207895	-359.810609750847	-351.320235769655	-340.081150269121	-331.765251861105	-322.788116795195	-397.519328115257	-386.780445631551	-377.347263391480	-366.457072460889	-355.049968986986	-346.421634451067	-335.928847029810	-325.472570018524	-389.865938499603	-379.927484412491	-371.478891011759	-362.713677249620	-352.122018550942	-341.031718548303	-330.015299736517	-320.284284348147	-397.102835132888	-385.740670350648	-375.030968523611	-367.582326697034	-355.195024566147	-347.060900521108	-337.651501201291	-327.572340474004	-391.867508595464	-382.113328810052	-372.357779767812	-360.853400870910	-352.247351070573	-342.868984472075	-332.869885073677	-321.126218753692	-396.882566427411	-386.052852824667	-374.601327572602	-366.843621721664	-357.463038713110	-345.186707032426	-335.779651996272	-326.156284322417


templateZ:  58.4585995118670	58.0898104090794	58.0415056781094	59.7127507282728	60.2657603694237	60.3088208390842	58.7505671620785	59.7495368752498	59.2690277475413	59.2886778554236	59.2479716788885	58.3345035215628	59.0377412033782	57.5837158026780	59.8052703595374	59.4091359157570	59.0327500225767	59.9365097993701	57.5250115403542	57.5776111934574	59.8670021465980	60.1289579957544	57.6342313356168	59.4114197108848	58.9363357595852	57.1401553257890	59.5586177404117	59.7953290351260	58.8880868624000	60.3061954805544	57.6557588079657	57.8988160238318	57.1536745284255	59.9587873878995	60.3915121563394	57.4202609463056	59.3906098147056	57.4889431622862	59.3441257423136	58.1421139268974	60.2159672912331	58.3368596460364	59.6886715459795	60.6170510449170	57.4568574685582	58.6895393147098	58.0924694600013	59.6341921766593	57.4486563940407	57.3228816321270	59.6844794879505	57.9530630888475	57.9770968519357	59.5882642292252	57.9386991964956	59.2310887032795	57.4430700016514	60.2778751308975	58.8994797409389	59.3087116253077	59.4740843352891	58.1042007340701	58.3642697730242	57.5997690185312	59.0185869381276	57.9372621194503	58.9715803916389	60.5083726455667	57.1496107236875	58.7255841280614	59.6995366051613	60.2337533416154	60.2395100048238	59.3197970455771	59.4454521541076	59.7763859067982	59.3616553541262	58.8119774838496	57.7063481180739	59.0742550242312	59.4041004603825	57.6579231823744	59.9977747523608	58.7820398933397	57.3063792109820	57.4459338973928	58.0061864624689	57.6934513701938	58.6390284784821	57.1511542058072	57.4738789269760	59.9861011797238	58.4944127698817	57.4996931003360	60.4631824281070	57.1589848712261	58.8341564710294	57.7305046281135	60.3445387570463	57.2655744092280	60.0141215669000	59.7987857206836	58.0886896725033	60.0798258443864



seedPosX:   -50.3156362186777	-49.7919090563813	-49.8813006905343	-52.1917980262170	-51.8183691675562	-48.7622777574048	-50.5888148011421	-50.1070812245768	-45.8871314363076	-45.8593234895602	-44.5083044531265	-46.9685544713361	-46.1181298073711	-44.1489838747380	-43.7553833595323	-48.8589341748592	-40.4152097424525	-40.6823828061095	-40.5318665090489	-42.4798458654779	-40.5824823400191	-42.1961594543744	-40.5966294299087	-38.8231831464241	-35.4609431902535	-35.7052262772665	-36.5790388177401	-36.4971651743052	-37.7601128200971	-37.6232731483347	-35.2446873463387	-35.8208598438463	-30.6335548229137	-29.9990472767851	-29.9702551100853	-29.0512611885525	-33.1079716488043	-32.1700675396338	-32.3680353710053	-29.2988616618855	-25.4137052467363	-27.9697248174869	-26.8780165315871	-24.7797524554172	-25.1805657625343	-24.7807929408205	-28.0592517985995	-26.1014202153346	-21.5767623411738	-21.9849826391680	-21.6181762546358	-22.6753966002259	-20.1632801369591	-20.0643007514705	-21.8399969349053	-21.8828801037739	-15.4030529451466	-16.6010905815874	-15.2533373917823	-13.6793240736844	-16.0317221444277	-14.6736606214041	-15.8195935541167	-16.8792589460214	-10.4970175623205	-12.4712144829004	-11.9229694856715	-11.5860275030655	-11.2984405299766	-11.4152263394546	-10.8128509219893	-9.81948071699902	-7.77727696929045	-4.07749284041658	-8.02911901210532	-7.09321428224917	-4.55899260903757	-6.20997358196954	-5.70957322818948	-5.17844903155310	-2.00113277506930	-0.308683583081477	-3.49783564857417	-1.05011763829731	-0.0427135523068533	-1.47129020866049	-1.46399213681502	-3.98598979320251	1.97387900247651	5.35728265358573	2.19149288604579	6.18136702083201	3.34840164777006	3.92006444214495	4.45397170447911	3.17847990502615	9.95742591977710	9.56963629733798	8.14435161295346	8.03167762730843	9.41430532403408	9.11258680638642	9.12856451970436	7.25225091292000	-51.7354356812524	-49.1360608977343	-49.8075895343301	-52.9750141353276	-52.0362702017317	-49.5004521449743	-51.0584705847352	-49.7403271876542	-44.5001375001395	-46.5181797184839	-45.8491764885964	-47.0597595230431	-46.8097235475954	-43.4893255255409	-45.1400186983263	-46.7248485634786	-42.0110377339217	-39.1959752011221	-40.7434350355668	-42.1863062296993	-41.3512211752748	-43.8380728984225	-41.1938924459859	-39.5211379754983	-34.1166458369681	-35.8487691594529	-36.8912040204827	-37.1564802410844	-38.7228413291666	-36.8253751906440	-35.2900347323281	-35.4164682446864	-31.2166927620836	-30.3408299741262	-28.5159925174749	-30.9064563182542	-32.1655967746928	-31.0894087469300	-33.2365811835346	-29.4081777659699	-25.1311003309267	-28.0292282608574	-26.6620243897417	-24.9870245274966	-25.1077754437711	-25.6665954662880	-26.6141332383600	-25.0862275255974	-21.4638509679570	-21.6502399860985	-19.7767545041657	-22.9312626980303	-19.8496340489470	-22.3222732405656	-21.9674379285610	-21.7096801261704	-14.8718238818729	-17.7017307800878	-16.1482514562498	-15.5158922281032	-17.0639302559912	-16.4255636552171	-18.0272268914353	-16.6544121436897	-8.96790809216931	-11.7834764612286	-12.7982420996968	-13.4816604385108	-11.9007830231568	-10.7164431604772	-9.90249018641572	-9.71339607356704	-7.28505555480729	-3.31937676577161	-7.56127807520789	-6.47885393147839	-4.18637214839193	-5.24618619597836	-5.28968916600378	-7.07375002472618	-1.86573995094291	-0.809704545648887	-2.66694299439516	0.0534357785650428	-0.472465670599586	-2.94187325743492	-2.89124345951907	-3.37097314097061	2.98159854303052	5.36267026873845	4.29863047097141	5.91875206444404	4.22432407548188	4.64874632165979	5.28638975887370	3.47622085717247	10.7480362394801	8.16100221269118	8.75060081363784	7.78033968383835	10.7873193399328	9.06594902177041	9.92721138303670	8.08152227533265	-49.5985845806433	-50.1191094462142	-50.3146397581822	-52.0714652608281	-53.2163465536887	-49.2001742968383	-50.7896310448908	-48.9851096552474	-44.9281921434897	-46.5064409830398	-43.7386951313471	-44.9262693897928	-46.6057564698389	-45.4256187718011	-45.3515666936238	-46.8288232173419	-42.0718914094304	-40.9952898089502	-40.6380445890088	-40.6393806321806	-39.1259941792550	-41.9371138595235	-41.7193305846632	-40.0819645512712	-34.2088551368793	-36.2895604150200	-37.2268881652749	-36.3137087633396	-38.2926658707140	-36.0626265017846	-35.2092583646194	-36.1160443221772	-31.5516756484741	-29.3250265673487	-29.3897468914516	-29.9733874061819	-33.2340759840255	-30.6540793496382	-33.9945436287517	-30.5982449481638	-24.9275963472985	-28.2163322538541	-27.3324890633544	-23.4405111377813	-24.9586251342845	-26.2449222916769	-28.2591979905885	-24.8074724142393	-20.7557535212316	-20.9821546920460	-19.5570064760494	-22.9084372814966	-19.8734180906533	-20.2350700919805	-19.6945752522062	-21.2346636549756	-14.3218683892046	-18.4177738383493	-16.4807804430748	-14.8337254742456	-15.6631302831352	-14.0545949810517	-17.3608222967013	-17.2670744529279	-10.5914063789217	-10.4259962222876	-11.5738788605814	-13.1458647408507	-11.1098261087376	-10.8592026838079	-8.92164820706320	-9.60737790276835	-6.33314029307739	-3.68168091754410	-6.62300225815545	-7.95702495327013	-4.56386367447696	-6.28364029267136	-6.32910223674454	-6.73077403443734	-2.68257212061408	0.699150623131835	-2.67799166981176	-0.922463558849278	-0.0862373637481389	-3.25631560744215	-1.45798382664817	-2.38890365672701	1.95099401600043	4.51706674257890	3.19127525927250	5.58412158712247	4.31699222018005	4.91541075989232	6.50717624514327	2.71308629380756	10.8880097191944	8.89230370992251	8.88295771875338	6.70311007959630	9.39459999379272	10.2346204352119	9.24552985573159	6.62577997428545	-50.3002137579507	-50.1436965950781	-50.2033022432958	-52.9731260625458	-52.9722943810685	-51.0768354911811	-48.6231077283453	-49.1842869863132	-45.8819641591283	-47.0767816304937	-45.2515232494492	-46.3530277926256	-48.3218524754802	-43.7479000699544	-45.7184408545294	-48.8287138513986	-40.9558008368684	-40.5657119952323	-39.8838577944280	-42.1178095851678	-41.4866272774027	-42.9723250402582	-41.0341716873194	-39.8357198936997	-34.0044325548366	-35.1153818602964	-36.7207365752278	-37.3859834353379	-37.8967483629590	-36.0021926594172	-35.4451797218441	-36.3159374759448	-31.8982684726588	-29.0829366044439	-28.8401004514721	-29.1360583314667	-33.6485351870245	-32.4083679982295	-32.9166906178013	-29.3833050141662	-26.3601333366538	-28.2621410111582	-26.3793511812010	-23.9955957379535	-26.3904326466902	-25.0574373834678	-26.6840431829348	-26.5716019004240	-19.9119691437724	-21.9475575279071	-20.0635893102822	-21.7564656070250	-20.4313602482986	-21.7839541391426	-21.4364882371139	-21.4085315008937	-13.9611484813094	-16.4186410064974	-14.7732201550688	-14.5475887565839	-15.5484338401529	-14.1814264487878	-17.7910992544171	-17.0172865060152	-10.4659069721538	-11.5477409123113	-12.2248079859743	-13.2959318967521	-10.5758371468988	-12.1507354482470	-10.5808731421837	-10.5938941134512	-7.23553305807155	-5.50106562263825	-7.59981098586141	-7.55904303920280	-4.21869244569507	-6.41147982989215	-4.98215384821679	-5.34330239320269	-2.52820929346363	-1.03338320465645	-2.49946760234108	0.977033154017926	0.985194477576505	-2.48538886481230	-2.46241997184364	-1.86738178333975	3.99996382821608	6.13063904498488	4.12772543753324	5.34431070163176	4.55958550504329	5.04343885011163	4.27925788775578	3.03544435291104	11.5649882926664	8.45679390227326	8.21318125942080	6.27158535201290	9.97819006845490	9.33367728230934	8.64336821274243	7.98648545552434	-50.6243632429715	-49.7123037286371	-50.3049124374368	-51.6143528466889	-52.1463890171831	-49.1675519013231	-49.3868196493873	-49.8598442744931	-43.4744005836777	-47.1374355737066	-44.8526862625654	-45.2941481531433	-47.9489995952768	-45.0450592350975	-44.4133943700398	-47.0645399667439	-40.3693022736566	-39.8349908751508	-40.4611928988017	-40.3685407245858	-41.1736550759467	-42.0808699202540	-41.1978410426698	-39.4899147444912	-35.4418584541357	-37.1226842614404	-36.8752333771689	-37.4028403264172	-38.6074075640488	-35.3945052190918	-36.1470419241601	-35.9530350651831	-32.8433452839896	-30.5219112787097	-29.9789250469994	-29.8243434454951	-32.3789332982685	-31.7857078015563	-32.0581862932861	-30.2898990211564	-26.2601974425921	-27.4521819838136	-26.1972992882717	-24.3623280270387	-25.8135661368328	-25.3059276117538	-26.7053556189064	-25.0792179085475	-21.3022397411942	-20.7422152563276	-20.6887131569031	-21.6684639120187	-19.6536778135484	-21.6724553542486	-20.9802822472642	-21.1117389409503	-15.6093899102509	-18.0429113874764	-15.1060388070374	-14.2880396328010	-16.0008120332559	-16.1007208402302	-17.1099650762157	-17.0055755376567	-10.4588564513873	-10.1775829061604	-11.9190986178574	-12.3861493386503	-11.5104515844757	-10.1814203455510	-10.6386717262336	-9.14506132945378	-6.14380799124306	-4.34905056183606	-7.68444489854561	-8.59978142570976	-5.18957172652267	-5.89655804934226	-4.55052987976660	-5.71394121085373	-3.46069897156730	0.242889535229275	-2.10568979013140	-0.0379735299810196	0.453640171820128	-2.36184687776563	-3.72333224963256	-2.78580797726444	2.47779625948039	5.85913960751106	2.94486437181013	6.09548709443194	3.37908393854472	3.40800430604574	5.91155600669941	4.44911873247364	10.5182645412350	8.80313720293209	9.22239445233305	7.99443270059976	9.32215885284211	11.1882684187820	9.36876456677849	6.61312076828316	-51.3212696165697	-49.3827820818789	-51.2050583827337	-53.1095720698188	-51.5385699288323	-49.2684985780086	-49.4286056367450	-49.3306874396043	-45.6137570552635	-45.3350177477794	-44.8914095200456	-44.8230083344354	-48.0689868065491	-43.6699002264904	-45.9715753293147	-48.9095529250631	-40.2497760478040	-39.1639088083653	-40.0385463319336	-41.0694734455292	-41.4813899442099	-42.0156497302880	-40.8257589360229	-39.2533186288529	-35.5494412422506	-35.6657063111502	-38.5298232460580	-37.3833389861938	-38.2651888307817	-35.3753132001988	-36.8611629622250	-35.6897129686951	-31.8094759052082	-30.1183483758317	-30.6190276642056	-30.3286790821333	-32.0656777499709	-30.1570285639552	-33.8373114464699	-28.3116639950572	-24.8927195092665	-26.2643241587375	-27.9576618280239	-24.7169541043101	-24.8595531066993	-26.7693998592194	-26.6916430024645	-25.9004398984494	-20.2192947254726	-21.1531074038784	-20.8042907424690	-22.3402308744101	-19.2583828386934	-20.0526995019723	-20.4391964499458	-21.0895143542985	-15.5170452902770	-18.6706504507502	-15.9294679467753	-15.7137596015393	-16.6337448902387	-14.9851080633290	-16.2010828229738	-17.5967552207460	-10.2256914961529	-10.4314900348782	-12.8305435486799	-12.3518869368554	-11.7537307812827	-10.4462391694275	-11.0015254295958	-9.32015873975994	-7.17672242165509	-5.25715914199805	-7.99054245305275	-7.71390810720423	-5.25810669391107	-5.41564371629232	-5.50796931400269	-5.15911288060773	-3.55153506706881	-0.856855206975680	-3.43330431003875	1.12795907613090	0.847178317624753	-1.49770578024755	-2.05299206597971	-1.81471430932215	3.02636000227375	5.99478007423009	2.55231822065732	4.27693949342666	4.27263897004166	3.22676056494918	4.45139094473873	4.12418206754816	10.6735484339642	8.40757790880263	7.14612395982673	6.66956711706118	10.7281589213939	10.2043753004807	8.35790664942481	7.81131201087716


seedPosY:   -396.378374604623	-387.778388865728	-376.933894986908	-367.964756998373	-355.340625239821	-343.828355357311	-337.346245290682	-328.145711099853	-388.727802434838	-381.283414273339	-371.114340227868	-360.110568235623	-350.419472672306	-341.309245684933	-329.152269231805	-323.091179389518	-396.667221144307	-385.581434190444	-375.095974280277	-366.612311459864	-355.203136358054	-348.690012790130	-335.512643271307	-327.079679645130	-391.130013755097	-383.239101928469	-373.530034437479	-362.206008749427	-351.030610906698	-341.384285166683	-330.580903316820	-322.544249658269	-393.957226205586	-385.989936628999	-378.273015511562	-366.696353364205	-354.950380848612	-347.505766931836	-336.368651822787	-324.546978565606	-391.274720893511	-378.660253718250	-371.574017336161	-359.960121902022	-351.827761224241	-340.234302750452	-329.607134682870	-323.147499831017	-394.028449273658	-384.262274569687	-375.930671173497	-366.006147184747	-354.427705730935	-347.952937703045	-338.354023438249	-328.725005160323	-391.272285039554	-378.847822148856	-371.014316576978	-360.848097192105	-351.668453233921	-339.653575328311	-332.507634411823	-323.872659341822	-396.636274863457	-387.576063504060	-377.712307449641	-365.669448785565	-355.375721445966	-345.573249056854	-336.669493618847	-326.061347237542	-390.004286781525	-378.873832087126	-371.127008562941	-361.499667953710	-352.646594126164	-340.311621947473	-331.124310859967	-321.276121576769	-397.795203877607	-386.608907158794	-375.837844827906	-366.833463254976	-356.077542271541	-348.007522318424	-337.544603933309	-328.641614193296	-391.481157469213	-382.646427463584	-372.397424304455	-361.889859803245	-353.290314075255	-342.752406018601	-333.958900123852	-322.152162890478	-397.507482814195	-386.717512070606	-375.121258049573	-366.407999975396	-357.883012410388	-344.402500756014	-334.900662474302	-326.533310843721	-397.764251054604	-386.009469024060	-376.563446720960	-366.838704142760	-357.460908674612	-344.841560193749	-335.988319612701	-326.690827466415	-388.704742209242	-380.621467935815	-372.066777816955	-360.512740605233	-348.643926201058	-340.100661534485	-329.286839044305	-321.953915567674	-396.002773576235	-385.989899391428	-375.671248087027	-366.639599619065	-355.533299483759	-348.798350614071	-335.606949127521	-324.902585039966	-393.399304762579	-382.779884848367	-372.503951844886	-362.132548482688	-350.121945080507	-340.400500554958	-331.124170103804	-321.884888652035	-394.468663315748	-386.299701114507	-377.649477753173	-366.482790208569	-355.574401162067	-346.017805093327	-338.430819053882	-326.906828872506	-391.013685523514	-380.747826726487	-371.224096913943	-361.429237525399	-349.925880700588	-339.345412714869	-329.884153018029	-322.988127850065	-396.150812886930	-384.809625383933	-377.291549524858	-365.750795417978	-354.232204960064	-345.880852851723	-337.573755898204	-327.566601471849	-393.239503523289	-380.336661621537	-371.210193100887	-359.676276011147	-351.912488177575	-339.292238658765	-332.606710992093	-322.718163999255	-397.176831791853	-386.122287171709	-376.396408040341	-366.029244248297	-356.108298051462	-347.460792077534	-335.707887050899	-326.361032204094	-389.888544185412	-380.901236809116	-372.166248940588	-363.506235285076	-353.090659055427	-340.250694880331	-329.125274548481	-319.690774973642	-397.019191832175	-385.000880803712	-375.034043187375	-367.583351862096	-355.449511413162	-346.319641990853	-338.508084277788	-328.525225605645	-392.266950099118	-381.747081222048	-371.655288022842	-361.907572616690	-352.530724836501	-341.774779296738	-331.910610357089	-320.384073017874	-397.261268888146	-384.833505742887	-375.829745510280	-367.812494731794	-357.111208284917	-345.689763238438	-336.252348421887	-325.094095250277	-396.819383242805	-386.197245088235	-377.464550588478	-367.080672458533	-357.346282609297	-343.599970202040	-337.067543054403	-328.097233485510	-389.605799209225	-380.306543264985	-372.939972629384	-360.380274158627	-349.037479127921	-341.590679964110	-329.400010227743	-323.024684400532	-396.411897813413	-385.934078224240	-374.268260108250	-367.672776331040	-355.695701485305	-348.349987094720	-336.173753192886	-325.108953997177	-392.612848317699	-381.749500761366	-371.234482788840	-363.975470871336	-351.864589731906	-340.567069783227	-331.434842350911	-322.523750194272	-394.341406178923	-386.596316183271	-376.394887961502	-367.303938938053	-354.268701451905	-346.952584264327	-337.398099654445	-325.755801105298	-390.295130087995	-380.209970774829	-371.840221808954	-360.507086673812	-351.303129168983	-338.453366367725	-329.236383587621	-321.441547149135	-394.430333089399	-385.991487853206	-375.193003784047	-363.842423673814	-355.663454005950	-347.372135588539	-336.624090542521	-328.817267190240	-391.964080382630	-378.653026804036	-370.593295128871	-359.052456971389	-350.385781327416	-340.948574369678	-330.544303982477	-322.739116734358	-396.803980954282	-387.503299008698	-377.495598017356	-366.296810458973	-355.022975275370	-346.481345034912	-336.380825132714	-325.949488677417	-389.198511948013	-379.344481977774	-372.720468985882	-361.640029568256	-352.744310482670	-341.801714049572	-330.409122064870	-319.213555670862	-396.756904558120	-386.211787907791	-375.392808624023	-366.375931900042	-356.336503492662	-347.407636670267	-338.168008346990	-328.121488794411	-390.975650245234	-382.945387549372	-372.962441803284	-361.728144230753	-353.056588364798	-341.992492743404	-331.997446385398	-321.028553541086	-396.331636080323	-385.114625409237	-373.401475288001	-365.620611821520	-356.222272493064	-345.464978423803	-336.565245408219	-325.243546514385	-395.687061886512	-385.892101980660	-376.673772910148	-365.878648653758	-357.462660786667	-344.832209825986	-337.287312055039	-327.129475921585	-389.832523671129	-380.665501873936	-371.068806049871	-360.505896682625	-350.705612988029	-339.990800350392	-328.884430096668	-322.155526496139	-395.185137480499	-387.146620787304	-375.505442107372	-366.845043023059	-355.337129386283	-347.577868621822	-336.657724628172	-327.123915390637	-391.898027692932	-381.931012832023	-371.904764558637	-362.981540650292	-350.332385565174	-340.916386686025	-331.593355218807	-321.761497605800	-394.542713602967	-386.988211050866	-378.170636724344	-367.170603644555	-355.408799407569	-346.953414633772	-338.095960171017	-326.000577672495	-390.622930463338	-379.239387638101	-372.280954163872	-359.213815606117	-350.375308579737	-338.952284525288	-328.657308464166	-321.251562215644	-394.350154281983	-385.376706260827	-377.239378058938	-364.532854820593	-356.077501138883	-347.969174462754	-337.253833279555	-328.824981192538	-393.074143793602	-380.106318883018	-369.662459949248	-360.197953163670	-351.721717992798	-339.370421771011	-332.822017766271	-322.178184816384	-396.883963687090	-387.904333437360	-378.576777942239	-366.613912019299	-354.433057840348	-345.963654301180	-335.025510774501	-324.295404550276	-388.923761103122	-380.594750153870	-370.348683743661	-362.172864356333	-352.090773941180	-341.417811667108	-329.667161986836	-319.237412281486	-397.375663497737	-384.688027023393	-375.362898883444	-367.257001857637	-354.581908424076	-347.489294548793	-337.795430598842	-328.804104392498	-392.644095226083	-382.202547236353	-373.319078874866	-360.876442438789	-351.010252673697	-342.773117825714	-333.054708127952	-320.209852855618	-396.220838341227	-385.206220696235	-374.086115914390	-367.078579566224	-358.022165444409	-345.230196900037	-335.389520942094	-327.090170009262	-396.113841837962	-388.074400995862	-376.600650585444	-366.265342097688	-357.463212051030	-344.328505391299	-336.865835145192	-328.537311876266	-390.739399633655	-381.789777705534	-372.792199788908	-361.606187171972	-349.677456372811	-340.701981270503	-329.499995395659	-321.312346329320	-396.439836719160	-386.487703374835	-374.080962699950	-367.433230872887	-354.395650377825	-347.714105885236	-336.805958891899	-325.643778165559	-391.790907888731	-383.758196019357	-372.851080398063	-361.818665790554	-350.188078884119	-340.631601192709	-331.219735669167	-322.164754084854	-395.583129019047	-386.785988301822	-378.673514257976	-366.801658842684	-355.208266974446	-346.657051197940	-336.262830162418	-324.543444380732	-390.639804219595	-378.711847044628	-371.032936220184	-360.543866124901	-351.301657055697	-340.406881752391	-329.050282623960	-322.469487940926	-393.878866284646	-385.306364531425	-375.550032224691	-364.772330394622	-355.402893799209	-346.087104506844	-336.999318331544	-326.898709231228	-392.524239312144	-378.887333783309	-369.712394236337	-360.788768260324	-351.117353360150	-339.523217298515	-331.879225595523	-323.887526079728	-397.455671956379	-387.021758260260	-378.128736928049	-365.662255594154	-355.756513388010	-346.566968987616	-335.725961253516	-325.896327829078	-390.034677606078	-379.618131722960	-371.269146877478	-362.838387256266	-352.996994450423	-341.511110671024	-330.500190590696	-321.153323727546	-396.736567197470	-386.254987637796	-374.631372636176	-367.354587134940	-354.833664593858	-346.264709003121	-336.468707506549	-328.593846491529	-391.294439031400	-381.689167737874	-373.482648953424	-361.011964354459	-351.064047846611	-341.808261886032	-332.512077602321	-320.074309309361	-395.732502463655	-386.641945025516	-373.448751271331	-365.780120760843	-357.523923512493	-345.091496306642	-336.024003072949	-327.073426920732	-396.496323421659	-387.463445491026	-376.633820664677	-367.745124756216	-356.274242175073	-345.501441004901	-336.316822073133	-326.761244346910	-389.097638644712	-381.831669005442	-372.110527626590	-362.181883709201	-349.965881700008	-341.011950558202	-330.376792265786	-321.349477630175	-396.191677702425	-385.657219485038	-375.081473082646	-367.006031360858	-355.579877900713	-347.772952116593	-335.656302934891	-325.732628276188	-391.100472613025	-381.919072732328	-371.796612910443	-363.055376083043	-350.106358454639	-340.775227622807	-329.574572938081	-322.003936567490	-395.433811006560	-387.701507171160	-377.426454188795	-366.692076795832	-355.475862524507	-346.799358509529	-336.272995036230	-325.032662846667	-390.948455592982	-379.945211774950	-371.874436265032	-361.067161803477	-350.885604926937	-339.679921930452	-329.881750676338	-321.486467199243	-395.687400278678	-384.298655914911	-377.260854373200	-364.748916332107	-354.845941607004	-345.801941327464	-338.048872234108	-327.714744034028	-392.781411187695	-380.688232649104	-370.185451190626	-359.468956219144	-351.735998590421	-338.902330557056	-330.594451896873	-323.938643783194	-398.426543174740	-387.253716883116	-376.537984604723	-365.897103572013	-356.230035378922	-346.009187890128	-335.955447397680	-325.242424144121	-390.795514178634	-378.829089742977	-372.121113841524	-362.836280728214	-353.203623026516	-340.403533063917	-330.416784006944	-321.356487408558	-398.218001085318	-385.893835878113	-375.143486087949	-366.819572447566	-355.433068210932	-346.905971825201	-336.659463155182	-327.238053958586	-391.103595290389	-381.214564302183	-371.384520710947	-361.714122709667	-352.616353197598	-343.463815349323	-333.540649323654	-322.321552758146	-397.543545121649	-385.706991506880	-375.835038216628	-367.224826206641	-357.730645293863	-346.191335861785	-334.696761209153	-327.227077140486


seedPosZ:   60.4180004369681	59.6898753637444	59.2017900157439	58.2240193105475	60.5648635293004	58.8528143772764	56.5120551386931	58.7840793423796	58.8587999650691	58.7065107698411	61.1385323768818	60.5812593947456	58.9439722251261	57.4640750898470	59.6239104138004	60.9062345080121	58.3480889932099	61.1158490607956	59.7198490826441	59.2437156230596	61.9614232626336	61.6711083016667	57.3395291423759	58.5788988207914	57.0314641930362	56.8700692551364	58.2822796794335	57.9077956885292	60.2052198143242	60.4152677747335	56.3251503453714	57.8127350330215	58.8497029628987	61.4261342803549	60.5111430149921	56.9138140198269	56.9271319118230	58.3650838671706	56.9432680260810	56.1477629962610	62.1262452552131	58.8624014462484	59.8507885715107	60.7154625253693	58.7511379308062	59.8101034940840	59.9686266246711	58.4187892804434	59.8475669209861	58.1941557700581	57.3562985510044	59.2074314908987	59.5649648128510	61.4852399924302	55.7928540345812	60.1633607487520	57.1680618561835	58.7019017907033	59.6531716910478	58.3778783570161	58.0353774518120	58.7710456120527	56.0742919097950	59.3314061561967	59.5751297739938	57.9655758200723	60.6373015809288	61.7495740637572	59.6046764029786	56.5638189314828	57.4603039694732	61.7891314791364	61.6770394360835	60.6634832267694	58.3558578311805	60.2567617552336	57.4176203843241	59.7259652053456	58.7643365928726	61.0025334513731	59.3185774462455	59.6061970870555	61.0988946059975	57.3956253725370	58.0315212638040	56.2948828682733	58.8740172168218	59.9514218909768	59.1053171023910	56.1439813932096	56.8278569491755	62.2789074645077	58.7824014986358	57.4030451025443	62.0155787630538	58.8488736370836	56.5059323205598	57.1187614446429	61.6274625623403	57.5699667201473	59.0911217704523	61.0022499487061	57.9483759685340	60.5616449911018	69.0935321379165	67.9409473379273	67.7871772366640	70.9595260113774	71.4817079601395	68.2930592971795	68.6764816516410	71.8296792836114	69.7289746807388	69.8754044043147	69.3448686295782	67.7713672773833	66.7985863850350	66.5635671638863	70.3508692504522	71.7671184841795	67.8533377577008	69.4964476636287	67.7722715748648	68.9338845278482	69.6825548316085	69.3831491044307	69.2458981008515	71.0071829908668	67.9850688424894	69.0589765134169	67.3130440040595	70.9994643395240	68.6481123687905	71.6599666928455	68.6995222378162	69.0848435442217	68.8574269910603	71.6369690302937	68.0962643505312	69.1095164166710	67.2228172178373	69.7454737466053	68.8019508942863	69.1399886138641	69.5720868020947	67.7082723678882	69.8467604221404	73.0685036663878	66.3344816843786	70.4329346311593	65.8067899319647	69.6400242080864	69.1302788143382	67.4635602181403	71.7059674281825	66.8861689939157	66.6400309501279	71.8365308096762	68.6991973625664	70.4742804516016	65.4450121856055	67.7912622396869	70.2398666529837	68.0166223097850	67.8235258049977	66.1319097545189	69.8676888256931	69.9770733232332	67.7054385021854	68.8646883187899	67.6495507963268	69.2716396964215	67.3538240103504	67.3365529052520	69.1616640660016	70.2099746002140	67.7753155734347	70.5046020323887	69.9992810258809	68.9591908471326	68.8283469957397	69.1623267106417	68.5703018051102	69.6127328705259	69.2916859233721	69.3271538424345	69.5550862019197	68.2268724599152	69.5013768374709	69.4138749900449	68.2572875679120	68.1149478171284	70.7369804760197	66.5386050614249	67.9349779989071	70.2706693502617	70.7228625528709	69.5877689676137	71.2008258974436	66.1648316857309	69.2858824183511	66.7144201738941	71.8116061524521	65.1272476869270	68.2194855427389	70.4226594014982	68.2037411763866	69.1597229465591	79.7241034187325	78.6591536787002	78.7489353166320	80.7505171196343	82.0520030874339	79.5088921239026	80.8069741775010	80.3913012584741	80.0616616378197	81.1454036992085	81.1747484661289	77.6423670548476	81.4577422446886	75.4418430648332	78.8652151347611	79.6581681237461	77.8747222564743	78.6053916703769	76.0968420548909	79.8364292495105	81.3052729502148	78.4262810386986	77.6023149881596	77.6208684838574	79.0392690997701	76.5485741621328	78.6076557089308	79.7225780054693	81.3133812862262	78.1511930645735	76.0848334336057	79.7598253879126	79.5964565579425	79.8856634329598	81.6058568936500	78.7147486847419	80.1106080256378	77.6847952509948	78.7574027342689	78.7378626750951	81.8234187833492	79.8711871934347	80.4925876143785	79.0959740986250	77.3027020115141	77.0569076874918	78.0615166830952	78.1173747556848	77.6990328587354	76.4258647590558	78.8698768970825	77.8339939580869	75.6652723682756	79.2548721503901	75.5027041191810	78.3507097824669	77.8109070476475	80.3031786961654	76.5060306172169	81.6438642980085	79.1204190559765	76.2928855554725	76.3025954204304	78.4879739503645	79.8795096511877	76.4099328269641	79.8643440668764	80.1026788546020	79.3578602104925	80.2436848280391	81.2210238797220	80.9248114333348	80.5871727418110	79.2147707384690	81.6227547784332	81.1463634447848	80.5693564012930	77.5544176430136	76.7770002258999	78.3190663429077	81.1000160803712	78.9474188680112	79.7643037169412	77.2988383079494	74.8563601095239	77.7833116828507	78.2690201353126	79.0619933646141	79.3400422626149	78.2796463556343	77.7636611764841	78.5174514769577	80.5811761774192	79.9217347252959	79.4512038165538	75.0082855127026	79.9977170693987	79.9313525562998	80.4363123745975	74.8164076372749	81.0739207368777	78.8768783068327	77.2235475351123	79.8585955563918	89.8150387567852	89.1640170403156	88.7072250452088	88.0281403046895	90.6602218129701	88.8297422513117	90.9154112338819	90.1653917124853	89.6983060991340	90.1550467275181	90.8048289803646	86.0503477978089	90.9999856226985	85.5625032748322	91.9048750169764	91.5711518446445	87.8294555824089	89.6151675961756	87.8363008105571	87.5362918651019	90.7110748649380	91.1300499699570	89.6822943179456	89.4486723702893	87.9036325496733	87.3484326282326	91.3105368106334	92.1503069142209	87.2268013128962	88.0656609027034	86.0365456317819	89.8518610072978	87.8499717360463	88.3666149976482	91.1499159754661	86.1550738454682	89.9095628341744	87.1537252431072	90.0175684902165	86.5912771048233	90.5689674105897	88.8077593167766	88.7002846204461	91.8394696510056	85.7381586915818	87.6015981984635	89.6554793689115	92.1294124090695	86.0612702916481	87.2505725042975	91.4011414231755	85.9557099266394	87.7111825461576	90.0270966382807	89.9652829754133	90.3208397157907	89.7714931995827	91.6207737426475	86.7655184877840	89.4777637264651	91.2353744282398	88.3248668601264	86.2025620414621	85.1560388756055	89.4021657525761	88.2270903740149	89.0458144276290	89.8699431058714	87.6855473861546	86.4762736474000	89.7406264971237	89.4848407298532	88.4901257029607	89.8964315393212	91.8717554694350	88.3672333567374	89.4627715330304	90.2158540262324	85.8864218560282	91.3869755862795	91.0280828758099	89.8070820828772	90.2452589430647	88.6249258506336	85.2776407309035	87.4132353518788	86.3172774591523	87.6119173972969	90.6095692936389	84.7505460961921	85.7545048492327	91.2613116447407	88.8417012620726	87.8262147312975	92.3264140425041	88.8880152718906	89.8110553806596	86.7618377124864	88.3693445639480	88.8409352681757	87.8885160253358	88.7623051101269	89.6238391704746	89.3352589706949	97.2100971866741	98.1899497030612	98.2424430329232	100.680075798147	99.9109580475407	98.5261906968929	100.865104981975	97.2673287064896	100.792511892102	99.3335032499013	97.2278758505089	99.0765135620993	99.7903452507574	96.8217471339210	99.9038458500018	98.2368314726548	101.373880968471	97.9404825407369	95.6362507872962	98.5215547749556	99.1017197060000	97.7054195233975	96.3026216637088	100.124015120739	100.129173865905	94.9714169627877	98.7784180969723	101.724741042921	98.9821739517566	99.4235040481911	97.7465537008508	96.3092796917737	98.0102383253522	97.7146757083722	99.3221221387997	99.0034453166201	99.6625235136686	96.8209303775208	97.8407258088189	99.1102303014298	99.2218729463035	97.8849899392539	98.2432114407512	99.5253881062076	99.1340549755936	100.319621786397	97.7915752684988	97.7524602339124	99.7382206310172	99.6705450562561	98.5489696371905	98.8208528227353	96.8351587007494	99.8218917535580	96.1439842465320	100.207359248427	99.6692476822443	101.028388896252	97.3700977310459	98.4371387195595	98.6857915587796	99.6548727712604	100.060059037944	99.5401892237612	98.2700488186173	100.310616624415	100.317538285285	100.259490216308	98.9733979142888	96.4911772153763	97.6020289096884	101.299115080753	102.467190974055	99.3411982319418	97.4032721072256	97.6568490886914	97.8883420315357	101.172126699134	98.2914627187992	96.5772247419504	100.769845054435	95.5148587060095	101.291411229377	98.4447396320656	99.3802782387060	97.8280788464728	97.2074442854462	98.1503488418955	101.052384361683	95.0250203140523	97.4201966378775	98.2769193284023	99.8042355813707	99.6787323599409	98.3318980915075	94.6596080879163	100.774037310555	97.0382911443696	101.654233725283	97.6236421551794	99.2346645657056	100.089916961791	96.5486545339681	102.542632289696	106.954977456964	106.737855738708	107.162723805719	107.666122627306	108.420034134271	109.850986019091	109.271171463725	110.771287439126	108.805851223228	108.773162960020	110.365978725697	106.476745419585	107.490651134549	108.032013851456	107.878967913432	111.594148613449	108.080367792695	111.750790549875	105.493401554593	109.576322625123	107.871728032573	110.634162881148	108.626659437716	111.882669535191	107.375809264893	107.344877905532	108.626198125209	107.778494384211	108.363619402726	111.028974522166	107.196359003911	107.074984555516	106.000152021528	108.971524337292	111.955267290054	109.693500983696	108.859409795784	105.860173262784	111.195742617358	108.589803768863	109.533487464496	107.462230287077	108.966365186587	110.328802193559	107.896658788880	107.430304597761	108.818973161475	109.243733120011	108.037636825882	107.109072823360	110.792921704523	107.874885937765	110.299898933145	107.716756265893	110.227435901684	107.536726598974	105.390712248599	111.081838576218	110.973881544351	110.077676076607	111.741158318814	107.805016961048	107.176375071583	109.573882085693	110.577627540748	110.290278171408	111.221586343530	109.975334197879	109.612485457960	108.111671295731	107.630904539344	109.096744199314	112.734754227298	109.435722238476	108.358176405238	109.447510402040	108.356525748701	109.719442357449	107.913724954554	107.905227749313	111.056580108746	105.967474654233	111.525429729298	107.136633194099	105.887556311388	106.045818857226	108.987330480167	107.653964507330	106.718442239380	108.312968431698	105.709385168152	112.073334366133	109.934996314560	105.666079514947	110.880465080077	109.575816314180	106.360857051205	105.913004748132	108.681798275897	106.425374164925	109.475302514826	108.440386096062	105.934627462229	108.460957884610


objFunctionValue:   682.540208386891



