Dataset 37


dvh_array = np.array([
    [ 7.52, 2.70, 15.20,  3.16, 12.42, 11.81,  3.53,  3.36, 0.00, 0.00, 0.00, 0.0432, 23.79],  # Rectum
    [ 5.19, 0.53,  6.16,  4.36,  6.07,  6.01,  4.44,  4.40, 0.00, 0.00, 0.00, 0.0000,  0.00],  # Penile bulb
    [ 5.42, 3.89, 42.57,  1.96, 16.99, 12.77,  2.41,  2.25, 0.03, 0.00, 0.00, 0.0000,  0.00],  # Lymph Nodes
    [ 1.24, 0.88,  4.61,  0.25,  3.72,  3.17,  0.41,  0.36, 0.00, 0.00, 0.00, 0.0000,  0.00],  # Rt femoral head
    [13.68, 1.21, 18.00,  7.85, 15.66, 14.97, 11.40,  9.45, 0.00, 0.00, 0.00, 0.0432, 23.79],  # prostate bed
    [12.40, 2.05, 27.28,  5.86, 15.62, 14.74,  8.40,  7.19, 0.00, 0.00, 0.00, 0.0000,  0.00],  # PTV_68
    [ 5.88, 7.36,264.28,  1.50, 19.54, 14.25,  2.00,  1.84, 0.38, 0.31, 0.23, 0.0000,  0.00],  # PTV_56
    [ 5.78, 3.93, 28.93,  1.07, 14.32, 13.67,  1.57,  1.33, 0.00, 0.00, 0.00, 0.0000,  0.00],  # Bladder
    [ 1.25, 2.89,264.28,  0.00,  9.96,  5.26,  0.00,  0.00, 0.05, 0.03, 0.02, 0.0000,  0.00],  # BODY
    [ 1.07, 0.63,  3.54,  0.18,  2.83,  2.46,  0.39,  0.34, 0.00, 0.00, 0.00, 0.0000,  0.00],  # Lt femoral head
])



templateX:  -52.8050546944544	-49.7939280194986	-52.7725562392162	-52.1351996553377	-51.4766845741392	-50.8140192140736	-51.3151824676662	-52.3913009111953	-45.4607339046844	-46.9593862530887	-47.0243994982220	-47.2372344731228	-45.1944468320589	-45.4036677714468	-46.6769087110364	-45.3126465584507	-42.6070194868169	-41.3246341178161	-41.8470601858041	-41.4460061442365	-42.5814835080381	-40.0885584019110	-41.6545606657503	-40.2659608908293	-35.2248785501140	-37.0059693559348	-35.0821078494700	-36.4782523445168	-37.3292682999715	-37.3405974784179	-36.4406218071638	-35.7330244100910	-31.2530269428784	-30.9308123711555	-31.3682661372161	-32.4735926984567	-32.2915500450507	-30.5953857277437	-30.1099794161036	-31.0144135059816	-27.2734280482918	-24.4583071070193	-27.5265041905445	-24.8160909318350	-27.8889858538657	-25.5965246925773	-26.1879254667353	-27.5744039459696	-21.6261999052894	-20.1282209154769	-21.5301520526666	-21.3062641722669	-20.0714635650282	-22.2986925021271	-21.4005216381028	-20.4388387569731	-17.1747481255136	-15.0053928692908	-14.6660838808780	-15.0346699546791	-17.5807555658733	-15.2275505691970	-16.5931450044356	-16.0817710356296	-9.56401646958262	-10.7257207924745	-11.0860003122207	-11.1930427026943	-10.9506382589430	-9.71359529656689	-11.4347477750545	-9.68531864248166	-7.26955749395108	-4.60706851362510	-6.69291152616470	-5.37527900456478	-4.86052331987495	-7.39725566626336	-7.37911164688913	-6.46709375317779	-0.670692689605490	-2.17305659093933	-0.497175302452464	-2.11567961841083	-1.89990113185809	0.406802391020731	-1.11291293480953	0.271936556613970	4.72552098944292	3.83494767231965	3.76681430512062	2.37019509914166	5.50551790187366	3.43261415476071	3.05848586635318	4.66252837676520	10.2321465626790	8.13705041282354	9.98567612049579	10.3779716230493	7.58141357269115	10.1922799888350	9.06970621814522	9.59026481443279


templateY:  -395.919255825840	-386.743868482764	-374.685670992479	-366.505445904045	-357.443369439778	-346.146639407062	-336.661460120678	-327.029100341101	-389.554533970291	-379.428432832642	-371.572975322535	-359.889361696400	-349.451778000618	-340.028222378038	-332.477486918446	-322.044913335563	-396.623435289795	-385.383360398393	-376.107560991213	-364.395251183591	-356.778940108345	-345.329158804158	-335.055069451192	-324.574420592617	-391.531480458670	-380.104574986614	-371.747306340995	-360.100417599854	-350.926320995186	-341.694668075313	-330.826455409737	-319.508601412929	-396.546197404618	-387.616801067495	-375.768597582241	-367.377597064034	-356.730331683403	-344.896742372683	-337.035424661612	-326.121909729408	-390.134297018214	-379.987023065388	-372.279113771327	-360.179299327927	-349.698633120770	-340.267989116531	-330.748525479583	-320.723823888494	-396.122906848825	-387.867571054008	-375.193144673995	-366.380868474354	-356.388562333722	-347.002469562836	-337.619715754844	-326.416209803582	-390.308796974231	-381.107288576395	-371.755141564185	-362.605009236609	-350.933828004017	-340.160125642213	-331.280118272899	-320.260426229401	-395.922206979827	-384.654225706626	-377.585362975599	-364.603975776637	-356.988897236604	-344.437432463622	-336.077618316457	-326.764328875924	-390.803128911910	-380.288710961820	-372.215139063299	-361.524211517438	-350.743886741839	-342.678164671783	-332.685091604143	-320.183692273263	-394.900511302772	-386.103886032548	-377.603181324641	-364.907829446690	-355.697692761595	-345.962974416046	-336.608817040902	-327.693459533001	-391.013182928660	-380.090832276300	-372.791417681170	-362.138154020167	-349.914753693141	-339.816118869124	-332.363005908922	-322.120435753382	-396.149867525394	-386.611106604331	-377.258728673346	-367.775451630050	-356.993474644163	-346.338998953056	-335.410003970675	-327.370355722820


templateZ:  57.5533075622454	59.9102171774984	59.2376260110127	57.1477876044291	58.3564951580676	58.6327124184102	60.4140799093551	58.1617328441354	57.7805620450239	59.7392773480100	57.5363715622750	58.1551108297049	58.5328092759688	58.1598661912747	60.3755205548439	60.0334022640379	58.8843408780301	58.2458861740695	58.0741393655485	58.1155451732262	60.5820117858429	59.3912238338969	59.8139325400337	60.2812997950517	58.8431682801474	57.7326118797200	58.3254236479081	58.1536347737464	59.7180845321415	59.2420646684587	58.1248326676164	59.0594930626788	60.0470941515369	59.0424894874061	60.4987955169105	59.8383884471744	57.8010299350491	59.3295170634685	59.3896038054283	58.0834905743236	59.5116340823566	58.3331660447834	60.2003806275925	60.5998093399169	57.3704135818715	60.5911828133900	58.1820007935753	57.7103313018435	57.4010631413393	57.8513040320926	59.1994678265105	60.4148669592199	57.2922345060866	57.6952893082521	58.3848250467521	58.0646471414659	59.3627445633532	57.3926392234759	59.4146848554367	59.2410926037641	58.5844842170637	58.8101580352405	58.2777586477605	59.1902115571063	60.5686031836282	58.8292065691222	57.6246361929491	58.1172841481336	60.0066947980103	60.1237722728178	58.1108979016584	58.6760373558871	58.6374422614987	57.8516044179149	60.3453086304642	57.5752474348658	58.9904480415168	59.2237419180367	58.2638427151535	59.7818442309557	59.0457012149146	59.4307312487748	58.2667736131971	59.0798736010574	57.7674065029733	59.5604212590583	57.8427703953521	58.1557751246566	59.4553542917389	57.8759246990959	60.6030417251184	60.0002920734914	60.4001908554280	57.9368534736520	59.2289761225450	60.1947325950070	57.9500554243586	57.6215696072536	59.5650279032830	60.0653603383774	58.3856795042938	57.2966796151964	58.4290412871791	57.4042996676197



seedPosX:   -53.1348890341410	-50.2476611666136	-52.2714899600299	-52.0192831062230	-52.0693559687256	-49.5672271609398	-50.1439180612431	-52.2984458114372	-45.3519942948220	-46.5427023984439	-47.3425441493315	-47.7301754470736	-44.8169493698756	-46.0876096412349	-46.3930085337493	-44.7516039280878	-42.1821710620626	-40.5623214939201	-40.8672765934293	-40.2490233325290	-41.8053718075057	-40.5520426199240	-41.3856610035353	-40.4949204872169	-34.9763201703384	-36.2723897665229	-35.0376400075109	-36.4271569457789	-37.8485026578346	-37.2360561565452	-36.4678661051422	-35.7321091647795	-31.1400830515494	-30.8429999064622	-31.2904614748445	-32.4886957511775	-31.9189630435128	-31.5947596773956	-31.1142291466367	-31.2732893081553	-27.0959273983302	-25.1582166316769	-28.7634020761377	-25.6242367900050	-28.8149413892813	-26.1366244626162	-26.0602717256888	-27.2698486451456	-21.5607637661385	-19.1117210495238	-22.6882937876754	-21.8646709071946	-21.2306891787306	-21.6185594439248	-20.2416945335434	-21.1230157106711	-17.1164861828490	-15.1988251262790	-15.8042672793750	-14.5618994852979	-17.8724082244839	-16.2844925985705	-15.3824818713456	-15.8072107827921	-9.31928449538890	-11.6207582775589	-10.6605445504106	-12.3440187530379	-9.77401337421013	-10.8245260215926	-10.2057076583254	-9.26012342668952	-8.04255592440122	-5.79457010379612	-7.02420356658221	-5.32546542095032	-4.00590973513144	-6.34522913163812	-8.36971360119879	-7.57222969627231	-0.430863897951242	-3.09332390827097	0.318050631716287	-2.39119365570415	-3.06083317679905	-0.410580394687694	-1.66453453272487	-0.797696361215533	5.92733295092257	4.46873231839727	3.92972106051596	2.40288611294303	6.25542351214651	2.88640952106534	3.85418917460624	3.56238072878096	10.7391208189526	8.09279376472105	9.40163624118255	9.55053932199225	7.96076389181628	11.3658648578732	9.37909915004560	10.1610495253451	-52.9032132518731	-50.0110079401708	-53.1651894872618	-51.7481804029179	-51.6343774656827	-50.5204419323664	-51.6081866681827	-51.6423019321711	-45.5909594064854	-46.2594655344273	-46.4072546246296	-47.9917707634618	-44.1929204094066	-45.2501927335821	-46.9079603132804	-44.9427600395877	-42.4575920133940	-42.2939674726622	-42.4125153810587	-40.5389909014825	-42.4795052533779	-39.3240152431448	-42.0405199328751	-41.5057490374319	-34.8530040955319	-37.9379369778911	-33.8691893932177	-36.9894828692515	-37.1733201185330	-37.5359261338344	-35.7393728101290	-34.9932937243102	-31.3873254974132	-30.1398678670168	-31.6106580250935	-33.4465970843748	-32.7385505865869	-29.6900720484835	-30.4490751630033	-31.6821905597031	-26.1456725632742	-23.2444649126593	-27.0791350019556	-25.2779023013451	-26.7098063954586	-25.6810866763787	-25.4331717260697	-27.0890537882130	-21.0765920704530	-21.1977656286750	-20.7419998298273	-21.8560331631811	-19.8924584100909	-21.5207206666644	-21.2204894814211	-20.3971714242791	-17.0531596688761	-15.6872706904655	-13.5463927982481	-15.8016776689176	-16.8989341789970	-15.0023757683976	-17.3088707855775	-15.0366453545987	-9.69029524595698	-11.6409928208038	-12.0047183946292	-10.5314817593642	-10.8806367837833	-10.8644130757933	-11.7151837876065	-10.7286052569719	-8.40555017111977	-4.14589198534348	-7.00576510773186	-5.49043173777467	-6.04424947584846	-6.40778404841025	-6.23394954585664	-6.69072830968237	-0.841956438730158	-2.24361179661260	-0.600769021066812	-1.95327960413024	-0.878929180430099	1.52160727663871	-1.03940408641210	-0.699515217552507	5.26267003859987	2.99444654311001	4.58483642079550	1.96563814643975	6.50081900735346	2.63297889077473	2.85469675379939	5.59593042897035	9.35229962956131	7.28685976771134	10.3424629591576	10.4879030760303	6.41074083988226	11.2864497687968	8.20072779763466	10.3980023537697	-53.2069977235310	-48.7553736491145	-51.6607685473216	-52.7584034183698	-52.3789126315320	-49.9974654402418	-50.2060669227533	-51.3064905856028	-46.5542372213491	-47.5876413803021	-47.8714994498001	-46.4376687258316	-46.1163624858118	-44.5171573678099	-47.6392311616950	-45.0906337782263	-43.0428941441956	-40.2645648334978	-42.2068072488340	-41.9044256610719	-42.7137704380335	-40.5912388977259	-41.5483310703956	-39.3852424916089	-34.0906956805484	-36.2306829586459	-35.4464599374989	-36.3376746966558	-37.1650211647584	-37.9663738168183	-35.6522304285530	-34.6423827472123	-30.9242896627700	-30.4564937344775	-31.1801680432788	-32.9323682414270	-31.8217597032010	-30.5623765750062	-29.2493718284811	-29.9474729239688	-26.2299665272913	-24.2316910145141	-26.8190984398593	-24.3391825501235	-28.5050312573529	-25.9545243866873	-25.2248302963250	-26.5642269403003	-20.8697318394972	-21.1543382625513	-21.9572398535960	-22.2535840094370	-19.2133391001139	-21.5881570715851	-20.7751396623350	-20.2034505137921	-18.2276447259686	-14.5802705321027	-14.7088731695805	-15.1665251117267	-17.4480909419564	-15.8028493314995	-16.1425793070526	-15.3168054729487	-8.38768937236794	-11.6463910743059	-11.9025825470659	-11.1701458897673	-10.6484121768461	-9.33036954122384	-11.2524113620911	-8.81073295883641	-7.34652411580441	-5.02129964232375	-7.15600510533915	-6.18557383564715	-5.66432613921024	-7.60157193082213	-6.27778023743900	-7.20442275625963	0.221079638810217	-1.44877530015770	-1.02816946426779	-1.52598839303623	-0.933233997709089	0.302019809442955	-1.98392492750772	0.357896338958066	5.87422831968432	4.43300295446863	3.43451320528704	2.43853070164973	5.52329248610241	2.45531360879313	2.29814465392619	4.51240907289574	10.0111728194796	8.83705873375110	8.84357981171648	10.4706935390103	7.36145430844238	10.9147003354049	8.72683392862500	8.96363528863102	-52.2712942197600	-49.8510283209579	-52.8707565027910	-52.2101781149509	-52.5415572477013	-50.1348599353765	-52.1030085398674	-52.3363754041490	-45.9912872672190	-47.4723888119771	-46.6243974529749	-47.9744552405168	-44.9415340704225	-46.5427825671136	-47.9263736885220	-45.0948956031291	-43.2786800241319	-40.4552195987363	-42.4168313830139	-41.0269427440912	-43.7893100467232	-39.2343713257857	-41.5023893446829	-40.8713145479801	-36.1116517081675	-36.9837985145560	-35.7980213097693	-37.3094429830996	-36.2906311085028	-36.9278418657893	-36.9110255807273	-36.0337196877913	-31.2012673034954	-30.9452001887095	-30.5856222373271	-33.0578896674381	-31.8616210037311	-30.4089071549711	-30.5969814528318	-31.4151767751542	-28.3488920467388	-25.6772210857914	-28.0836507714933	-25.6407692249714	-27.6645014765104	-25.4826486104955	-26.8941577603437	-27.0346872809372	-21.4134963595405	-20.3546467048296	-21.3636350331021	-21.1839560116936	-21.1528610928478	-21.9310387940185	-20.8228383921333	-19.2226900142781	-18.1322203501729	-14.3508185955563	-13.5415105478268	-14.0441481972485	-16.5840141016282	-14.2359194080287	-16.9422176050228	-15.9894511572296	-10.3259190468721	-10.6389485574646	-10.1362722034671	-11.8000858308171	-12.1092407027356	-8.99160534292166	-11.1946075096679	-9.99137070402678	-6.66704727412501	-4.47053039962688	-6.55659451826269	-5.97494048999401	-4.80380998353072	-7.46169765636922	-7.34502863559852	-6.19537472761120	0.214768359893784	-2.80311313951940	0.232135678019557	-2.69243802138728	-0.963056030069339	1.36145084008433	-1.24239361392852	-0.827008262499508	5.87051454372946	4.66216512874758	3.89104208780612	1.63628350917713	5.11012102462074	2.28157358137376	1.92718591393931	3.49546948193136	10.6428708683874	9.33251612628118	10.2713325129164	9.84788064584497	7.80808281414653	10.0260236399567	10.1814375030220	10.3207026336423	-53.7997988336922	-49.9580922235252	-52.0804976465134	-51.5864841061921	-50.7474246404607	-51.4812988936129	-51.6212425891673	-51.6027775563782	-44.7352299344103	-46.5397144634510	-46.8840935201000	-47.6033208039128	-46.2308867992084	-46.2620858148165	-46.4442135805558	-46.4957999755055	-41.3684097435857	-41.8372672214873	-42.9277183722233	-42.0679134770472	-41.6794267391415	-39.3141363916454	-41.2229418100514	-40.4366410112158	-34.7260670598824	-36.1381881792458	-35.0442441355167	-36.5570379404298	-38.4385430432848	-36.3745567833253	-36.2502111605029	-35.2993182968330	-30.7134099855495	-30.1087612842634	-32.0853682939769	-31.7379596791034	-32.9852168475540	-31.1846929329976	-30.0481285661676	-31.1903188219573	-28.3333655822451	-24.6040870989842	-28.3318499414451	-24.3447745075605	-28.2480724631125	-24.6813597179580	-26.8847008631813	-26.8643761034422	-21.2426394302861	-20.8332673932243	-21.8462268890012	-21.0002073550430	-19.1099353145297	-22.5280975445280	-21.2590496581487	-20.9217086910297	-16.3785764658067	-13.8418417113203	-14.1364049230024	-15.3336281800010	-17.6720690028799	-15.7307101791933	-16.9822578288656	-16.4839713340989	-9.85961861756910	-10.2093999056303	-10.1444795606402	-10.0684051727226	-10.9256536300229	-10.5491780768792	-11.2478887028138	-8.88560969716137	-8.33079174402806	-3.76756034344066	-6.31379708906312	-5.43868966980913	-3.71077239678198	-7.10037321903835	-8.58657607995582	-6.53215507022139	-1.85816394045260	-1.10546137192223	-0.365854581599608	-1.75519583319018	-2.88884226886333	-0.492252251031722	-0.691711063566258	1.48715980692495	4.60499596339531	4.08595216912365	4.96880127584126	3.12838951539080	4.51471510090796	2.98339905200591	2.95291140998182	4.86874562904894	11.3740739890140	7.27266341356011	10.4291835357872	10.9980975296433	8.62812106695916	10.6162668771515	10.2663722759716	10.2031241368614	-53.7261126942754	-50.5575847416296	-52.7578236057963	-51.5282882954310	-50.9478064401335	-49.8361594374577	-51.5154098821821	-52.6574606121818	-46.5746451946929	-46.5864637711085	-46.8805445001695	-48.3455577415907	-44.1599416238160	-45.4749011517465	-47.1629260147720	-45.6859746527161	-43.8134227856620	-41.9916667616025	-41.5519855380737	-41.2861267591859	-42.9993584342146	-39.1566816511262	-41.3063451106371	-41.4659175122535	-34.2968707296306	-37.0961238285876	-35.0153167351208	-37.2573320134335	-37.5155341124269	-36.5645357208206	-37.1290630113325	-36.0167358406799	-30.5760830305959	-31.5546136892419	-31.6126193916693	-31.7413033953404	-31.7120824515287	-29.5255992207755	-30.4387102067959	-30.8656118077412	-27.7203191127639	-25.6912385519095	-27.5455308347828	-25.0642502758189	-28.6374521175358	-26.7206687079475	-25.0677096734276	-27.2363542273876	-21.2878084432105	-20.1988471351514	-20.4556205784698	-20.3690073202797	-20.4339074475140	-21.1661406353870	-21.8952325435737	-19.4597546862077	-18.2310256115126	-15.1246306647264	-14.6472557798269	-14.5658509367174	-18.0414999644605	-15.5684275229905	-15.9681773781039	-15.0939818550520	-10.7509017154937	-10.7776277451436	-11.9223335961009	-10.6782791461420	-10.7428458243390	-10.0008454547580	-12.4585230008812	-9.03598559555082	-6.81083509047896	-4.67721379662113	-6.75072343302921	-5.46348791356148	-5.57104894859275	-8.56614487061563	-8.11735250867885	-6.73065422188850	0.149834019611579	-3.14155740754756	-0.500410603107200	-1.90569679881942	-1.17560345859391	0.843917381113350	-0.689274562759313	0.788865798394854	5.94077078814829	4.79861148686702	3.67449569784498	2.41509498824952	5.49045572603460	2.33766245373863	3.57333825311298	3.71305238383618	10.0043589533451	7.68925053527739	9.75626722356187	11.0641143620129	8.81944087992927	10.3728591014544	7.96746323336721	9.61883526822033


seedPosY:   -395.527824632094	-386.380740024361	-373.644976733717	-366.732694013088	-358.327693569125	-346.940693073896	-335.682890915612	-325.982793815703	-388.360705302141	-379.007256599328	-370.569314700946	-360.300327640199	-349.752530624744	-339.111450615032	-333.327183108506	-321.756847425566	-396.142952736712	-384.524769753097	-377.135402349537	-365.564293914633	-357.156813594783	-345.279411328438	-335.049974034736	-325.739083070473	-391.312252308674	-379.948426656942	-371.765249201565	-359.700881288717	-349.804401979095	-341.858446343573	-330.519350458375	-319.907376362260	-397.639930774510	-387.247973028368	-376.272622166514	-367.163791073694	-356.858082302194	-345.126647759530	-336.322797082662	-326.896098233744	-388.964415309698	-380.484367909705	-371.117834598555	-359.964350501214	-349.391556261716	-339.827103043126	-331.061334686578	-319.975699093753	-395.996759571017	-387.850309484838	-375.586875131570	-366.787432147213	-356.605766608095	-346.956167625921	-337.085226963583	-326.211533373959	-389.741904980065	-381.587839924131	-371.378847942951	-361.433677844518	-350.603340696208	-338.993119992821	-330.560071755687	-319.634544578569	-396.633975188158	-384.306590417677	-376.445116452091	-365.403568905577	-356.172687555975	-345.650141580768	-335.476265130719	-326.033977828099	-390.288717263163	-379.149185233377	-373.449761923986	-362.635826265384	-350.197228830652	-341.547517004079	-333.449631162663	-320.075310220748	-395.874357469661	-386.703966084503	-377.900212963091	-365.414378099765	-355.804758789387	-346.473210797759	-336.396561206750	-327.423830219288	-391.444284855178	-381.129079949562	-371.816858493865	-362.357507254324	-350.505776894703	-338.977147978832	-333.011946660259	-322.690784669888	-395.990617513396	-387.663572948485	-377.105003303366	-367.674892450230	-356.739375130865	-346.745970757216	-334.812946790296	-327.651908093217	-395.164104073155	-386.809199838018	-375.484967322530	-366.585055489541	-357.321470420880	-347.309032583664	-335.998974645910	-326.030399334516	-389.210387545485	-379.049765220891	-370.672863115131	-361.040133748309	-349.564057666895	-341.164305680837	-332.749305067828	-321.880858535703	-395.920819564757	-386.186603427293	-375.555224207700	-364.288934835619	-357.992874180594	-345.594831331716	-333.814686404421	-324.443942468242	-392.386854556728	-379.359244383220	-371.039510353888	-360.393690633365	-350.463234358836	-342.450729369646	-330.512442274671	-320.075176227538	-397.697914055921	-388.799950354333	-375.691412401845	-367.533021333957	-355.643626368373	-343.946891129279	-336.693430260844	-326.024446307051	-389.360076140105	-379.208213053954	-371.974838453228	-361.176605324951	-350.711739834918	-340.444065914033	-330.461520800000	-319.512795318198	-397.175050991224	-386.749990676897	-375.434316065242	-366.297836772021	-355.965173945465	-348.001820116374	-336.913823968833	-326.200646970525	-390.650019854409	-380.637341815376	-371.222777777851	-361.959761377225	-349.732298074549	-340.569319036182	-330.400362132582	-321.341804780290	-395.814930980313	-385.248371338912	-378.639168923131	-363.747043678321	-357.299035326645	-343.677829197676	-337.192434526497	-327.836616037843	-389.983866088733	-379.229853779786	-371.997723239422	-361.472547784597	-351.092104857919	-342.540595595912	-333.733895544434	-320.354424264703	-394.611509591182	-386.707278422870	-378.073730040711	-364.115940315558	-355.326674236489	-346.835427271027	-337.400910262249	-328.889737262134	-390.433568458614	-379.922822435907	-371.967966668513	-360.967413024341	-350.825599099231	-340.575373273837	-332.037330086203	-322.750798841489	-397.326132893429	-387.203611506427	-378.504803970441	-368.084309128543	-356.077887388483	-346.214800817313	-335.141686179328	-326.480266389351	-395.811574626786	-387.433755643848	-374.035998965075	-367.239909949730	-356.923921250035	-345.704053278319	-335.797084215008	-326.910123041892	-390.349756312453	-380.207792176805	-370.346037465251	-359.910079084118	-350.461574342279	-339.226892098940	-333.592649109470	-323.280903846523	-396.250929119020	-386.367490145336	-375.912512930333	-364.833237411174	-356.881430178965	-345.967424761564	-335.641830821899	-325.455572287960	-392.763132250060	-379.841255406711	-371.446086342754	-359.874455170191	-351.033977518257	-341.388433141569	-329.665326132908	-318.755931874364	-396.675223104582	-388.745581790447	-376.294304368395	-366.800724660268	-356.162816063413	-344.900802037713	-336.309611257456	-325.165501590498	-389.878366030424	-379.969040914322	-371.924425015434	-359.214471219980	-350.629586103319	-340.037561088827	-330.003831038473	-321.028551277075	-397.214294397103	-389.030295335824	-375.284622068147	-365.344068970462	-357.541635068599	-347.530359939143	-338.311143582893	-327.224464188719	-391.062577055925	-380.217983686340	-372.445067774296	-362.268344930921	-350.336522780932	-339.844989331395	-332.206766572103	-320.919127911233	-396.287488178109	-384.183218119717	-377.597377717951	-363.875290327836	-356.009866290383	-343.966881721318	-336.803136461669	-327.971308758100	-391.100757006718	-379.993085211530	-371.995343807561	-361.508332220983	-350.989354729217	-341.571649405307	-332.003293172674	-319.528272629852	-395.455067692483	-386.161733978190	-378.016832842463	-365.094036065312	-355.987733871191	-345.972819581900	-336.869298638128	-327.841684683181	-391.468714543785	-380.773217911699	-372.281483243696	-361.377670975680	-349.219864050578	-341.058419660069	-331.991922754734	-322.898299775110	-397.299974367718	-385.895662906345	-376.395685745984	-368.425795761809	-357.874309501860	-345.272266860928	-336.291182253473	-327.120826748582	-396.688219682801	-387.097562535656	-375.352283014759	-365.653008428489	-357.557543094644	-346.515237107257	-335.747295723809	-326.584017916636	-390.185008816669	-378.761063559992	-372.762566871610	-360.909380428671	-349.427801589920	-338.928879972849	-332.233776625749	-321.472774371192	-397.237300131163	-385.473711566510	-375.732574599734	-363.492725449155	-357.573654084480	-345.154964950702	-335.001207048136	-323.778480000416	-392.450046567044	-380.843157862330	-372.543093254302	-361.299155008224	-352.167535357111	-342.291569534115	-330.160140967348	-318.934439003546	-397.099326114642	-387.366955442833	-376.162768419945	-368.300795109489	-357.500852186760	-346.021854321896	-338.140586829126	-327.197662378381	-390.200581327656	-380.991747526755	-372.170756268334	-360.994684314281	-349.316211685645	-339.668166020884	-331.252805011407	-321.581419885387	-397.212442036934	-388.196300212989	-374.168729549666	-365.811198610917	-355.802252861216	-346.269985683830	-336.376854243884	-326.750653467658	-390.771128185399	-381.745983887162	-370.553880061427	-362.712695528564	-350.007615109233	-339.254635959692	-331.163977779425	-321.066260775314	-396.561294131217	-383.930328571187	-376.500019481218	-363.701824305301	-357.255504699470	-343.444349327204	-335.757782155366	-327.565377728312	-390.110405580058	-379.419994364088	-371.493173205966	-360.977120512809	-350.285180745359	-342.304207026422	-332.187504089584	-321.243965098152	-395.113077724820	-386.950406447312	-377.584369763840	-365.400508706646	-355.939338956993	-346.548818911824	-337.241210705712	-328.239049793494	-391.434550234708	-380.795060273606	-372.436623766118	-361.172692815850	-349.142886019301	-339.446621483479	-331.412783537837	-323.138999765054	-395.718221206384	-387.713977917099	-377.146179444079	-368.979561976426	-357.984029665360	-347.354990141445	-334.691048482700	-326.169839079128	-397.108786053693	-387.261675314006	-374.757569124810	-365.523904752500	-358.329507013027	-345.638174220614	-337.846199959051	-328.048320633375	-389.592585493966	-379.031697818958	-370.367174315352	-358.950095521966	-349.957208205867	-339.823021472227	-332.522338666643	-322.529539503480	-397.467899848399	-386.232648325805	-376.407287476260	-364.625100680333	-356.647665749578	-346.121166120272	-335.814339187111	-324.606816697130	-391.468465479646	-379.750798064845	-370.581720775115	-358.941398308921	-351.068794291130	-341.430413381640	-330.138143711942	-319.837993789503	-397.525210713773	-386.770795859179	-375.823667868982	-366.631206214088	-355.683802388505	-346.079523519498	-338.123732086033	-326.062312695358	-390.317634947657	-378.879058310701	-372.056124640906	-360.582733641087	-349.800062445339	-340.383988855401	-330.017631091499	-320.668411532426	-397.154686176031	-387.310661469351	-375.974567610245	-366.636572594003	-357.561797343543	-347.288606433349	-336.697526022927	-326.563320990286	-391.097187775332	-382.174191904502	-371.855710317478	-361.953101430484	-351.959259136524	-341.142186021938	-331.389134586900	-320.796836045520	-394.770809287601	-384.889165970154	-378.392688524216	-364.163443583968	-356.429044220234	-345.196187222727	-334.835433217173	-327.296444645517	-390.683479251477	-381.496004200541	-371.680139449256	-362.503332105609	-350.704584456008	-343.763749803179	-333.595551352876	-319.449553882383	-393.901099312842	-385.099328000965	-376.901248098543	-365.325422963032	-355.840435991180	-345.071937113161	-337.358772501798	-326.971128423772	-390.772293916528	-378.899304909071	-372.330250860015	-362.634250903061	-348.914407662211	-339.482783182991	-332.639749142822	-321.205448756075	-395.830048552205	-387.039026439546	-376.234181610608	-368.955785204496	-357.864782929892	-346.195907679554	-336.576530881171	-328.234900339674	-396.955735503064	-387.202453494061	-375.157678284814	-365.279224354985	-356.872364650512	-345.301511603220	-337.688364228040	-327.070263668324	-389.773616174394	-378.410749541519	-371.684827515519	-359.588320538125	-350.516065495638	-340.376857479317	-333.291561457508	-320.935910972978	-397.000877176479	-385.222793807091	-377.082263830997	-363.757117288576	-356.082516912951	-346.319953846123	-335.496710440785	-324.160800619949	-391.593270416831	-379.052881401570	-371.296367507568	-361.011105101732	-349.999087687941	-340.525866181547	-330.745164640697	-320.221932916710	-395.297733038113	-388.695281702633	-375.175706701241	-366.928118957369	-357.373761054420	-344.853316503047	-337.487338161699	-325.690023678928	-390.554246586397	-379.901778017930	-371.203112795288	-359.824083913602	-350.200424617817	-340.435879936955	-330.782614382766	-320.713298076160	-395.095171339921	-389.062015908358	-374.518229676754	-365.203873349100	-355.644045255134	-346.025746159461	-338.724536594309	-325.594059195704	-389.653452921414	-380.477461005385	-371.102405753819	-361.963363034083	-350.908805056494	-340.840129611482	-331.606747874975	-320.173166592104	-395.401770400001	-384.051891499456	-378.016093352187	-365.708140842370	-358.185762891069	-344.203753311948	-335.554759963560	-326.070577702602	-391.496035934774	-380.551765487890	-371.737457860708	-361.005446957419	-351.356730646121	-341.955259521200	-333.141219499220	-320.646023258048	-395.008870339574	-387.117700475896	-378.122045946729	-366.065166617931	-355.119172249869	-346.610287852042	-335.685485523175	-327.147564520484	-389.818907278203	-380.459862947191	-373.517528894891	-361.918148583827	-349.066320866329	-340.392385128783	-331.684712509850	-322.167272333396	-396.145829559800	-386.336636296963	-376.279656492936	-368.140144663122	-357.330346696397	-345.131525503010	-336.076000902814	-328.092451914617


seedPosZ:   58.5176559287580	57.9594186814407	58.9526040244025	59.0883253379639	57.4181920828647	59.6386648612996	57.9971729234101	57.5513157090343	58.7101180798905	60.5558171086833	58.9286002256777	55.9774413006338	59.6525835458753	57.2240293911483	62.6487493504838	61.8697636077870	60.7990406025109	60.2302240861920	56.5720708129559	58.1321419214688	60.7159732243932	59.8252605122411	61.8466233642215	61.6691489508626	59.7012347382094	55.5564621006418	58.3391804092178	56.0326499078211	59.9691831724779	59.4049152948031	56.9137203846703	57.0902708502426	61.4086967633545	58.6624574446198	62.0555611306494	62.0786646244345	55.9473912665122	57.1329382904511	58.7801506677621	57.8668791790017	61.3387167112251	59.3433596001605	60.5349933065825	58.7127218367350	56.2457993153378	61.8732147623332	56.6211547712331	56.3801949006271	56.4696101199402	60.2396738635204	60.2986796581607	62.6615741853289	58.3194182209131	59.2746256790003	57.8982323761450	57.3933240800684	57.8888977654993	57.3975764674630	61.4932323749814	57.8022677464248	56.9712677568475	56.4187993089498	57.8910807969265	59.8260597063708	62.8424150779422	56.7573402480550	57.9965464691500	58.7311301671978	58.1678694511244	60.6188499318256	56.5388421088298	60.3519630466882	57.4007096771682	56.9594774551557	59.0937813186240	56.9457716170173	60.4672286988558	60.2381001421497	58.3870246108794	61.1959768702910	56.9278801100888	59.8965972050243	56.5478612736745	59.5091311342392	60.0381822820335	60.2890267087973	59.5754587057385	59.9512702210105	59.7985995411628	58.4103258309585	60.4015830032621	60.6418525714489	61.4752212005362	56.6810290848914	60.1024724407930	59.9312696551695	55.8083324575348	58.6757145276611	57.5740918520971	58.7964864004270	58.1572433379406	55.9960534226270	56.7407324907584	57.5302757073727	65.0851010549112	71.0477158223442	70.8045649307679	66.1365373526673	67.9832036192196	69.1966767925628	70.8579828600040	67.3022616866239	69.5701565547269	71.1278281837344	69.6258929212078	67.9279899324221	70.7034461429585	68.6841224956673	69.9725818747951	72.3294009944849	68.0949740194519	70.0805171987562	66.1239424564733	65.6448118981982	71.0196665937544	68.7371623637856	69.8891970165749	71.6230501309487	67.7943845488155	70.0908888901576	68.0144490110027	68.9180478085416	71.6405063679454	68.0287354240108	69.7963467079625	71.2495812498725	71.8330488826052	67.7526704863982	68.6085918142894	67.9803834246986	67.4446312271163	68.7142707074277	67.2209589495667	66.4902863529639	71.0332146615372	66.2506783429538	72.2855359984887	70.4238784547192	65.3550827439425	71.6524691642318	70.1358450042024	67.7299858343229	68.9180080041619	66.6478032179419	68.4487901543162	69.3075196653655	68.4516719033135	68.2913273310588	70.1805903159904	70.5546571166791	68.8128345322481	66.2357610965345	68.5671603944956	68.3945010822815	69.1079479062788	67.2370798708889	66.6739460770924	69.4336252676280	70.5663339186004	67.2196346841460	68.5665049419079	68.6248025086265	71.0039188391105	69.6722607670019	69.5818260075752	69.8775601418356	69.6486805081278	65.7326643711287	69.6870300147735	67.3018317462864	69.9366979261475	66.7868912304268	68.9286230903768	68.9879386078262	68.4125187693151	70.8928347144361	67.1355872554562	71.4898629023664	66.0062600421388	70.7886907874807	68.6744364915825	68.9204148355585	68.9985378657053	66.7623066158642	72.5444652276658	68.0101225143681	71.3117278004802	65.8575238617013	70.7180279934704	71.4498957182862	66.4151723439966	65.2275265923250	67.1268448930132	68.6795731568065	70.4651890191337	68.1011027552145	69.5034899370766	68.3224636277122	77.6794258757692	80.4779036612344	78.4132293504413	77.2136579377688	76.2885640246213	76.1927664734493	80.5181931903953	79.6884000860452	78.4338942194326	77.8112590652769	77.0052949070199	77.1656490973819	79.9112703096828	80.4960572441405	78.5679016978063	78.8876734256921	80.9929803031883	79.6399245909761	78.9760880927914	80.2738916682823	79.2809869567823	80.7366315810757	78.3184344157930	78.0057905461248	78.7812389932051	76.9364345893896	77.8767115551894	77.2385202397658	81.0438538538488	78.5652663725287	77.8890072290780	81.2831657672683	78.1496597810648	78.3314058210471	79.8887969636523	78.2465849770318	78.9131262675146	79.8669078607739	81.8722802673894	78.2766840129876	80.2481830571680	80.4272986237750	81.3552618575300	81.0524016397455	77.1876341840598	79.6937442589228	78.3506373333225	75.8545015454867	76.4428587392911	78.4622701142971	77.5172257795034	78.8861928446078	79.2845173617051	79.2538699276450	79.6249344991022	75.6278727991305	81.8182079653370	77.9749145111903	79.8129299783105	79.6435890852371	79.1663115387663	79.5569055627689	76.5697906637365	77.7375371929213	79.4343819142061	79.8609485666380	76.2924525753897	77.2935896707870	80.1168293038244	77.8226064502573	78.0717526228246	80.7049712118036	77.0178254878395	79.6998237273694	81.4419513113844	78.3474792173909	81.2494995881217	77.9786932057460	77.0156609028577	80.2375308313668	78.4341569539583	81.4609032072256	76.4150528435199	78.4386375073425	78.6850691412595	77.6539142559051	78.4371242867946	80.6349593024098	78.5682195112570	76.4199614293386	78.9941976502600	77.8518341456160	81.2743255909419	80.0975090781615	80.8225893328208	80.6089555449904	78.2749596295249	79.1862988384720	78.1104030892994	78.4911508154577	77.5485498288164	77.3764228497758	77.8147690513485	78.2737401082369	86.6770580959782	90.6440447244917	89.8652340422113	88.8246803738099	89.0965397015403	87.1414928827696	92.4545041508585	90.2461932137256	87.9243289154472	92.1491511595276	85.4525809447455	85.8835416530196	90.5851396173037	88.5039096080191	90.0814467002864	89.4737122839130	88.5626560172572	85.8375767101407	88.2851969200309	87.9951436650637	89.6808743379542	89.3156110319553	88.8863965984453	88.1823463703749	90.2340186753859	87.0365760963444	89.5652587062838	89.9895559206437	88.8717717487993	89.9932880751932	85.9124501394880	86.7354438542156	89.9007229029880	89.7151973922502	88.4899999156476	91.0644862577998	89.2113794399102	90.0220147555938	88.9600422352276	89.7709720292500	88.3663070175637	90.8319121314017	89.1540347941344	92.6066927962207	88.4763721793121	89.0515544880899	88.0451739866317	88.9741063952316	88.6460913311208	89.4789912099710	89.0338208207097	90.2131595654253	86.2527232985476	85.6651777738791	88.2949621707081	90.3811409816904	88.7321132978714	87.0773502168384	88.4012249837484	88.9667618242371	87.6198656941781	87.6929739489476	88.3036753968514	91.4884450096925	89.2692460209845	89.9077173157330	87.5844073211310	85.6759082935083	91.1405466283934	91.5333466417059	90.1980133756292	90.8967523582414	86.3581944245461	88.1018569520625	89.2042293235155	86.5125413821874	86.8906365317669	88.5184985662977	89.1660676957527	91.5864511626034	90.7170133178106	88.4085872853814	89.8478465460648	89.9464159609131	85.5459224640532	90.8341646012799	85.4460439101532	88.7351130052576	89.8485654605896	86.8431662975746	88.4495404042081	89.3348166978327	89.5944725103304	86.8838517333156	89.1482844763474	88.1804140422075	89.9398453876121	86.9141483865135	90.5730598821104	89.8600715156480	87.8324831977790	88.7981124168050	88.7091340230134	87.8989610085429	98.9245144433793	99.1778059592704	101.552278368592	97.3281123884766	96.5032359592985	97.1571836265616	98.8855334630620	99.6992598031703	100.011020689088	98.4119454148441	97.6227777510748	98.7517515704457	96.8207180216966	98.3478862259857	102.344107027552	99.8863422780536	98.5793695433546	99.7353152042009	98.9967419675673	98.8888448014490	100.727802161341	97.3097388308256	100.579741799050	99.4197520586415	97.9810642209113	96.2635508127193	100.108296142768	96.4197328679874	99.1499359409804	100.687315681773	98.2513787667640	101.523209782517	102.031558481896	99.8671721031347	98.3064682863500	101.545623463854	98.4422859779344	96.9358483441352	98.4330116144256	100.001629350365	100.961125846906	98.1215308954597	101.785768280201	99.8217105895191	97.8268507404098	101.218523333635	99.3151866759533	100.162729859450	95.5239872136702	97.0969162100917	101.694184414592	102.627286533284	96.0884435833248	98.4867427105928	98.6759724166416	98.0888455074228	99.7724133520441	99.5597309508315	99.0892163879395	99.3448441335453	98.0217004231407	97.7374707940741	98.4714465438623	98.8982256855976	99.0713699775143	97.6025505795501	99.4047599359164	98.0793543877982	99.4457969273168	98.3939973751507	97.4537587540199	100.587630841844	99.1230539756267	99.9712927931270	101.094103871007	99.3084989655216	97.0424736810281	97.1757222616897	97.7739245412819	98.1810314507233	97.8542877186315	97.8344399971108	100.578673237708	97.3560197168432	96.4651214615112	99.3268239787764	98.9131678556045	98.5316043074235	97.9161891602514	95.4248397593677	102.170215740929	100.809564432892	98.9431503747701	95.7435478211369	99.0534887011599	101.529488034621	97.9954909416409	96.5014740407836	101.122707542605	99.0245630371100	99.0803606320616	96.6624516921616	99.1275204943602	98.1490450337388	108.123256064043	109.959722302075	107.148095894010	107.349075314846	109.354220263540	106.444514425425	109.039635398473	106.216409403675	109.644017777397	110.565848613264	107.846791557803	107.099628341362	108.879085685174	109.361337225564	110.265696683165	109.900974958391	110.393707249603	106.575373883739	105.751484717101	109.182146916644	110.151042354668	111.272737528888	111.877078414213	112.057563219208	108.308078573358	106.679038687949	108.112766273494	109.088571969567	107.307972370876	108.660060356012	108.159148750524	109.602906067200	110.309000128629	110.627019919997	111.298134143527	111.168395966558	109.006886865292	109.142883280652	107.514057113387	109.424901298796	108.369330178256	109.716443270458	109.818080520097	111.816906088351	105.953588793504	109.561368072893	106.171138943902	109.429099323781	104.913055808884	106.890975954889	109.889832185837	110.273219950896	108.270411193724	109.710233008541	108.067639980302	105.673052458320	109.897404277808	108.456433981098	109.079511062092	107.175910847523	109.928715645943	106.753744182227	108.641746748278	108.199495033018	109.606800894700	109.350223178174	106.417207555354	107.417089254988	107.916654128442	108.014052691971	107.922900777193	106.811180581708	109.738347543751	106.894196690909	109.741906142815	106.407837903382	107.270532606264	107.635870174258	110.507169699060	109.607633257093	109.933415139228	110.154849794377	109.699066759346	108.990548604039	105.911132985953	107.146041597994	110.282404803980	110.323432603936	107.299104209158	108.717420172385	110.288347709882	109.764159692446	112.203109739464	108.129911970800	108.431289387374	108.469083823778	106.902857070759	107.626857591146	107.488451557050	109.576495895403	106.088107372211	106.662612660250	107.436390341118	106.908727047223


objFunctionValue:   646.771712808452



