Dataset 38


dvh_array = np.array([
    [ 7.81, 2.89, 20.38,  3.17, 12.54, 12.19,  3.54,  3.38, 0.00, 0.00, 0.00, 0.0503, 26.53],  # Rectum
    [ 4.96, 0.52,  5.80,  4.24,  5.76,  5.73,  4.27,  4.24, 0.00, 0.00, 0.00, 0.0000,  0.00],  # Penile bulb
    [ 5.59, 4.52, 82.15,  1.91, 17.75, 13.16,  2.39,  2.21, 0.22, 0.06, 0.06, 0.0000,  0.00],  # Lymph Nodes
    [ 1.22, 0.82,  4.41,  0.26,  3.51,  3.00,  0.42,  0.37, 0.00, 0.00, 0.00, 0.0000,  0.00],  # Rt femoral head
    [13.66, 1.26, 18.86,  7.58, 15.73, 15.05, 11.07,  9.14, 0.00, 0.00, 0.00, 0.0503, 26.53],  # prostate bed
    [12.43, 2.15, 45.92,  5.48, 15.73, 14.83,  8.12,  6.83, 0.01, 0.00, 0.00, 0.0000,  0.00],  # PTV_68
    [ 5.83, 5.62,107.01,  1.45, 20.02, 14.30,  1.99,  1.83, 0.42, 0.22, 0.11, 0.0000,  0.00],  # PTV_56
    [ 5.75, 3.98, 25.34,  1.01, 14.38, 13.69,  1.50,  1.28, 0.00, 0.00, 0.00, 0.0000,  0.00],  # Bladder
    [ 1.20, 2.69,276.11,  0.00,  9.88,  5.05,  0.00,  0.00, 0.03, 0.01, 0.01, 0.0000,  0.00],  # BODY
    [ 0.93, 0.59,  3.20,  0.09,  2.55,  2.22,  0.29,  0.24, 0.00, 0.00, 0.00, 0.0000,  0.00],  # Lt femoral head
])


templateX:  -49.6219773973637	-51.9291873898984	-51.6940360723865	-51.0087117687926	-51.1449850890465	-52.3252293093730	-49.6373909675148	-52.8153621986554	-46.5788621915689	-46.5202411516383	-47.4535599971067	-46.7520515732749	-45.1380796777499	-45.1671364609355	-45.1223743595806	-45.4567188387093	-40.6715663912367	-42.6366599955487	-42.0610204369893	-41.4692021644199	-40.9941944148721	-40.4053376215521	-40.7793187130682	-41.5116151694300	-34.4305163880609	-34.5021095514443	-36.2457442231772	-36.7469401895420	-37.0862189164196	-36.6255004304855	-36.9381200189104	-35.5694466633826	-30.6123698634255	-32.3915198646121	-31.5889219147395	-30.7630840346819	-30.5088107281616	-31.3245788776349	-32.6723073270845	-29.4333421643040	-26.4802318985758	-27.2285487915617	-24.4684727425553	-24.4794857689753	-27.6739373076870	-26.2541246377714	-26.5237884109156	-24.4016315999390	-22.6503947181069	-19.9421925379055	-22.1659314840253	-21.2652673543552	-21.6100282497060	-20.5079204469890	-22.7774923470596	-22.1744466475705	-17.2667983331144	-15.2958978600304	-15.4911688018632	-16.2173421400615	-14.8892125702284	-17.6323696617431	-16.1235238881452	-17.4552863998729	-12.4233793791980	-9.77439007819950	-9.62742603201492	-11.8677944954393	-9.45062635920702	-11.4708998204550	-9.65177008452452	-10.9764840699602	-6.10109552384691	-6.65275724326118	-4.55416588662496	-5.19476521259732	-5.23229132284927	-4.95798516225335	-5.66614242163386	-6.96420679360304	-2.40869701685163	0.201991152412786	-2.67885725555306	-1.39636369469494	-0.297879198836760	0.144418246947563	-0.502073429136269	-0.381570461549361	4.73278282926799	2.34066399537779	2.33815578272459	4.16552462359640	3.20112239463820	5.52151724781944	4.32822402981904	2.51774597379460	9.88421970660445	7.99618357885325	10.3211509416998	8.50738233489778	8.26135755795510	7.10611338627694	9.26095688353004	8.66430072478928


templateY:  -396.322615580013	-387.135235922300	-374.858742914036	-365.860175282103	-356.056268337186	-347.193772211480	-337.137929935974	-326.952217749487	-389.950560898254	-382.727787961375	-372.293233757124	-360.593190465433	-352.336756926805	-339.406272064929	-330.357320991558	-322.614616301737	-395.914593958523	-386.571463278714	-375.035898675363	-366.807158822950	-354.447561819857	-345.524384962525	-334.729378021351	-326.591706411923	-392.593545619189	-380.427842313646	-371.975750171246	-360.199005149133	-350.185088149197	-342.572954393299	-329.680931218378	-322.573458622470	-396.999650585331	-387.078267647985	-376.671926285092	-367.654886061454	-355.828164570572	-346.480800529420	-337.455166162738	-325.565965175695	-390.526874277378	-381.381837951825	-371.905499414015	-360.485908623768	-352.679691467720	-341.865862964671	-329.909293466358	-321.023669068337	-394.774438761807	-385.557073979250	-376.633515837510	-364.671884139295	-355.595572582494	-344.996598441907	-336.599624089267	-326.256095828129	-390.525049810051	-381.328176237083	-372.427299805116	-362.026341488396	-351.904201498394	-341.943235605323	-330.536658515547	-322.596534967734	-396.781194186993	-386.523412730688	-375.489326988088	-366.971303866169	-356.774885379291	-344.779494424510	-335.419978711191	-325.327953734285	-389.812412558043	-380.115054706219	-369.785727319581	-362.228809462387	-351.799629567282	-339.768774416245	-332.826776739644	-321.388089960546	-396.966998421938	-386.164830897672	-377.303413665877	-366.179183419014	-356.461488910790	-346.179975880744	-335.342977869909	-326.087467678717	-392.755463531594	-380.629239849056	-371.163292944814	-360.039677365161	-352.390918483473	-342.182283326132	-329.756649134129	-321.965872457596	-395.410914858817	-384.954908794206	-375.190441560318	-365.182854703566	-356.618165192602	-346.392871270170	-335.064392361187	-326.995397150934


templateZ:  59.8338891356993	58.7721884661812	57.3036243546475	59.7023930242096	59.2008173203699	59.6864232067738	60.3081429187980	57.8342563475987	59.4820812438380	58.3369994540757	57.3139978770473	60.0749516389259	58.5203945228130	58.8199994555143	58.4238736474949	57.1997280167117	59.8126935082678	57.9002270847120	59.5883054897935	57.3694640598006	59.7433529910440	58.9598240338003	57.2864691025196	58.7417161709740	58.9375931940511	59.3762883331223	60.2306772555646	57.9433982504514	57.3210624165983	57.8748116694500	57.6292211342149	58.7031219812096	57.7752662878619	57.8766910474075	58.0254208302002	60.0048502414904	58.9731019382524	60.3895544132299	59.8937931790009	57.9981769627461	59.1025163268241	59.7124619262854	58.4075515793667	58.3043460778617	60.5750824982551	58.2236570248040	58.1424147733478	57.9591245565789	57.8750542009487	58.8246237226383	58.7773898593320	57.4904640219627	59.1635012966838	59.0176400956610	60.5158666599627	58.6561658931275	60.4259471986930	58.6365370967481	60.3978463498569	58.4485605062375	58.0116311137411	59.8021074312781	58.3994358288622	58.2009185192564	57.6439249743002	59.8801471799078	59.1247592564607	57.4511041421819	59.2914969914864	59.4611253198640	59.7342817753686	58.3625865936467	60.4972557310866	59.9121085858676	60.2841612668708	59.5096189027088	57.2643076582875	58.0150141981034	59.9381259850236	60.4600292745450	57.8000764762974	58.6509077580273	59.7742438519995	60.4521561991974	58.1774439051570	59.4515320660875	59.4374511566016	58.1467984095469	57.8897757910227	59.4143494157370	59.0394356548936	57.3309007604337	60.0747743843313	59.8987986234040	59.5956427332371	58.7962006180446	57.1830157492574	58.1587260536709	58.4272426554615	60.1854962137320	57.8054372698694	59.1388274034599	59.8711892344660	59.3675092473534


seedPosX:   -50.6296522181415	-50.7452414113012	-52.8829734803325	-50.7883786877877	-52.3196039646480	-53.1076126976966	-50.7583100289871	-53.7780631550674	-47.4187852429835	-46.1493843804938	-46.4019961861984	-45.9484740132140	-44.4448732594539	-45.8022724139995	-46.1087548334691	-46.5308218211111	-40.9059973553913	-42.4877908280181	-41.9252409443309	-42.2424101714754	-40.9058312690037	-39.1995855940761	-42.0079030753617	-41.6319751929652	-33.5196400783369	-34.4026205128344	-35.8011072010978	-36.2232740982158	-36.7991484210200	-35.7494661706806	-35.8109694577157	-36.3972226550655	-31.6253073403679	-32.2607341995542	-31.2125025058426	-30.6468147181207	-31.1496614252037	-30.9832454925451	-31.9304450714760	-29.5794241434983	-27.3444504527209	-27.1500731790118	-25.4456196919127	-25.5238436995237	-28.6844054416371	-25.8272679973037	-25.4383323461911	-24.3026813078198	-23.1652761784469	-20.8794127836342	-22.3320389993232	-21.9381394666609	-21.7472774657187	-20.6162725916193	-23.5745490492364	-22.2044139481111	-18.2239339211698	-14.4898072958489	-14.4542610415489	-17.2249490999466	-15.0989648415480	-17.6827995879144	-16.1179361960216	-16.6611690480375	-13.6630342911120	-8.99548130221713	-9.84590958612511	-11.0039202876779	-10.6854062365002	-11.1161735848988	-8.67107107238259	-12.1633665738471	-6.31268251905328	-7.87464560577623	-4.44555813757047	-6.08930432109502	-5.56036783335919	-5.81411752094578	-5.19133993152997	-7.41703200070210	-1.56590626013928	-0.299961477294531	-3.92699737233752	-1.95436008859496	0.425692130815913	0.485562012631603	-1.31815115678912	-1.39269003513224	4.81114282050814	3.29077798163940	1.48476677483101	5.15430966806588	3.05223982940973	5.70408052050148	4.08447407507401	3.11526744045195	9.41637218478407	6.83508764640846	10.3221215997509	8.08633954132925	7.27974410621874	7.74414136309681	8.53441386905044	7.73882224412652	-49.6156531864405	-50.7533116048515	-50.6399943599838	-50.6048300541820	-51.6161886575679	-53.0172289560581	-48.4735787544867	-53.4412629529253	-45.4626559584074	-45.9448951292831	-48.1318822858946	-46.1842383732476	-45.0933684994216	-45.8334815219748	-44.0074618329135	-46.4044558750886	-39.8069929234368	-43.5899309734462	-41.6788408742682	-40.3647170291536	-41.2268834344922	-40.8906563881821	-40.4105222139068	-41.0428734670426	-33.9721072997560	-33.6185229660790	-35.4736026630725	-37.3573338410188	-38.1418154423699	-37.7463399418161	-37.5935589406886	-34.5694941459348	-30.6851640133542	-31.4636308184380	-32.3223250666142	-30.1877923406838	-30.1895995895422	-30.8075660215683	-32.0604443711345	-30.5653901220991	-25.6988988747994	-26.8777021438559	-24.5099268021649	-24.2748868482914	-28.8060354907622	-27.4432397259569	-26.5982909056687	-24.7618500743192	-21.6899540404009	-21.0578380356014	-21.8632300550143	-21.0307377942286	-20.8244588450005	-20.6379040453115	-22.7258275636501	-22.4670253221832	-17.7222390091984	-14.1260585369055	-16.4167824082779	-15.3752442351448	-15.6483944862516	-16.5723672242461	-15.7002366559136	-17.7070636252641	-13.2870825139646	-9.09624691095425	-10.5684128006150	-11.4225696664074	-8.25355769388932	-12.5087772573403	-8.69219321381630	-10.1786327603304	-5.31586939298084	-7.38423707335870	-4.92982166123871	-5.67915203022608	-4.67691511093666	-4.86120668280117	-5.33400609752264	-6.53790172941545	-2.45077812056242	0.876304610124455	-3.20264508665380	-1.80984167429010	-0.884428057659424	-0.702793650002483	-0.992927729706935	-0.789082896022085	5.79467166323591	2.56977215829453	1.48593435044955	3.18544314176337	4.20281761198077	5.90601264741383	4.52165806866948	1.69340249458067	10.4567362078251	6.98653537738239	10.9480465147751	9.17459663350706	8.58253498633493	6.78901639478264	8.02389401881791	9.71533895120285	-50.3555498552575	-52.9212995713752	-52.3849752708489	-52.2344373102639	-52.1339600418316	-51.4633011383687	-50.6748591764371	-53.8665778207609	-46.7994651088125	-46.8543307147216	-47.1488548100550	-47.9239522715180	-44.5471717118466	-45.5738417088120	-44.4673526921557	-44.5550188569277	-39.9204038047490	-41.6695424923954	-41.6350896690191	-41.4202190263863	-42.1965027904976	-40.0800474271068	-40.5463610645938	-41.8545372076429	-34.5967868648722	-34.0192748318447	-36.2135942384114	-35.5010668478892	-37.0139131198508	-36.4662540098523	-37.5824572497577	-35.3835044085327	-30.3629992735422	-31.2524394154010	-31.0118828168382	-30.2363243949707	-31.5760879269117	-32.1961082489494	-33.0343440378557	-29.4961529983445	-27.2745093655360	-26.7217261675369	-24.6829271940425	-24.3067127302316	-27.7980521024748	-25.2526462975020	-26.1046145837776	-25.2294078899410	-22.2712095534472	-19.6718342372713	-22.5502756333946	-20.3745945300125	-22.0695288910324	-20.8284618811150	-22.5825395723545	-21.9471402117173	-18.2762829260906	-15.3837241454699	-16.5279855757819	-15.7963095047259	-15.3816871430920	-17.1554764694940	-15.3561652362018	-16.7046166486488	-13.1504737074256	-9.80937801352481	-10.8738949865642	-10.9646738352940	-8.26996469988374	-11.6222832734906	-9.02683651862712	-10.7695463316871	-5.29443505631829	-7.42511119833906	-4.24944674026444	-4.03350590984929	-5.84164213458955	-5.76875162942911	-6.22878456564668	-6.93274215266938	-1.85063056728154	0.997306557016983	-1.73482500553243	-1.27551425449960	-0.687552474464019	-0.611793455948263	-0.0910224264830817	-1.16331406525564	5.89847636910012	2.21139766530137	3.21930899616861	4.77841642954786	2.37867784150182	4.80012021290873	3.62162082334224	2.56311720730276	10.7713319164462	8.90114971314190	10.6266223572641	8.82224076453910	8.79936550057940	7.62313859036789	9.83526843462304	9.05167079258979	-48.9433801740306	-50.9318327650884	-52.4912822186971	-51.6406758599532	-52.1129969660871	-51.9390882267029	-48.7609187236659	-53.3958938164574	-45.5378127131550	-47.5476371955087	-46.6760718906558	-46.2351663437770	-45.9989169677887	-45.1275399928881	-46.0891203260187	-45.5480721614979	-39.7329795860454	-43.4060647313730	-41.0036923110441	-41.0141040292217	-41.5306839351039	-40.6801495423459	-41.8063784115800	-41.5361370252585	-35.3647351681508	-34.9407980847276	-36.0485429211332	-35.6064735020676	-36.2087761405216	-35.4636862117496	-36.6167061333557	-35.0620013600097	-29.5669997815860	-33.2536179369631	-31.8038996139523	-29.7411041351988	-31.5482864904205	-31.6904542350271	-32.2383677528073	-29.7663293538185	-27.2839345027291	-28.2489885110668	-24.9566903030733	-24.6656186076942	-27.3544641432450	-27.0006234765576	-27.6812478106718	-23.5033234097933	-23.7838260686339	-18.7843108794155	-23.1706454496101	-22.2762629297747	-21.9978075220134	-21.3225611457908	-21.9235042193334	-23.2166488689032	-17.9814440680163	-16.1054116625539	-14.9545827261071	-16.4774013495681	-16.0607138509718	-16.8900557689431	-16.6124215778297	-16.6361877303943	-12.8266157741709	-9.93062188198549	-8.64537674737404	-12.2498517909000	-10.6628409273549	-11.0040844836545	-9.90786018110081	-10.4727232728852	-7.08708551899410	-7.35676743807415	-4.87912004625170	-6.13082505563604	-4.62833569262333	-4.08735727340996	-5.10973762665715	-7.36517262962805	-1.58451035763529	1.38220752227393	-2.74493457023117	-2.23282561872178	-0.736961001775800	0.175683988160748	-0.338550560304669	-1.54688609172522	5.75894338800177	1.70024092349048	3.23274173747941	4.01042919480475	2.07727856871461	6.20908696123948	4.22191403950266	2.06999823045916	10.4225336256894	7.57864874129673	11.0556936962678	9.25085050353429	7.87146050085307	7.77964955281925	8.25416681323925	8.59614348591476	-50.6021077821810	-53.1762296294657	-51.5857398611716	-50.3233257566876	-52.2809279967898	-51.3072051694136	-50.0744939137105	-51.9464678695406	-45.9119035608190	-45.9312015667334	-46.3633437651469	-45.9367327305677	-45.7665481075035	-44.0782601169871	-44.5927431967933	-46.4196976436419	-41.1439562930579	-43.8038434093105	-42.5584792570368	-42.6434262360813	-41.5571498220863	-39.8854831834873	-39.8499279623052	-41.1535008820163	-35.1617884244307	-33.2548750869102	-37.4783788933361	-35.9141533897893	-37.5766907771450	-36.7499908483868	-36.7885549232358	-34.9826359896761	-30.6581476776062	-32.6414400158956	-31.3695238191195	-30.8546735072776	-30.1815415367906	-30.8750637227250	-31.5577025534862	-28.4780786085580	-26.1271917701732	-27.3438471348822	-23.7920402499975	-25.2117889549499	-28.6706052997118	-26.9983748136115	-26.3604373117499	-24.5379174763273	-23.5914475721193	-18.8745109241600	-23.3353616907467	-21.5433832723649	-22.5927544995049	-19.3200573840201	-22.3759114725113	-23.3572992298271	-17.4205547713251	-14.8921067032374	-16.3528626996165	-17.0537023009434	-15.2314641868724	-17.5566239554255	-15.3773711160545	-18.0097403200099	-13.2446810617814	-10.8409537890910	-9.10386650917247	-11.0389153317910	-10.1571501591623	-12.6917339932166	-10.1585216538889	-9.84832050524247	-6.92322160361075	-5.50422667590875	-4.07724959544793	-4.70818668835559	-5.08034171600908	-4.95036997843713	-5.59993468842496	-7.58313974648718	-1.70193782149440	-0.706671698740072	-3.48193827694021	-1.19140425731340	-0.496568425540387	-0.966260642226451	-0.353506039035240	-0.877536070108157	4.90937955242708	3.06361855167301	2.86121155017239	3.37035773717921	4.44947142184177	6.32205098148627	4.23538538279711	2.57097595638541	10.8620536396068	8.00675905298008	9.82904249493390	7.85760484782487	7.10071110300509	7.90823292634225	9.06946054609166	8.57591144909782	-50.3155589207096	-53.1326022632764	-52.2676504105870	-50.0567945513033	-50.8652264709791	-51.5692243572643	-50.1199164671261	-53.9587685357666	-46.2171851570504	-46.7529262552894	-48.5197528645340	-46.7661961318723	-44.0858510700507	-44.1034858658020	-44.0962135218712	-45.7888821759032	-41.2170954486786	-42.0280806723766	-41.2146968685981	-41.9652674973288	-39.8245829461609	-40.7243898742397	-39.5452308232928	-42.4277941997661	-33.4743854282842	-33.9546348116377	-35.4300155144159	-37.4593909247841	-37.5937755311033	-35.7963286618458	-37.3623372131763	-36.4108769138265	-30.1735352024837	-33.5769481953712	-30.8316069898240	-29.9601618057489	-29.6181564945103	-30.7505475103717	-33.7760888483037	-28.2576829333856	-27.3332693209117	-26.1227437322359	-24.3376686087645	-24.3659364704706	-26.9161424653130	-27.1092321739265	-27.4185740268040	-25.4801521281501	-22.9654002748974	-20.5883083472065	-20.9908665272427	-20.7931946839646	-22.3327795674787	-19.8616028084976	-22.6400845373944	-21.6512198635157	-17.3386786911325	-16.0253140173815	-15.8042698597882	-16.2792183129879	-15.4913071021963	-17.5593454707388	-16.0268377024636	-16.3599619009618	-11.5262655175113	-9.61039811010098	-8.82618824067116	-11.1612187809962	-8.56060413981567	-10.3860539514438	-9.55419477911398	-10.9794935984415	-5.85967187932980	-6.37527467228496	-4.83683344990873	-6.31552135979418	-5.40318017837021	-4.57978533958813	-5.96760919514973	-6.60088113822150	-1.15985804353414	0.799643138170020	-3.41258867561102	-2.29550875614663	-0.738945903774040	-0.369929587720267	-1.36216918609173	-0.0547254489932918	4.60264163770024	1.41259775597116	1.94466047048626	2.95776578913350	3.63338444382423	4.45697907023693	5.02363541760901	3.37561628581142	9.41438861609535	8.71929201891755	9.69183135540606	8.18706857518928	8.65755751106460	6.81354251877409	9.79019933614874	8.35338514187659


seedPosY:   -396.726109003313	-388.057232574951	-375.833518143123	-366.849463136582	-355.203392366655	-346.470022992619	-337.501209808411	-327.937020978688	-388.842458927531	-383.462904152804	-373.028305882520	-361.446938461554	-352.683639991099	-340.100891930013	-329.512546627047	-322.821925652783	-396.808384203656	-387.597206100160	-375.016736849511	-366.194892353675	-354.851623212071	-345.224590685930	-334.123495152739	-325.920393621705	-392.024012117275	-379.829045009417	-371.909576567618	-360.529474350030	-350.378026656624	-343.330204552220	-329.965841083152	-323.632082382405	-397.338938346893	-388.312374602802	-377.263085435270	-368.426286063192	-356.595418276674	-347.636294513402	-336.391820981644	-324.867113055644	-389.604615977747	-382.453180599099	-371.872880408711	-361.022546735092	-353.897022051197	-342.552286760914	-330.433271539653	-321.608242904303	-393.672657886255	-385.957045883207	-376.096402335724	-363.874156706894	-355.169528545667	-345.393252091269	-336.829976867814	-325.649110226632	-389.969460634013	-380.648645724462	-372.428084930645	-362.708389347173	-352.163357493511	-341.739310234666	-331.728466478092	-323.616782457009	-396.885949319174	-386.797628070756	-375.401665272948	-366.621590954638	-357.094250568183	-345.530958861698	-335.157068172115	-325.359686681843	-389.062028582996	-381.167843919959	-370.685647794643	-363.129252785624	-351.876332728106	-339.971592596748	-333.123059860490	-321.412167546567	-395.894197451818	-385.305628265879	-376.916160324410	-365.628028274658	-355.314695030500	-346.237232700813	-335.924056966858	-326.350966147751	-392.611707967462	-380.534682945011	-371.599877018000	-359.523312827663	-353.632519208520	-342.067942325231	-329.037080009744	-321.111772459355	-396.095577401135	-385.355314496629	-374.452176946165	-365.205419065860	-356.405005153055	-346.298661386378	-333.923358143752	-326.659892196694	-396.252177611934	-388.005998161216	-373.964187021366	-365.634939041942	-354.947071907785	-348.341440716752	-337.622770494525	-328.176037090487	-390.229069448730	-383.752133971602	-371.620674552479	-360.487634785529	-352.521715323807	-340.411736004942	-330.982943505929	-322.185098869856	-395.605872616602	-387.184342828088	-375.750446818818	-366.285956758759	-353.693909402330	-344.422769444697	-334.809521163338	-326.948221519748	-391.874408368382	-380.062561203343	-372.014350915713	-360.437500070812	-350.376818241778	-343.076826242302	-330.061959833558	-323.202817175891	-396.662364517186	-385.850170029825	-375.559229964527	-367.786484036570	-356.091618633227	-346.042669820244	-337.219405880841	-325.293699920381	-390.082893693498	-382.501645966225	-372.556671443789	-361.259357455194	-352.220050214443	-341.331649280229	-329.713208925102	-320.941262572435	-394.094188459684	-384.755743101913	-376.116100204062	-364.909151259162	-354.837717179790	-345.754892596219	-335.930717243425	-326.132882221813	-389.776940920862	-380.205226029427	-371.995247138114	-362.019621445966	-351.929395174859	-341.932403705155	-329.436657865847	-322.570505789205	-397.279691803624	-386.785866774388	-376.249340765716	-368.031867784895	-356.879620956113	-343.812440398227	-335.666091718201	-324.299474478454	-388.566133159552	-381.089252073769	-369.256854205538	-361.234057608362	-351.420491145696	-339.317447660287	-332.979749423189	-321.997369148826	-396.640787551219	-387.181584417395	-376.721291687746	-366.200776504456	-355.420085075039	-345.521552672021	-336.148635774600	-326.646620690675	-393.149780922533	-381.291383977126	-372.062256074689	-358.809706560686	-352.815806557174	-342.251575523360	-330.983815895862	-322.088223087693	-396.526825098109	-384.964532226265	-375.682199590986	-365.521390745165	-357.455132624435	-347.118861296098	-334.714547461003	-328.084703670945	-395.525943901623	-387.068613842308	-374.026234173328	-366.884901501919	-356.911646744799	-346.689969316336	-337.355339543424	-327.852279595713	-390.220410899054	-382.170554685833	-372.240420723467	-361.120063124529	-351.698017138051	-339.284599467130	-331.494169374433	-321.783301680331	-394.726510438949	-386.498026311615	-373.921932347987	-367.804732868257	-355.243259708414	-344.653635961347	-333.942405336963	-325.730585487784	-391.968058844208	-379.747555287323	-371.945705873225	-360.219581016743	-350.776728745353	-342.875801168964	-330.666586773909	-321.913787109446	-398.020724677365	-385.960739092565	-376.772063867219	-366.992199459585	-354.722148883846	-345.797988862878	-336.593606306454	-326.724149423006	-390.741669938490	-381.508686268111	-372.537840386463	-359.923643333113	-353.084549319986	-341.313682168057	-331.085480290209	-320.403728126260	-393.550345601757	-385.324771635431	-377.027722651895	-363.647524161919	-356.821768535716	-346.174503507590	-335.415879775331	-326.795328752736	-391.042985906408	-382.396008318270	-372.100679343082	-361.020388601986	-352.786700984660	-342.316068746535	-329.813752648544	-321.657686827888	-396.430989424131	-387.021297466840	-374.905744649967	-367.474479981082	-356.068018856711	-343.558822260953	-334.428839142212	-324.440800293789	-388.849789673286	-379.583303882274	-370.899998398412	-361.685396156693	-352.375150881486	-340.512018524155	-332.940154659492	-320.871983671614	-397.984980957586	-385.007082847665	-377.916586061884	-366.903937708413	-355.838353639721	-346.231285802363	-335.361523968345	-324.843065651074	-392.486211137072	-380.329383073519	-371.577064016745	-359.780309183500	-351.871936882648	-341.049129679716	-330.837106395828	-322.154909671143	-396.499562583181	-384.170886009491	-374.297138924901	-365.926962702699	-357.677058159555	-346.493867686781	-334.320402599320	-327.600400243536	-396.372395127265	-386.554806665594	-375.217816497174	-366.332545699025	-355.880420230178	-347.159570358606	-336.625641726434	-327.336079014349	-390.006975617345	-382.482421505774	-371.785682037815	-359.999158886533	-352.616974033903	-338.657139754576	-330.334643929421	-322.673129700808	-395.665406008955	-385.424527082942	-374.532439748376	-365.750402046295	-353.424919481556	-344.696919310391	-334.429306960669	-325.892677332947	-392.094144397068	-379.196220422289	-371.619752923865	-359.221096817427	-349.043494811076	-342.905804078943	-328.885500036231	-322.831212886414	-396.735712097141	-387.005596569828	-376.542139495635	-368.600711893065	-354.759775950214	-346.575448165609	-336.589625317990	-325.351781429492	-389.561095011178	-381.397448838082	-372.872587493686	-361.078836222508	-351.854246628738	-341.554958870377	-328.687636672071	-322.049551479361	-395.708784240553	-386.582224602878	-375.555612298721	-364.483713994641	-355.327205953835	-345.852987900509	-335.377570682203	-326.238111092094	-389.566564102568	-381.623433272374	-372.702045553009	-361.091717360147	-352.001205159630	-342.326165705025	-331.298865028704	-322.957379282382	-396.356853403777	-385.576113051741	-374.887616639320	-365.748951417479	-357.361343352069	-343.943488806563	-334.877079793652	-326.050687229831	-390.247676473405	-379.202479039829	-369.018367023785	-362.714116708881	-352.621881003312	-340.531415393272	-333.496347933633	-322.220966737492	-397.341259904440	-385.373073083277	-377.312073234334	-367.134190691966	-357.191549884020	-345.624773791212	-336.455595575460	-327.148089739306	-391.999917351727	-379.686434380173	-372.249592011237	-359.730267983609	-353.206444584975	-342.173019867566	-329.953344700976	-321.558602227036	-396.137920841257	-384.448607157162	-375.215240529128	-364.124533337036	-355.624676288310	-346.434574881650	-334.211159122766	-327.017666746980	-396.740326484802	-387.594652281630	-373.828656522780	-365.957108811925	-356.288325001964	-347.808901189365	-336.361634673235	-327.189647539243	-389.366912977261	-383.536370598707	-373.416117370039	-360.075484764185	-351.686854090703	-339.590759189145	-330.902328625568	-323.505019474331	-396.086817661458	-385.811821622051	-375.438817127635	-365.712707188861	-355.187925607492	-346.117072825401	-335.597759901291	-327.355791853988	-392.555294292281	-380.025898760617	-371.005603849043	-360.198264681395	-350.537898046823	-343.017796798680	-328.861655690365	-323.149411012211	-395.865366266492	-386.643757834322	-375.513217199664	-368.547844717600	-354.619401965641	-347.136036383179	-337.617014234605	-325.838902847204	-390.344682886949	-381.257424912505	-370.882531793398	-360.688687745879	-353.728451102270	-340.755523950720	-330.058426106400	-321.785091028703	-395.198245755844	-385.514316913828	-377.309030947248	-364.039795386640	-355.993891045579	-346.184478820207	-336.295341126271	-325.726226508154	-391.505101435196	-380.273771338160	-372.204513993117	-362.355763967277	-351.913556796195	-340.943107974399	-331.725629923323	-323.456860121440	-397.116902305927	-386.521203158482	-375.629875721769	-366.447382021362	-355.652128945365	-344.580517872283	-334.661453831338	-325.635884833566	-390.445693243035	-381.341188965579	-371.007203473619	-361.513430692146	-352.346994082677	-339.827589287917	-333.596986550467	-322.214316506863	-396.438503821126	-386.731778595298	-376.189575064828	-367.065281644586	-355.612136229573	-346.660013382076	-336.342167463299	-326.692954015770	-391.751063945831	-379.481830404995	-371.115245062856	-359.638778345894	-353.394052060732	-342.077362584949	-329.404835410601	-320.810842956265	-395.237661216141	-385.617943083511	-375.299624984202	-365.178272685694	-355.573911646790	-346.713677058811	-333.866438595567	-328.122207782055	-396.547718634600	-386.258160343237	-375.769558967131	-366.269806472024	-357.246661424301	-346.915557056363	-338.174346068613	-326.038055020089	-390.723578762678	-382.513374719380	-371.368066866416	-361.275093453361	-353.429139959240	-340.091704272253	-330.197053015870	-323.199656830731	-394.873282208524	-387.704239541072	-373.913487022893	-367.036426020475	-355.172603836718	-346.057509886852	-334.934161785077	-327.759237909144	-392.154352161089	-380.524459930078	-372.833577078342	-361.118480988205	-349.124366696185	-342.115310490266	-329.177051507262	-322.090588561615	-396.471341357014	-388.049191464315	-375.820038374723	-367.209505328178	-355.075844503023	-345.878841731961	-338.430466220614	-326.318290536072	-391.040328811950	-382.619559039044	-371.076267087607	-360.672892027701	-352.139606831241	-340.681505191790	-329.280321928638	-319.921635793156	-393.900293135354	-386.365513538653	-377.171279321981	-364.967934323498	-355.414727899102	-345.275710067818	-336.134691741308	-326.710378920444	-389.319897654997	-381.747209689761	-373.138357464812	-361.833712821346	-352.116561567449	-341.950834718773	-331.046702788106	-322.986711830890	-395.969990543573	-385.478986114601	-375.959805626172	-367.860149944594	-356.784292085917	-343.995155729850	-334.458996340493	-325.163760279047	-390.252710448709	-379.002146507477	-369.992690810064	-361.505844102175	-351.323706816641	-339.221231859514	-332.559346541951	-321.838745538920	-396.773637839597	-387.324272336367	-376.502987697355	-366.526500590542	-357.632698535644	-344.995899384456	-335.370757327696	-325.938313472137	-392.981872897717	-380.486668405928	-371.035177645287	-359.324684077466	-351.410160068488	-341.250906780428	-330.114271542278	-321.597893777176	-395.232149172829	-386.126212363811	-376.123027062806	-364.461059359624	-356.083842954070	-346.017371862773	-333.934775193160	-326.229816121655


seedPosZ:   57.3671099729398	60.5874809710421	55.4401562354904	57.5430836527393	60.6513485086363	61.9966974125722	62.0950866517925	60.1846142136151	61.9685790288764	59.2459294637521	54.8521865099768	61.8681231021582	57.3689327998954	57.3294721956931	57.9676955673457	58.4725905095458	59.8992036974559	60.0919806037825	57.4260220996462	55.4107687636204	58.2947072853958	59.9087476841499	56.6103882204810	57.8743678173856	57.5022021091520	60.2261081131660	62.1050810047699	56.4385623497102	57.6423738499429	55.9258500680818	56.9997430043146	59.3265822381087	56.4666827107667	58.1522285601386	59.5103639181516	60.8425383046797	61.0324294062248	58.2859675359679	61.4212497573810	57.8916075787443	58.1912373675685	60.8493519516810	57.1556571196822	56.9365799454272	61.6235706933571	60.6991787367811	60.0975261701176	59.9911940568368	56.4557774680143	59.0711430160393	57.8993453155213	59.1988284852468	57.5519222944028	57.8740222204011	62.8887090492338	61.0087965683505	58.7443448984820	57.8809016341271	61.6316309412021	57.4403673095132	58.5551474037376	61.6123610860936	57.3247741228662	59.3539658856223	56.4979001421446	61.2869473561211	61.3254881462894	56.6250751533427	60.9932661071284	57.8350325334307	59.2332233918519	55.9172567841536	62.9350126206733	58.8447163188958	58.3405925674853	61.7250881480586	55.2809646863121	55.8794870508153	60.6466619402249	59.0310199356336	58.7921452023807	56.8296437550225	58.6341250124483	60.3824318911743	55.7279070863369	57.0449028053563	58.1476992444310	56.9383665765881	57.8616160708478	57.6013660649435	56.7948519782787	59.4663154121152	60.5392851228284	62.1123782307144	61.4129779706412	59.5120754096882	57.6502250854691	60.2312273252259	56.4204212201116	61.9580965685189	58.1004916633153	58.6224838414608	58.2035582300056	57.2450092950937	71.8845416567503	68.6668970839279	67.0341360964368	68.7616503854536	68.6876355419018	69.1490864952381	69.6499255686418	66.1116748782789	68.1716866931919	66.4717007131342	67.6709340778192	68.4887507027154	68.0274176888418	67.2532657882962	70.3875262265029	67.0177927006295	70.3587840552549	67.6631398390723	69.6525953865409	68.9651031734698	67.7071904884821	70.2813142794750	67.9465472749540	67.9078719216316	68.9738579011226	71.4217309670473	71.6994096623134	67.2270590017994	68.8590192673731	66.7697475376317	68.9780386538548	69.9687533700161	67.1691138431686	67.8571377192160	68.4832224833699	71.2008889570820	66.6850055047602	69.3661352492499	68.4424080717443	67.8641539083111	69.7615224733271	71.8885740721673	67.8286372128628	66.6631153259487	71.1245980437121	65.7302176286541	65.7185234113249	67.6078760250754	68.2900770231471	67.4417924309482	67.7491064916087	65.2871106955712	68.5855577458480	66.8429446975882	71.7191835506891	66.1714187418033	69.5569048240082	69.5159412562099	68.3004134894261	69.5530862931407	70.2223459010807	70.0800013701994	67.7957045255620	65.8711650329916	68.1213222702893	69.2252727338113	71.5197095636826	66.9798711689451	69.3938891836554	68.5521459810597	72.1184847763905	68.6412538050976	69.8363921624374	69.4773517248985	70.2347267412163	67.1240353132884	65.8046130689961	70.0289502394977	68.6421483027953	68.4387501205827	66.2924336469418	70.3910276892069	71.2179445578686	71.6017178552547	66.5201958383338	68.2121194976036	68.2720358213234	67.0206594303879	70.1075656227754	67.0625388901723	70.8677925043973	66.8858254269816	72.1647779145771	68.8404261828747	69.3016829095025	67.3728421697926	65.6933484485930	66.4645877053485	69.0804293262971	68.4611680100673	68.5701210818577	71.6087407981303	71.4922598561820	68.7859737457798	78.8853331349974	79.4064579081871	78.1307939146804	80.6257889870825	79.4312179345841	77.5061550197948	82.1983792214857	76.9077545878820	77.7643900130438	79.1385189357523	75.9960501062910	79.5380810565133	76.6938231124333	79.1270232866051	80.8259755212935	78.6161619397760	82.0113000464493	78.2779392910148	80.5527517100708	76.7909413317722	78.9549567661882	78.6982031159684	78.1723304833293	80.9233143607678	80.5815072028013	81.1181410647982	80.8079872154115	77.6675219079209	78.7525586167026	77.6321639122069	77.1246260800187	81.0905123510360	79.5682249511559	77.9274458431843	76.7282468741281	78.2621642132301	77.6335328589016	79.5141844088343	81.4148937605449	77.2165687303928	76.9940477776005	78.0027385629430	76.1595225724284	78.9641648954975	79.6654691278681	80.2377289743607	76.7576401495697	80.2444313674019	76.5734027011723	77.2097434996272	78.8313033075572	79.1790473484155	81.0887564931556	81.4544048985942	79.7471527957414	80.8014330439146	80.4676138652122	77.1779092828780	80.6356148102813	79.9286625828997	77.3448719213180	81.3655371078129	76.4381930436624	80.0379516935515	78.7076591012587	78.2443578509957	78.5095667127985	78.5630275412746	77.2856462480381	80.4840526996409	77.6958056931894	77.9462648502457	82.6351673510821	79.0884269549875	80.7522433744813	77.8761369158407	76.4350287202534	76.6941516392418	81.2109031507949	82.0736524026301	76.5981714017902	76.5629205949007	82.1967243877353	82.7442653181391	77.4488635856716	79.4202957947589	80.7098530364342	79.4171883801701	75.4804697029030	81.7397513158821	79.3374230638312	74.8829969692556	80.9130326942347	77.5104778028197	77.6458041849998	79.8154622951303	79.4586355258102	80.3799378741732	77.1293755945581	79.8607019387926	77.1151454762164	79.8091283116398	80.9647332969065	81.1355915731213	90.8847348887574	86.5290820355023	86.4964439312894	90.0427655423868	87.6930494627565	92.0780826615187	90.4412471531602	86.0274118583736	87.8783504699977	88.7405180810422	86.4387626317642	89.4407727125571	87.4454339259845	89.2818091694652	87.9728025806577	89.4634895796870	88.7643440031065	86.2097589624188	87.8503365768061	88.3656288321710	91.3652287137357	87.4019017370718	89.1260132000771	88.2586038542472	89.9968478496510	90.1026539623206	88.6652957048599	87.7916196906809	87.1039539771094	89.6911806388421	85.1663282351410	91.0720599753210	86.0628914753300	87.5814265504384	88.7442741314137	87.9649319119495	87.6922939579696	89.6596132229625	87.4604450633646	89.1697401470178	87.0124452281275	87.2165198101089	87.2140702556038	87.1890197598393	90.2057682969391	89.2943032208813	88.2599979121124	90.1911654539570	86.5588990484406	86.3470876566254	88.0384148527573	85.0577322623022	88.6064150695071	91.4055608651516	88.7426338867855	88.5550329336970	88.0846861504157	87.5492940786200	90.7614327376597	89.2439133126509	90.1795876051606	91.6733594849370	89.8573515492172	89.2393365388990	86.4646832793930	87.5990778325477	89.9162303130328	85.1546601781332	89.8845227632355	87.1652101955568	87.4045342299727	86.4720822129307	89.9496298325244	87.8181714059631	88.5909352192522	91.2039260846666	88.3260138076931	88.6180401658317	89.6436207687550	88.2907725989123	85.6818531135562	87.2341780728554	88.5495491012164	90.6944496543350	86.6361788305446	87.5536371856923	90.2398560249371	87.3364756898185	89.4717200042504	90.8859633072106	87.3160149543971	89.2414133624175	88.3976778662868	91.9126327328152	89.4983792648564	91.1423799841177	88.5430576793599	88.3893022052960	86.0433973005010	89.7173252867821	90.1434810937460	91.1021560002464	89.2982361909445	87.7845495569321	97.7844054948764	100.693525262452	98.0622023432477	100.794808627713	97.6950969023702	99.0729964432942	98.6209337026915	99.0143643056888	100.266146112824	100.512646848160	97.7205475876985	100.173942907344	99.1860267050604	100.993397989123	98.6878902861489	95.7418595000273	99.6026154414443	97.2376548037940	99.8104902353335	97.0777543242245	99.4241680134297	98.1562210162070	99.6734343575202	98.9882274799217	98.2664699423189	99.8456339935518	99.3356395173082	99.2524159557771	95.4146134306451	98.8699872860401	99.6242620420305	100.277097197942	99.1375098877456	97.2899377437186	99.8836441311086	98.5099907927478	98.1295271775473	98.3768422741320	99.8827761390436	98.7499076667359	98.3572297784209	102.107327429098	99.6354640913915	96.0032840202887	102.740205334300	96.3479507947540	99.3728463798250	97.6863829387623	98.4362825874940	99.0473432220026	99.9497996036971	97.1989581373357	100.150947203776	96.5856224895984	101.568009824603	101.081538602277	101.024260864319	98.2781794456864	98.2106838396283	99.5253928806728	97.7527812660805	99.3614624666934	100.755544207985	96.4060785646425	97.0105616167763	98.3935282937106	100.756232517265	98.7896987291139	100.632641205235	99.5690402627189	101.562438846697	96.4972166387914	101.881117638081	100.411644396637	102.086615168505	97.7503087383293	97.7678103525411	100.365719248235	99.6821654182648	100.256527949815	99.2519056644195	98.0047772767886	97.7431538209991	100.458655802162	98.1060207649637	98.5932765730246	97.8695368510288	100.600549445028	98.3076433387619	97.4376047009310	97.1200871624984	99.2979241516118	100.086536566290	100.089791828081	97.9533019533638	97.4231147030413	97.1068495066294	98.1704268957114	98.1572152710208	101.265679341082	98.2003972231531	96.7543016632257	100.710685065081	97.8801372585887	111.962910368261	108.405973712276	107.267553555858	107.896929604740	111.577365916405	107.674431625655	112.279418137862	107.208083793548	108.642606757324	109.958273352430	108.837299019353	110.684568208884	108.095084818884	110.567290501054	106.135889124096	108.813292351569	107.330085408473	105.606351038361	107.728966920100	108.700412598980	110.935225450239	107.923265742716	108.406385915071	108.783930706040	111.205733265631	108.836072257477	110.530164288368	106.647631928377	108.491876306734	105.483896742139	109.787333796887	109.506095759429	106.673767390167	107.088901684540	109.380760957585	111.653431408297	106.944376681591	110.539923512934	110.297005110712	109.789331383023	111.236505110280	110.342214392182	108.322203499110	107.201784093150	109.375026090956	109.237650625321	109.890055908574	109.352210040105	105.467668598531	108.080893591823	110.829903431082	108.164268851936	110.416048082046	107.357643768026	109.184150722516	108.426887031507	108.310942971194	106.509218454342	111.030573850430	110.331935816894	105.655469991011	111.618829074552	108.114569545842	107.361835405782	105.900421596841	108.691233322112	108.320718390869	107.425373577221	109.078354676380	108.938692508860	107.680433847675	107.542933026566	109.478040361976	109.911890633966	110.879351426357	110.110933562567	108.074148020489	108.348921179866	108.343365266303	110.478626877360	108.742926790139	107.478664943317	111.878035716698	111.297007923369	106.024856517416	108.480666958018	109.276913622142	108.436395085821	106.944205191214	107.943340701968	107.706076663316	107.491440043314	109.165540681914	108.377216276593	110.514648752029	111.241801103128	105.075963703102	107.511915278880	110.571322255927	109.798180472331	108.802485886888	107.914735011373	109.852761629069	109.084120944492


objFunctionValue:   688.323734360635



