Dataset 39


dvh_array = np.array([
    [ 7.89, 3.09, 24.27,  3.05, 12.95, 12.43,  3.39,  3.27, 0.00, 0.00, 0.00, 0.0510, 27.15],  # Rectum
    [ 4.74, 0.50,  5.50,  4.04,  5.47,  5.44,  4.08,  4.06, 0.00, 0.00, 0.00, 0.0000,  0.00],  # Penile bulb
    [ 5.10, 3.63, 55.22,  1.92, 14.89, 12.44,  2.31,  2.16, 0.09, 0.06, 0.00, 0.0000,  0.00],  # Lymph Nodes
    [ 1.06, 0.73,  3.89,  0.23,  3.08,  2.65,  0.35,  0.31, 0.00, 0.00, 0.00, 0.0000,  0.00],  # Rt femoral head
    [13.67, 1.25, 18.42,  7.62, 15.57, 15.03, 10.96,  9.28, 0.00, 0.00, 0.00, 0.0510, 27.15],  # prostate bed
    [12.33, 2.08, 23.15,  5.48, 15.38, 14.77,  8.06,  6.87, 0.00, 0.00, 0.00, 0.0000,  0.00],  # PTV_68
    [ 5.43, 6.24,227.37,  1.47, 16.44, 13.58,  1.91,  1.76, 0.32, 0.21, 0.15, 0.0000,  0.00],  # PTV_56
    [ 5.65, 3.98, 21.29,  0.98, 14.30, 13.64,  1.45,  1.24, 0.00, 0.00, 0.00, 0.0000,  0.00],  # Bladder
    [ 1.16, 2.81,498.06,  0.00,  9.51,  4.84,  0.00,  0.00, 0.04, 0.02, 0.01, 0.0000,  0.00],  # BODY
    [ 0.95, 0.60,  3.20,  0.07,  2.57,  2.25,  0.28,  0.22, 0.00, 0.00, 0.00, 0.0000,  0.00],  # Lt femoral head
])



templateX:  -50.1350023336722	-49.7775714379858	-49.5203348996046	-52.2078979116315	-49.9104883207241	-49.7373941215580	-49.4770855573870	-50.2995725749384	-47.8737489244819	-47.7759539935320	-44.5706110853906	-47.1918953725089	-46.0739465209693	-46.5308135652896	-45.0288596387643	-44.8503604393263	-40.5170811439315	-42.5780734526603	-40.1570014377668	-40.4468715153183	-42.5605418365334	-41.6757775052203	-42.8756173404196	-40.7942303768313	-34.5082145738359	-37.7754531006601	-36.9666529012146	-36.4987288703589	-35.0294747609626	-37.4839058713658	-37.3547133571611	-35.1737196775879	-31.6702401650163	-31.7259914797381	-30.4452170960725	-30.7353230825418	-32.3210109911786	-30.4235630323208	-32.1524462260951	-32.6113614928989	-27.3160786865570	-24.4578375777341	-25.1913967586197	-25.3852383085135	-26.4613122408488	-25.0170087187170	-24.5368527836778	-25.1926711471762	-20.6286920434339	-21.3070425041267	-20.6460308715228	-19.8482115868176	-20.6560512442939	-22.1524758731171	-19.6238620159171	-22.3927498176594	-15.9608508113322	-16.2830416806712	-17.0102722974803	-17.8002682341595	-17.1296124467569	-17.6683304175026	-16.6119626402625	-16.9222875266591	-12.2160997739023	-11.6090746844462	-11.3395297401722	-10.8486586588706	-11.1899911918858	-9.95654984472906	-11.6361739085539	-10.5704221470825	-7.43047657193488	-7.26388608030449	-7.73468770894348	-7.53204620437042	-7.65040535402330	-6.78116612441780	-6.90130315397207	-7.65818688585703	-1.81104032908625	-0.0412655712059638	-1.66965134311272	-1.51337123704635	-0.0700890259469429	0.400196539080844	-2.61439424882942	-2.43854574432603	3.43099122232299	4.88546239815218	4.01739515589266	4.97445608884755	4.97934841182514	5.37813546415692	2.87104223270687	4.45516871985441	8.51136665069391	8.61534501502622	8.39245225477538	8.67156393545707	8.98665437399464	10.1516500856478	8.25132434403133	8.32789028286899


templateY:  -395.862474032001	-384.420740244115	-375.101075196225	-366.091663446061	-357.270439951595	-347.415427171277	-336.204873085407	-325.673550015800	-389.954630743747	-381.203732120451	-371.576011791846	-361.925785676025	-349.891690183502	-340.953705252995	-329.906189776050	-320.385922658938	-396.135062003092	-386.370432032301	-377.222173107264	-367.188598828624	-357.277649593248	-346.884385683538	-335.817745110741	-325.772539221117	-389.458446479458	-382.176321009677	-370.713656187216	-360.243007817954	-352.542184786431	-340.709104801920	-329.404672634750	-322.683758932178	-397.744953091882	-386.387508946362	-377.386039164238	-364.649371037195	-356.153929473329	-345.114645687392	-337.588320871190	-326.857431711310	-390.301905395870	-380.676086659167	-372.154788082125	-360.062940648942	-349.765849467149	-340.880601635950	-329.704682613203	-321.566726945555	-395.217446468236	-386.459790325929	-375.687996673655	-366.144944498984	-356.973044350783	-347.088705636562	-336.039274902781	-326.434258116258	-391.119974712471	-380.426076500632	-372.409506838690	-361.757276771185	-351.733895476892	-341.311230733132	-329.734134013150	-322.309857060910	-396.263620154195	-385.309857487302	-377.294771766547	-365.647709939418	-356.648003524845	-345.179397701618	-337.102784694029	-326.604131562301	-389.499845949774	-380.924775368755	-371.431525105595	-361.985932457191	-349.490786185840	-341.722358760940	-332.153686126860	-322.856261953240	-395.842324825486	-384.947529011425	-375.549052104516	-364.793421739193	-356.702965638810	-347.051245838213	-334.608925688191	-327.857895524488	-392.429219327211	-380.472134719529	-370.288998870625	-361.659610422800	-351.758679713892	-340.463180194833	-330.311070385335	-322.621008258872	-397.630689030966	-387.861956729649	-376.497622374284	-367.018895311669	-356.636783020656	-347.343888115210	-335.322372452691	-324.928288571607


templateZ:  58.7770071610259	58.1490474812780	60.5923666322648	57.3066457972274	57.8188963232946	59.1993618895593	60.4425834170081	57.5970004426419	59.4049409585405	57.7004138258116	60.4102731411296	58.3735034757685	58.9666238727136	58.2007015769168	60.3700019697210	59.8364582548458	57.3494177263452	58.6211512736089	60.4235433584420	57.5139563942999	59.0277338118036	58.3584957204957	57.1846535636622	57.6304058747459	58.9005580796979	59.7386961269049	58.7473767179703	57.2746926839080	57.3379574563251	59.1490215732768	59.8974039432109	59.3029920108720	57.2949060653599	58.1224315140916	59.5702191502542	57.6259646057795	59.6117374930868	58.8499434196570	57.5965985009844	57.5830140878259	60.2850818209338	58.8472431789600	57.5274301426939	59.5897276130305	59.3169084583882	59.7089022783249	59.9873056697995	59.5465458490470	60.1593037524806	57.1889383815690	60.1746625734307	59.1572043169305	58.4443261931187	58.1924845510873	58.1912896820573	59.6480721176443	60.3186385300803	58.9870348551684	60.2376229612448	58.5515952141962	60.2653740393429	57.9303703329041	59.2604624630426	58.3101804914931	57.8292215081581	57.8598653964762	59.5727390875538	58.0607929198073	58.0114586890345	57.6096122004297	58.8271131265688	58.1481168288468	60.2960816001566	58.8604740778390	58.3918356262863	59.3051207397695	59.9797705541092	59.8990212922031	57.4936451049011	58.9974521442321	57.9926017023203	57.6503602139425	59.6505152255638	57.5464404269722	57.1367447508983	60.3629925328972	60.3032213468436	58.2426385066585	60.5941006913991	57.5044427056304	60.6109373284493	59.8458011134146	60.0496748874661	58.5382225477809	58.4464548780383	57.2068385530197	57.2834625053763	57.5696767534854	58.9028809905062	59.4252886825888	59.7170487578727	58.4438629677069	60.5845094215821	57.3350048477300


seedPosX:   -49.8793136570698	-50.7057478673177	-49.6535163866140	-53.4577308401971	-50.5013547581482	-50.2055068653923	-50.3482541799486	-51.1960572549325	-48.6064284683448	-47.9962724347323	-43.5526740214104	-45.9542982227513	-45.8294111173255	-46.0573973918754	-45.6027926704396	-44.8615775842399	-40.4100748738819	-42.9513309324202	-39.6649249796545	-40.1541118332727	-43.7293647263925	-42.7801496445556	-41.6984676913689	-40.0858203142742	-33.8746155189096	-37.6322993493106	-38.0660843643104	-35.9513156957212	-35.1161723514973	-37.0490950223591	-37.0255486729371	-36.0254996942366	-31.3279228273301	-30.8945026475630	-31.3607055370069	-31.1585934942887	-31.9442186381666	-31.0389615041943	-32.0194473696491	-32.8022608221371	-27.7003492354785	-25.0373384359881	-24.7480678871304	-24.3450757416687	-26.9505473476277	-25.8649519167928	-23.5905122679968	-26.3313085434384	-19.7735391897670	-21.3076669480695	-20.9872678217454	-19.3902544787161	-21.5249359387119	-21.3298268039687	-20.6153949340057	-22.2291011126142	-15.9078471803637	-16.8410487184111	-17.6166705555030	-17.2283104921863	-15.8810383725795	-18.0825899963477	-17.6075250701398	-17.4919158793464	-12.1540625605772	-11.5450630536658	-10.3016463502547	-11.0878452778646	-12.1747284880817	-10.0168425113475	-12.6675132704138	-10.5584243159746	-8.63862224815856	-8.29717568505424	-7.93774547405925	-8.33768748227092	-6.70071576439641	-7.83869707122349	-7.20117350164148	-7.08527949235960	-0.815445835156725	-1.10870634846518	-1.11267753159378	-1.87558153552102	-0.0356648079661135	1.03013183318867	-3.51082636930160	-3.33758335980305	3.28384458742006	4.39879020112956	5.17170035587817	4.56036350918260	5.14021931344411	4.35991947390673	3.45919164793147	3.97504462558833	8.82478694440887	9.22579055583596	8.21011273950652	8.55416300279347	9.65674124446284	10.4795575234833	7.14086808860905	8.76550787640370	-49.2518332693714	-48.6007462763245	-50.2643102470466	-53.1870752075885	-49.2755537461163	-49.7102611930362	-50.0625007129780	-49.1304333351340	-46.6797594847912	-48.2845186048352	-44.2666886308583	-47.7870213337251	-47.3036579363967	-47.0261740872322	-46.0147919100919	-45.0680513321264	-39.3247649491155	-43.4507402592016	-39.0966977450705	-41.5778610709543	-41.8927210295537	-42.2289229266029	-43.5854999901558	-39.9076025606277	-33.4858787404961	-38.8138607101680	-36.0899731101016	-36.3403979592790	-35.4148286548860	-38.4978221687143	-36.8405662387511	-36.3205696675820	-31.6951065271762	-30.9461636749160	-31.2026019697963	-29.9266540713922	-31.3148801834207	-30.5314674755817	-31.2172137570347	-32.3329225556915	-28.4595060676248	-25.0311190442816	-24.1121014522825	-26.5691883903540	-25.6704931103168	-25.5221827489716	-24.5773598671327	-26.2074868111758	-21.3940490931592	-21.6919281592899	-21.3191057894392	-20.8237999266036	-21.8171267869948	-21.8055712819794	-20.5893898194209	-23.3287762470366	-16.1387738831763	-16.4804432666390	-17.4198173064532	-17.7900190127748	-16.7719339929597	-17.1547382034344	-16.5520514169495	-16.8494898713185	-12.3931754740232	-11.0811740504251	-11.5085412083741	-9.66926418325290	-10.5412561732793	-9.60885599611705	-11.4869421304460	-10.8889851406646	-7.69335676007329	-6.08563872472885	-8.62416571092418	-8.06969502668791	-6.69393854127005	-6.23592337975232	-5.97998752352685	-6.66816894050807	-1.14205045203169	0.217109146322835	-1.17163998203475	-1.79196166243935	0.159893999610421	-0.807760119187644	-2.92564684230641	-1.49731416004814	2.84681342002278	6.01741782135453	4.00616728530087	3.93316834157404	4.57470730590013	6.00349821224618	3.20894753498313	4.48553837522006	9.72551654130868	7.88832704993857	8.97315288652363	7.62743470286947	9.00938513849759	9.27089104900469	8.85755056791593	7.25921629050977	-50.8908608175309	-50.1951835804740	-48.6088258238703	-52.5542554499702	-50.3375609115515	-50.1029382564255	-49.4199851864984	-50.0088667061013	-47.0948321880848	-46.6970969896775	-43.7110161112139	-47.3802246469725	-47.1572895497267	-45.6838251435385	-44.8828535163241	-44.5776098913891	-40.4194693656164	-41.8126735603343	-39.4255831156090	-40.8798921079934	-43.6675287935238	-41.3673611558879	-43.2005921843153	-39.6951482679732	-34.3036470320002	-37.4338123274259	-37.9154934957687	-36.8710855272344	-35.7634268849165	-37.4040247833531	-36.8661785093531	-35.9168242744125	-31.7785050399896	-32.5330511819473	-30.7214440862151	-29.7782298918953	-32.1084088747287	-31.4086986386123	-32.9370359864295	-31.6627084382642	-28.2436860684890	-24.7413384357328	-26.0614530862725	-25.9160807082259	-25.5323844690349	-24.1023072504222	-23.3888271973979	-25.4112989347868	-20.0494400874540	-21.3387096010162	-19.9480384548211	-19.5834082073102	-20.2962645970726	-20.9575876552359	-20.5253291845348	-21.9391926398922	-16.6564750369997	-15.4031086762942	-17.4911514936771	-16.9907951028367	-16.5871695318979	-17.5154849348477	-15.9501658171762	-15.9864321422488	-13.3075447909442	-10.3702813574759	-11.0747240972170	-9.92090574515446	-11.6320035791865	-11.1639476929916	-10.6986354935557	-11.4399932397718	-7.33299393527068	-7.33390485855100	-7.90656209206655	-7.34169143118271	-6.55136289280980	-5.85625830382869	-6.41604268011048	-8.41448841331754	-3.02750583238677	-0.553439245169827	-1.61510060896754	-1.48008998107570	-0.827776893618832	0.395101047450550	-2.01789671680021	-1.72823587023968	3.43045583222455	5.88067031703613	3.16226314695226	6.20183734542021	4.04605712019305	4.38708329301370	2.37480232237228	5.38248920795380	8.14657072518411	9.15437584038840	8.83260738957003	9.44931668658274	8.24106311856711	8.98303732538377	9.17612612986468	7.74083879500381	-48.9046846849334	-50.3498915086668	-49.6931361039093	-53.1590719346531	-49.1733350641236	-49.8090432025452	-50.5380072891231	-50.1198721215909	-48.4463955881099	-48.7637862778707	-43.7806881391868	-46.3315482281379	-45.7982448543451	-46.5261491964640	-46.0787944118756	-44.8013785448065	-39.4579227811083	-43.3460127521771	-39.0195870828749	-40.3474402953056	-41.3455938703509	-42.7692249838279	-42.7937822907371	-41.4775670016871	-35.0918166531076	-38.3281415561310	-37.1450247007010	-37.3699730038840	-34.0176810511408	-36.9951899679601	-37.1508660974541	-36.3754895649739	-31.4761972812841	-32.3063225152007	-29.2913180925107	-29.8974098661097	-33.3022782127311	-29.5580484881885	-31.6839815356268	-32.4819028803630	-26.1202886267214	-24.8723751987579	-25.8608050752499	-24.7635160280243	-26.1390316745535	-24.6500097763622	-23.6530555474443	-25.3762926797154	-20.6638793606085	-20.5529909909225	-20.9251088088969	-19.9404871496249	-20.6309646750386	-21.2649832532215	-19.5748283357071	-22.5747960324471	-15.9116015228051	-16.5682737112412	-17.0041228094057	-18.1109540024271	-17.7454202795034	-16.8065865901732	-17.6455779008215	-15.7791998767537	-13.3744380267756	-12.1416086542543	-12.3781621531491	-9.83859440831440	-10.5919132974113	-10.1328330045090	-11.2780766661132	-10.4470884115705	-7.35477297559159	-8.14206422792484	-6.86289788553086	-6.89504037362514	-6.40509792100197	-7.69178562390988	-7.70991407699338	-7.97785868085154	-2.55331777855338	-0.790899090089008	-2.80176887326960	-1.19944373226046	0.343052857803900	-0.761833150407020	-1.50321837528136	-3.23669390580480	3.98289433319288	5.65244707070213	4.29986074607378	5.29881174216105	5.01471848085031	4.72110942600665	3.59148594384228	5.39115554533691	9.61378576659566	8.22693124818588	9.22403496479523	9.90801270663430	9.15596593751508	9.11129266687874	8.73201762038564	7.18769604890414	-49.3072645503860	-50.1442944240767	-50.4074787026805	-51.3365768501603	-51.1264596527125	-49.3515761434455	-50.1335054901332	-50.3503258409650	-48.5685071302101	-47.5636141941684	-43.7357309129510	-47.5950390658554	-45.5128243701743	-45.8928911217229	-43.7839890954933	-43.9594263270879	-39.4960071498301	-43.7750950549230	-39.5801873994007	-39.5466829099097	-41.7995102234017	-41.2657213424814	-43.6548789323453	-40.6371360184958	-34.0173741150299	-38.3884173716460	-37.2728665391726	-37.6424118149570	-33.9777273863020	-37.7803531155422	-37.4190534011363	-34.6364464647490	-31.0310981132984	-32.6569124827988	-29.7978222756236	-30.2917989186571	-32.7355424297466	-31.6024436059386	-31.7355278527479	-32.7790305028452	-28.0690035599581	-24.7382539926345	-24.7625323685613	-26.2434228159985	-26.4712780569621	-24.1144416825621	-24.6639581544532	-23.9812706039300	-20.3272080111389	-20.0638890589369	-19.8925820932646	-18.9323944063077	-20.3588523349496	-21.1599472031654	-20.5313999948145	-23.5227555412250	-16.8707798873771	-17.3943520234923	-16.0160003964990	-18.2632932342141	-16.2572264212454	-18.1852855110384	-16.9625827159017	-16.6149764037298	-11.0901571139430	-12.8050924879344	-10.4204700723261	-12.0374607464820	-11.3805614302118	-10.2342057342499	-11.5159315849798	-9.40313861236856	-6.69811398715957	-6.89088951194765	-8.92655362324925	-8.47449913607667	-8.42046150222727	-7.26218084313006	-6.07774483227081	-6.56776817747797	-2.97518041942278	0.901252403643236	-2.44818125046123	-1.64527043106628	0.434838519493311	0.819111991088037	-1.39883802187142	-2.69548367430496	4.30079238892329	5.82352794283743	4.15186784194230	4.69398630536701	5.53088423365298	5.04401300257939	3.21875180287250	4.54995996322426	7.48412715447894	7.85305567931014	8.07932659854999	8.20761156714216	9.29836028434574	9.32978117542861	7.37297212007623	8.62017565863347	-49.4727889722033	-48.9738357719237	-49.3276159679641	-51.9232169335453	-49.0532257354279	-50.3919958436993	-48.5027021574233	-49.3106013804296	-48.8898072803087	-47.1940088740185	-45.6739542977094	-48.2181133016750	-44.9535211120891	-46.8589705779217	-44.7227135163180	-43.7608039789268	-39.7420873572440	-42.8116348854084	-39.6460510900060	-40.3462774299447	-41.6593348058146	-42.8736487303990	-43.8411894003864	-40.8224206418306	-34.0840950204922	-39.0035261426904	-36.0614495659488	-36.3980438177833	-34.7216985490053	-38.0908072620839	-36.9469150277637	-35.1814919045484	-32.7347259022319	-32.8649966328273	-31.3990464627201	-30.7802354191332	-32.6877073858142	-30.8093998068269	-30.9625428746268	-32.2625367239927	-26.2110237098552	-24.0914960774582	-26.0835380153929	-25.9273245466896	-27.3608773940178	-25.6922663316217	-24.5860675498850	-24.3871215759270	-20.3909489875333	-20.5973783776027	-19.4694292646743	-19.3257021985186	-20.7183751179554	-23.2066768594534	-20.4400842950547	-22.6777708649156	-16.6461116275429	-17.4236274838780	-16.8636061956634	-18.4663602385172	-16.9113929603671	-17.4145651661120	-16.3357595396842	-17.5761609881431	-11.3576111196082	-10.4416957609885	-11.2820318874336	-11.3972411444738	-11.1295333882163	-9.72154677197916	-10.5655580708348	-11.6545916723634	-7.23368938850095	-6.01711770674966	-8.10624829381353	-7.33700311787916	-8.51766200633272	-7.00212173221179	-5.87437479235553	-8.84933054735821	-0.876772772447395	-0.604424133078928	-1.74798774227726	-2.34813607214650	-0.0817470865736992	1.04724673388733	-3.56099965709512	-3.55292437632852	2.35111769281591	5.92429235412793	4.47846037899109	4.86078792816780	4.42412138702763	4.98615149674485	1.62326615920958	5.12959600249018	8.80366529163847	8.47096989913215	7.20557025311997	8.77423346310348	9.92330216002057	9.84901411610861	7.85837167286871	8.92379173132748


seedPosY:   -395.087628128769	-385.519957281304	-375.487223666516	-365.411547462527	-358.500943528759	-346.815487864430	-336.149692583807	-325.871732184708	-389.900728437193	-381.633876691938	-371.927041649085	-361.051707929268	-350.235519135500	-341.804086261036	-330.317675394162	-319.230517455608	-395.638230033015	-387.027491992239	-376.149112300811	-367.303109130021	-356.573608503314	-347.494375129573	-335.496169863259	-325.410561519039	-389.955691325437	-382.797582091984	-370.483035577881	-361.364281882253	-351.780040397072	-341.573799952435	-328.611334993619	-321.467924414184	-397.309804580555	-386.772219048294	-377.701328381401	-364.531778696084	-356.922089681281	-344.735541339264	-337.981004709928	-327.706701956158	-390.837055696739	-381.418784065332	-372.525792299001	-359.424839100824	-349.796619935013	-341.537100661032	-329.952943579444	-320.812839589243	-395.226028781245	-387.521248492011	-376.601814508636	-367.278286890664	-356.344011352054	-345.985211985224	-335.611140192477	-327.411863965432	-391.490279121737	-380.596909678496	-373.620438230969	-361.372024868654	-352.297805593684	-341.272347509324	-328.705261953239	-323.255061872152	-395.702656920043	-384.765370968891	-378.088419090595	-365.006841128528	-356.219465690496	-345.175942566063	-337.378740927879	-326.059253780726	-388.865577782445	-381.897534344875	-371.121754045251	-361.137177901201	-349.913053044315	-341.730810160701	-332.348863669325	-322.845142379055	-396.751459878842	-384.907663552907	-376.442850343948	-364.971545880191	-355.456980393601	-347.822351977237	-334.249517729386	-328.247752848779	-391.517343567818	-379.434664395249	-371.199463658022	-360.568035035662	-351.527806546485	-339.516018780235	-329.683499611500	-323.413035249030	-396.752921132853	-387.448368493163	-377.109447138712	-367.462910071419	-356.266285363491	-346.763147397416	-334.782486736323	-324.851716035835	-396.604027550608	-385.282125464345	-374.779651109525	-366.494646204357	-358.450724931511	-347.307642095384	-337.154332969355	-324.553767201287	-389.614487494873	-380.931882442799	-372.504365254923	-361.662393873647	-349.768531069410	-339.771143418540	-330.652874560566	-320.891758473101	-396.030721988381	-385.920726175192	-378.366216246295	-367.864800832195	-358.093922692201	-346.074277756841	-336.026453179347	-325.363145935585	-389.102433518574	-382.107929582461	-370.115768187242	-359.895083025404	-352.939280059794	-341.506509192888	-328.363613309426	-322.047204058212	-398.762020446918	-385.495799402950	-376.144038894663	-363.583359106295	-357.401823192363	-344.394913448533	-338.247739795925	-326.050305646675	-389.124382267794	-379.428553520954	-371.753173886388	-361.254304010647	-350.628947197287	-341.206374003012	-329.320914798692	-321.432918132828	-395.200807049892	-387.178537972366	-376.408278415569	-366.640473857991	-356.290371002717	-346.769269866497	-336.626412150161	-325.597696633308	-390.099486473358	-379.188113101180	-372.791041084055	-362.529870646943	-352.712622851252	-341.339710763451	-329.192339138822	-323.290875273483	-395.799783966958	-385.265505850571	-377.665190950080	-365.349223651008	-356.642319966966	-343.937750167968	-338.340211266080	-327.290317416455	-388.784851767162	-381.375936495501	-370.415878616898	-361.855416493033	-349.542809550292	-340.532387225312	-333.206153657801	-323.531476682464	-396.901206215761	-386.123212939972	-375.527207760800	-364.375895980371	-357.102972618157	-348.029138418778	-335.320906801724	-327.486885958366	-392.428389632349	-379.979438782402	-370.659600082484	-362.538665181747	-350.975174602987	-340.966713860877	-330.172155238644	-322.191702228862	-398.332046537647	-388.075991368285	-376.654463949536	-367.981218275430	-357.012664376100	-347.024595233845	-335.272731940228	-325.413144146500	-395.088628485869	-384.099161268268	-375.678427132161	-367.327716846292	-356.683158012565	-346.430431085666	-337.178791980478	-326.637047152149	-389.611171962483	-381.995197087554	-371.436397852938	-363.025862691756	-350.459154667374	-339.910612562965	-330.213122983892	-320.233394780554	-395.549502977467	-385.425599658715	-377.339446758092	-367.370057449723	-356.702342693958	-347.355929681347	-336.728262289467	-324.842256178793	-389.529721030809	-381.598936330840	-370.110923188962	-360.519813839583	-352.119941454273	-341.548151267906	-328.415304512098	-323.566427715464	-398.772392394384	-386.837052996697	-377.316661419226	-365.284199176565	-356.256182949317	-345.983619750250	-337.147917936649	-326.341898319847	-389.414369319149	-380.381023320938	-372.856416863416	-359.889589616281	-349.020793265510	-341.678277687689	-328.690185430417	-322.788871794346	-396.398713628073	-386.391700597954	-375.199923359246	-366.745159007696	-357.653847129929	-346.326328804341	-335.419171409948	-327.232227239218	-390.556001871727	-380.646310404828	-371.732324170605	-361.100240174297	-351.382888692952	-341.278999629285	-328.529405344516	-321.708965245877	-396.113464555803	-385.784648170473	-377.952492843075	-364.998847300006	-355.612430839222	-343.932468471591	-336.186478201765	-325.852884891130	-389.007263712575	-382.079037272384	-370.235401061571	-362.439971779247	-350.458658664959	-342.097864546351	-331.273100091789	-323.532824174148	-395.323360852231	-386.086872861705	-375.329842252651	-363.769926024556	-356.867499762623	-346.502937750390	-333.579974314854	-328.107162922435	-391.985268549370	-381.343395514262	-371.062490739199	-361.024657480683	-352.746580199798	-340.928060236076	-329.465186049673	-323.042730391273	-397.502235848822	-388.727327609224	-377.258725115925	-366.588174604716	-357.667272486120	-348.430148852420	-334.401682233157	-324.980617769184	-396.122420709118	-384.863942503661	-374.114447013338	-367.065052232153	-356.344875379348	-346.478207469299	-335.434214407068	-326.468069675581	-390.940315894178	-380.511429718334	-372.076846466421	-361.472240676257	-350.191889227511	-341.166377972561	-329.977847698342	-319.172218243619	-396.786884271628	-385.520592598712	-377.180214532160	-367.388326892930	-358.208599938954	-345.877917825385	-335.352240378418	-325.548759608852	-390.164522296347	-382.119868707492	-371.397389739847	-359.079096505056	-351.545389003978	-340.175118821498	-330.090363322516	-322.091491784217	-397.916075982626	-387.134322729266	-377.465592360987	-363.871267345896	-355.702835072767	-345.213860435216	-336.670859004563	-326.819035825973	-389.221643840919	-381.715285579411	-373.170100528625	-361.272920543289	-348.829476059832	-341.154241117365	-330.338835899770	-321.026546212064	-395.488632487943	-386.573091264620	-375.195947797290	-365.505306139519	-356.202477225505	-347.145235708960	-335.504646118699	-327.038482194023	-392.047240827725	-380.712760822852	-372.641575890886	-361.480701384908	-350.767035677764	-341.865999994796	-328.932040060275	-322.240574674911	-397.353200853719	-385.270650398897	-378.170334274929	-364.623241046013	-356.912172214285	-345.702414541734	-338.315475891201	-325.599202984170	-389.122550521337	-380.094468834737	-370.398634981181	-360.979137509049	-349.527089853308	-341.037531202046	-333.187044830955	-322.840921945956	-396.386686896965	-384.173125341217	-376.260272979273	-365.965797341253	-356.827605304168	-347.328774606007	-334.079650152655	-327.309963060860	-391.414417289563	-380.273755047006	-370.443376391564	-362.805311279377	-351.359589990008	-340.850017489008	-329.138120074902	-323.097897498616	-397.904626403206	-387.846569640771	-376.367634456902	-367.352814025285	-357.400532490977	-347.246777764619	-336.404868819138	-325.811317729223	-396.196775650336	-384.458712421606	-374.938787804181	-366.727884312632	-357.879698828234	-348.531333729452	-335.451388713308	-325.042851416966	-390.132116659567	-382.351756751749	-371.392541672145	-360.890323416351	-350.017403107438	-341.804659693058	-329.333872204681	-320.443518127935	-396.070846926365	-386.666768127406	-376.269938172318	-367.988759110988	-356.884999939246	-347.716883085578	-335.668282618170	-324.620143639829	-389.310802879934	-381.771111751265	-369.668564711541	-360.398122804986	-353.009910199432	-340.944095704553	-330.196082193045	-322.064897178003	-397.995442586398	-386.440558989816	-377.216093472942	-364.132233906765	-357.307394883371	-345.546817895076	-338.326816225040	-325.876443268655	-389.799546934874	-381.001190314921	-372.369165642011	-359.816524371710	-349.774899302220	-340.742919147714	-330.765673602711	-321.508476624819	-394.728289210522	-385.903889678100	-375.103873140028	-365.184158397770	-357.445699958514	-345.852223607997	-336.240014229946	-327.664402904476	-389.929388619875	-379.999845464603	-372.907921493385	-361.425597897084	-351.809554298323	-342.192981556274	-329.091326580781	-321.701493502255	-396.610986925930	-385.935842091461	-376.675412465157	-365.687105601133	-356.643233193495	-344.974334409918	-337.164383247718	-325.367515243616	-389.804291285459	-380.675874642521	-371.522705577443	-362.166298594017	-348.947611613030	-342.706555895347	-332.421147067167	-322.552696503453	-395.555284093573	-384.619575888514	-374.366313582879	-365.696879500938	-357.618520708445	-347.708005461996	-335.301719248219	-327.173871917254	-392.984303512103	-380.617253025440	-371.106354835598	-362.597393746928	-350.524576789954	-341.313083972880	-329.599295707610	-323.738850370900	-396.764376575781	-389.080997779583	-375.270513150518	-367.740811442209	-355.390728708884	-348.370311411665	-335.569928906334	-323.896154501286	-396.708732978469	-384.254261140610	-376.221787049872	-365.683241175369	-357.533981776721	-347.583697257466	-336.929178678934	-324.598988761338	-389.638832960365	-380.808822617413	-371.832414876301	-360.810948075411	-348.829059770739	-342.055407965741	-329.256599651084	-320.915489244693	-397.071787266589	-385.434187386454	-376.434097641548	-367.864301698474	-356.284550207157	-346.507949859049	-336.671622274179	-325.169839012791	-389.356651480034	-381.725303714177	-370.596750086541	-361.181668786828	-352.445255721533	-340.717815697333	-328.620160697407	-323.586967106602	-398.038785105484	-387.375932919284	-376.471815184276	-365.574068521654	-355.942827669312	-344.110611837718	-336.855558127165	-326.018733331373	-389.945884591321	-379.838159278333	-372.007167535639	-359.196554983302	-350.629401214129	-340.965146548174	-329.140409425457	-322.639884716599	-394.174491585919	-385.300993550470	-376.173893861114	-365.954123475092	-357.229834906892	-347.684765765762	-335.656615596174	-325.221191133251	-391.228933430959	-379.677874768581	-372.565116298533	-362.847006160064	-350.698332097312	-340.064794392179	-328.907406477215	-321.690383735472	-395.379147963498	-384.553830478158	-376.304415188320	-364.569357680706	-356.902502229135	-344.624844646891	-337.401019652350	-325.541297668238	-388.524670219324	-380.142413570733	-372.192948062210	-360.860495164712	-350.723547693550	-341.707038294952	-331.709529214235	-323.303775421803	-396.427904334069	-384.153891161187	-376.009523448892	-365.311141755990	-357.000016640376	-346.019647590582	-335.609921753603	-326.787553135089	-391.220043053903	-380.321114004160	-370.303514288056	-360.890149662072	-350.782615707816	-341.295512587822	-329.413715458258	-323.072184621186	-397.996086256382	-386.712070770932	-377.389433380856	-367.119983248073	-357.449042345603	-346.999318691683	-334.204574856366	-324.089380448437


seedPosZ:   60.9079426497954	58.1788231615661	59.0395754676984	56.9020101167979	58.9936247519317	59.2716367574137	59.3032366080238	59.0867656541880	56.9755010219104	57.7374193014171	59.8063500136389	60.1486577463985	59.0012679444587	60.3067380080613	57.9448606009051	57.4002605593155	56.2825063618730	56.8475167655347	61.3614126238926	58.1188744485232	59.7750342406043	57.1011601306828	59.0328483975057	57.9670750384311	60.7317085643330	61.8068474850911	58.4058495498860	55.1298047958671	55.4150151983143	60.8219528839188	57.9752585897755	58.3176385040775	56.0802032275814	59.3580046201438	59.5395897441602	57.1811904200125	57.8747859695899	58.1020360489780	58.6625035723789	55.4059561159357	62.5589551445700	60.8401815588125	56.5349882251046	61.9997229278112	60.3609161048536	57.4967578372468	59.1071828986074	60.3738764059845	62.0059791035132	58.0495697736616	57.7989343471316	60.8812722946423	56.7294296999706	57.8172511315302	59.0101729179406	60.3859210539734	60.4394824676349	60.7974951506340	62.5085439805816	60.5387280897025	58.0553660519089	60.3744192266650	59.2317648513106	57.2060667078982	57.3555510416637	57.8746145748904	58.9547906982458	58.9906393573158	57.3351649511656	58.7522249243127	57.2258101600160	57.6677210798770	61.2274245479168	58.2194091073151	56.0393187626854	60.9994597157533	60.5957695108615	59.0488287021926	55.6487686157386	58.0348835113029	57.8072578562079	57.1409349781513	60.3056569276668	58.6662391882107	55.8011256548993	58.2896648062669	62.0117259359138	60.5031988845271	60.8546536810711	59.4948285200006	59.5274401747505	60.3335624060458	58.4695939768224	59.9100800569535	56.2270171891845	56.3226163133548	55.6424392904633	56.3972716108248	58.3921459292334	60.4719478907240	61.6490691798138	59.1539236571587	61.9453788771270	59.1800816404147	70.4918568990445	69.6746574689013	69.2917374558713	68.4344067701601	65.8575669766359	68.6204542351817	71.2361837277078	66.6246798735576	68.4856678823792	69.8699281052820	71.0826768970301	65.9645747040817	67.0860410389969	69.1004824821570	68.2436921900165	71.0808353419964	67.5794761300309	70.3081704081717	69.5794620166116	69.7019183028421	68.8416909226015	67.2991229325766	68.9973227355241	66.7880647284440	66.7549493323999	70.8838155215867	66.2948701698124	67.0559342961226	65.1608747066338	67.4220282445153	68.1042022065868	70.5334479714610	68.2029778258780	65.6641405527461	71.1607408942162	65.8071982700119	68.7958352444356	69.7259396873822	69.8995054141851	67.3993729608351	68.7908773810033	70.4201720992950	66.9802956417961	69.2273422572658	70.3293353960548	68.9264117291901	70.9892335812291	69.3235784468368	72.5376415141199	69.3289386247612	72.0237834937395	69.6190464738151	68.0104612011788	66.4577878361395	68.7823240948808	68.5213316633764	71.9463666081319	69.4077179393675	70.6310091794900	70.4739685956540	70.1672173949749	70.2190026860659	67.7070354421502	67.2263923260304	65.8619379445226	67.1862472939791	70.3345036043749	68.1008988799839	69.2405306632715	69.0428839006401	70.4005779620918	70.4872657781787	67.9072735447651	69.7485570215434	68.5457787566799	70.4460526106781	67.9638658832606	69.8888177317004	67.0487440145481	67.8301162358050	69.6287711071229	67.2473504405060	71.4659429526764	65.1919420378045	67.6295920664301	69.2679221519525	68.5999744825308	70.3990629292749	68.4747889384059	69.4551232804474	70.2803381196768	68.5610361600996	70.9652018626127	69.1739388966050	67.4307302958296	68.2111194862039	67.8981788740043	69.3030981354307	69.8738189503679	71.5985144028640	71.0468833693350	69.7181694579174	68.8924142203329	65.8185993350547	78.0059534707304	79.8692113146103	81.2929091892285	78.1167136994621	75.7513145441211	81.2311200469686	78.1880091755280	76.5969633248896	79.9295927144850	76.2558386910958	81.8360110873998	78.4321463184149	79.8964298632953	76.5118181833632	79.2906032452233	79.4337007701446	78.0478801742831	77.3405638412938	81.0592198371389	77.9415185800917	80.5119882665028	80.3164304340657	78.4351602139942	79.0389992987975	79.9506454465492	78.4964524565878	78.0684717662501	79.3903315452446	78.5948565632542	77.8974596002707	80.6079730150633	79.2547951042025	77.8409351919828	77.1934851128138	80.7109352345522	76.6274658358468	79.1564369039976	79.1148458295546	75.7003101376211	75.8088052991423	82.0919874552638	76.6519676996391	75.8299156497663	81.0420098359864	79.4600456466186	79.9664644899157	80.3112813321055	79.4875735119241	81.8994712275866	74.7723950523611	79.6672782979998	76.9168145530756	78.2549504106435	80.4644352658774	78.5158344254877	78.9490694517713	78.4041493026329	76.9145704379844	78.6463542881097	80.0510235524687	79.5354565479132	76.2178590344314	80.2789492902213	76.3067779620962	79.0402646637512	77.1003794439778	77.7848170304148	78.0295146790401	79.2666078428016	79.5051060840602	80.2377813111765	77.7343995420782	78.0119815931493	78.9229277523811	78.0732494323237	78.9836606546785	78.7015866557698	81.7285945576615	75.5814775350269	80.4627880851936	76.7274960675546	79.1515504240883	81.2516872177358	79.2700077300701	77.7304847799297	79.8070543846186	77.9431624330965	78.9284977892927	78.5409122986038	77.8730457607192	81.2750722588582	81.0632313172325	81.6193653977551	79.8460094395515	75.9890173019468	78.6699894086335	79.3825573414886	78.9723795835785	80.9615937267078	81.8222815793669	80.6189549232324	79.1505132092848	82.3746078587280	76.8453476249412	86.9086889232467	87.7333161510394	88.4561820951641	85.1697391115999	86.0116782906576	89.2812928071162	89.5940311868092	89.0746874221796	89.1977592142469	88.1229404128815	89.0669125884377	87.7227418007301	89.6613294602708	90.0823601482169	90.4875854520027	91.8531891618620	88.0355566954085	87.8355191970880	90.7452260132268	87.7280847097881	88.1367674258360	88.4095320606868	89.0933170655132	89.5639350068331	89.2738212691879	90.5470111155336	86.2730774572662	89.2702916942690	88.7819205247450	87.0358633414209	88.8042202358328	90.3696325139555	85.0780869689543	87.3761526468305	89.5850717806993	89.6130534534053	89.9007027804175	91.3165404793467	87.6110825571961	89.1989673647690	89.2961657211791	90.8566337266264	89.5745351659449	88.4768444803101	90.5801767136788	88.3340881783294	90.4040734298509	89.2025458942562	88.2400018457795	87.5887048234943	91.1348361170400	87.1989270730211	90.5806635887105	88.3860556893823	89.3453920810377	90.9732067084714	92.1710110172363	88.4269769389361	88.5331568959638	89.3448450569666	90.9774695108667	86.8681488227912	86.7763467775921	89.9002824269638	88.0132119973363	87.8136120136284	89.8647883562071	87.4013983271394	87.5373481978604	88.7199875759886	90.8676244764110	89.6159249679070	89.3430240540130	87.0614512089128	87.9554651938273	88.9002179809817	88.8339104733190	89.1144816366612	88.7306191840599	87.1604418579053	89.6449380331495	86.1119048110237	89.5911632694665	86.1159490120093	87.4083400050723	90.2002017421365	88.7906780596161	86.0361788908656	89.2081981519299	86.0516227904232	88.5488045315852	88.2060386651187	89.8483194429409	88.0836701682981	90.9364564700392	88.0247934583320	88.9849967901461	88.9169447673390	90.3440473248161	88.3567977383759	91.9772798454118	90.6066793203949	89.9745536095244	85.4700760044346	99.6614000094725	97.1726728579598	98.5170206890504	95.9428952583456	100.156611445738	98.8718069833746	101.918078480767	95.3521420614780	98.7703475370388	96.7386458121873	98.3080703664743	100.291687717738	97.6042443236816	96.9477973028148	99.5354712038184	100.802857326206	96.5633914448246	100.513234377821	101.558461061215	98.2950263062072	96.9662347887774	100.803271877511	97.6182023482247	95.9267893660845	100.180081641583	97.7405142314933	98.9024713181908	99.3301414308525	97.7121753286073	101.567043002671	98.4499348998624	99.7014605505852	97.0584666292997	98.5094092439552	101.753849891291	98.6195716501513	98.3351249255672	99.7428275223263	97.2232830782887	95.2800354190330	102.240987613116	97.3174484848676	98.3188957432324	100.836557587626	100.954788896604	101.380544164315	98.2838815857648	97.2564539873355	101.619580065044	96.2340506893345	98.0395858699142	97.8530798391878	97.5553609513494	96.2158932951530	99.5975899188597	97.5274094037794	98.4472596006900	97.9741343211467	101.902187082582	98.1267580496660	102.139236839603	97.4360139901257	101.069617607705	100.156146236893	98.4844652205562	96.0548629292797	99.6047236051462	96.9908955232199	98.9415692433629	99.6706988127971	96.8957877971809	99.9660966980083	99.5979155243959	99.0518383227853	100.010025132980	97.6680886180817	98.1717877361290	100.713312413407	96.3035963949800	100.992492612725	97.4494569823566	99.4768588803412	100.289940221278	97.6027234475865	95.7664592390646	97.8767964924284	101.795348221109	98.3665013511504	102.306836156572	96.6859207912392	101.304069794819	102.212821073306	102.466577191685	97.0665900681809	100.632242642914	99.0840079977874	98.8380935299855	96.1544445601382	100.660425779159	99.5497628945467	99.3790174936125	98.8769452969581	98.6232290223422	97.0425495440272	109.299608912726	109.179946969921	109.538244242663	105.198796079971	109.254145673027	107.564637888409	109.587430685278	108.034272691897	107.549853547197	109.162642752316	109.117014762285	110.181988664296	106.476773325183	107.722636174141	112.580566686788	109.133724163010	109.171107927542	107.986676414014	109.541098508452	106.130196871284	110.088374387663	109.673593142483	107.670290304979	106.905810242644	109.651731857017	110.590896531512	106.772567737503	104.800094579279	106.081717978327	110.330540046833	110.704434814088	109.361575858694	108.901623350348	105.914837090841	107.824446543202	105.681183677440	110.975438862660	110.071531417996	105.983462683999	108.994139335904	110.272828952921	108.942988472874	107.546082819527	107.811897678631	108.526578981357	108.480601596750	107.985595608200	110.368790212832	110.737230084790	108.166448455985	109.193341813782	110.578281738943	108.445351907887	108.556599233900	107.786509172330	110.815408688468	107.916104864228	109.963124558947	111.194360996452	109.859859288758	112.615397163581	107.826946534437	109.161639773798	107.773054814460	107.148544832246	105.376021218504	107.757532896762	107.890548987317	108.883841931687	105.254117190908	109.957627072054	108.174482940944	112.051422483763	109.410580306528	109.978171950825	110.032395688590	110.112052710701	110.340866856519	106.603734736854	110.135976286910	107.358973625199	108.534535735838	107.289245850581	107.473539252970	106.378576066105	112.425086645523	108.831212630297	106.369347452647	110.016575236290	106.768118787131	111.122786540970	112.015435531993	109.931225887217	109.986665072838	106.812227711822	108.747766057620	108.110783293466	105.428319758769	108.334841114377	110.056773014251	110.848738348759	108.763629119252	108.709624648999	108.449582084338


objFunctionValue:   681.266198300488



