Dataset 4


dvh_array = np.array([
    # Structure          Mean  StdDev  Max     Min    D2%    D5%    D95%   D98%   V40   V50   V60   CI      HI
    [ 7.72, 2.88, 18.18,  3.15, 12.58, 12.26,  3.51,  3.35, 0.00, 0.00, 0.00, 0.0000,  0.00],  # Rectum
    [ 4.92, 0.50,  5.73,  4.22,  5.68,  5.66,  4.25,  4.24, 0.00, 0.00, 0.00, 0.0000,  0.00],  # Penile_bulb
    [ 5.70, 5.61, 95.93,  1.91, 19.13, 12.95,  2.37,  2.19, 0.57, 0.28, 0.13, 0.0000,  0.00],  # Lymph Nodes
    [ 1.21, 0.82,  4.37,  0.26,  3.48,  2.99,  0.42,  0.36, 0.00, 0.00, 0.00, 0.0000,  0.00],  # Rt femoral head
    [13.70, 1.25, 18.38,  7.49, 15.79, 15.11, 11.29,  9.38, 0.00, 0.00, 0.00, 0.0475, 25.49],  # prostate_bed
    [12.37, 2.06, 22.35,  5.53, 15.53, 14.77,  8.15,  6.86, 0.00, 0.00, 0.00, 0.0000,  0.00],  # PTV_68
    [ 5.70, 5.50,120.72,  1.45, 18.70, 13.95,  1.98,  1.82, 0.35, 0.20, 0.12, 0.0000,  0.00],  # PTV_56
    [ 5.73, 3.92, 21.35,  1.00, 14.29, 13.60,  1.51,  1.28, 0.00, 0.00, 0.00, 0.0000,  0.00],  # Bladder
    [ 1.23, 3.28,832.56,  0.00,  9.95,  5.14,  0.00,  0.00, 0.04, 0.03, 0.02, 0.0000,  0.00],  # BODY
    [ 0.98, 0.60,  3.30,  0.12,  2.64,  2.31,  0.33,  0.27, 0.00, 0.00, 0.00, 0.0000,  0.00],  # Lt femoral head
])



templateX:  -51.3055943212448	-51.1092944648400	-52.0821991075468	-51.3609310184915	-52.3950721769900	-51.0679755992750	-51.4865511122090	-52.7074616770970	-46.6247068196544	-47.5548185201411	-45.7649434642014	-47.1179315097322	-45.8675019854810	-46.7430489221925	-45.2871029191435	-45.1642107812771	-42.4828635950050	-41.3913738513499	-42.3911293049752	-42.5515535798425	-41.1019703571886	-42.2521435928132	-40.3613635138595	-42.7647035077500	-37.2864704316401	-34.9296149304094	-34.9951535143483	-37.1859688779560	-36.1934877547602	-36.0258090630876	-37.2155761997309	-34.7001807521923	-31.9101280783968	-29.5711650196920	-30.5087452859382	-30.7371491107862	-30.9792730017410	-30.1769951022450	-32.0836587272275	-32.4918177454767	-26.6628358613567	-27.5511642051827	-26.5669051276473	-24.4768588731943	-25.7504456678856	-25.8841057072034	-26.3258406415243	-26.3396251580659	-21.4737864079416	-19.7547825955520	-21.4426390147580	-20.5192890853745	-22.7739888398161	-22.2765849888399	-22.5711535765282	-22.4616477468190	-17.2399830457963	-16.2707917295630	-17.2986275280821	-16.0761463323827	-15.5363153198460	-14.8587204152300	-15.2505551654819	-14.4550233033739	-12.1303943548754	-12.2943394852401	-9.67028654988452	-9.75355402757365	-11.5796433906370	-12.4196394729150	-12.4019463653185	-12.8761331148173	-5.07208040103493	-5.01301505789010	-4.69748782673850	-6.67853493719601	-6.30160316342533	-5.64018321794145	-5.54256982583923	-4.48415916543379	-0.753079109314256	0.347290059989807	0.348767254627505	0.592177841216298	-1.96080677564202	0.411670046989053	-2.50738766614416	0.145040791535087	2.48345478954307	5.24421013703512	4.32334157435318	4.20364386075642	3.73964163282038	3.89883302045294	4.00687137932650	4.51603107757282	9.07076872532108	7.81371985755666	8.41328451621775	9.30816110904009	8.90323087673284	7.55097207357883	10.0045009896766	10.0382089474279


templateY:  -396.743246202207	-387.321047642227	-374.875291589974	-366.764345418053	-356.931690904758	-344.863291867826	-335.071143943470	-326.956769751388	-389.729427981144	-382.434801565778	-369.877556571832	-359.988885851887	-351.286858770600	-342.427084251406	-332.587718422261	-322.265827109875	-395.329322108492	-386.171008331671	-376.101177224984	-364.655612861556	-357.121280239811	-347.399933772403	-336.328780756355	-327.098121264036	-392.049170686364	-381.911522962592	-372.391998089113	-362.258083215911	-351.572295524273	-339.421861629245	-329.869435154294	-320.306444608243	-395.811202743214	-387.039491058123	-377.026909952099	-367.809180016933	-355.018499240346	-345.380176378846	-335.163421123814	-326.840290964614	-390.081287206777	-381.095261533847	-372.462752581388	-359.808818993546	-352.156373092702	-341.853589591881	-331.857461614100	-319.811359676897	-397.311959400198	-385.345579869508	-375.055934504990	-365.279000816353	-355.103115021880	-345.433038979757	-335.151011580871	-326.597265587637	-389.691560438986	-380.939363769872	-369.877901167248	-359.524126254443	-350.057574190524	-341.412549208881	-330.765153963667	-321.044700917796	-395.746372584250	-387.260795570960	-376.062223031142	-366.136523589607	-354.913669021437	-345.870591640331	-337.259252078374	-327.421477650135	-390.575030552372	-382.129499916373	-371.316449812163	-360.267252685749	-350.546129050443	-341.827529229538	-330.171470506543	-321.631531112120	-397.559994099586	-385.330286487087	-375.367599347530	-367.591680912376	-355.297631367295	-347.582303798552	-334.754496739046	-324.767102617260	-390.882725959686	-379.910762563707	-372.432228537554	-362.158924697445	-352.702270377824	-340.452078448513	-331.848912863211	-320.257940398392	-396.003827569088	-386.727683355931	-374.651836857112	-364.975785075958	-356.044947237624	-347.446037626116	-337.552223736529	-325.520051645646



templateZ:  59.6076986549499	60.5542282710730	60.4894115254210	58.5284268430169	57.7753925331711	58.4839295072732	60.2191071187180	59.2044601768966	59.3198753934122	60.4835053998754	57.9603572522820	58.2342850734539	58.1229047643744	60.3342317529350	59.9511030042144	60.5423161906052	57.7270362459891	59.9393474874958	58.3965889964597	59.0877577320423	58.1306288712723	59.6365688255768	58.2710061915529	59.4906506601506	60.0385984598393	57.2699443763501	60.4957748731147	57.5838801949992	57.6002126572344	59.4046950170213	58.2766099199433	60.5429121119641	59.4428839351630	60.3259188082905	57.6257965919728	57.4853439174448	60.4100674241854	59.6920315865367	57.2025990916475	57.4994466000015	57.4968986419643	58.1075506368882	60.1409201207291	57.5053333376871	59.1305020456782	60.3480258352442	60.5454899458689	60.2865949476901	57.2985421564668	58.5647871161364	58.2119577428547	58.6024850117167	60.3229879903956	58.1174927232389	59.1335171117490	59.9440937785978	59.6363887267990	60.2751953388817	57.3150586801355	60.1315341976651	57.1483341172310	59.6338042839366	59.6093434775374	57.7355700668362	60.1649833052539	57.6691576535158	60.3130624543091	57.9395192536818	59.5223975437654	59.3608347758354	57.6727701536792	58.1350907264374	57.8160170297973	60.3825334496766	59.0137607276171	60.4551623449309	57.8823121906778	59.3788050887962	59.8729755135612	58.5220933841286	60.0499738264935	57.6918643032728	57.8327857669081	58.3251186253425	57.9931451318165	58.3311448756124	60.5735210251914	59.3050176456249	59.2081156439477	59.1417118617894	58.5318090679652	59.0302517674564	59.8421784944286	58.7676022189810	57.4305460729453	60.3898551483817	57.2737846696997	59.3916271958887	59.6867698970432	57.4474733369795	59.8706050879145	60.3580745130644	59.0960662026412	58.7110553374230


seedPosX:   -50.5717553684543	-49.8790398522708	-51.9917502144358	-52.0220528359783	-51.3761540801519	-51.2285898649358	-51.7464628884789	-52.8324637929912	-45.6976582749678	-47.9472923369556	-46.2406227953228	-47.9631868402203	-44.9212047597858	-47.9474378401190	-45.6384598266276	-45.3315556698605	-42.7889136255380	-41.8509409072202	-41.5167646558845	-43.0527621545362	-41.4142633733014	-41.4601750145183	-41.4986415771780	-42.9374388302035	-37.5703823360011	-33.8914602960600	-34.7682113557594	-37.7830660090517	-36.3403455694939	-36.8140127144939	-36.2775875534171	-35.2965939707968	-33.0496680968130	-29.1382027673260	-31.6223184256829	-30.3597830444017	-30.6619820710359	-30.1412855795607	-32.3994320766220	-32.9736004418008	-26.2555322279497	-27.8398021274964	-27.0871090186034	-23.9218653821984	-25.2126458679746	-25.7679307579060	-25.2234496122805	-27.3125778092188	-22.6348989380069	-20.6598754317160	-22.0571595623708	-20.1750743626303	-23.1962837900303	-22.3255211613609	-22.3908418796767	-22.5756031176820	-17.0326183389208	-16.1255972699923	-16.5895699300786	-16.3799021767273	-16.2877964602961	-15.5645241650165	-16.0214923870463	-14.0004510048643	-13.0594551407018	-13.3544070653574	-8.74264306016941	-9.72378516191215	-10.7482758884624	-12.3646224200573	-13.5050574485305	-12.1808440732782	-6.02245445706128	-4.09755570057321	-5.34919824970770	-7.26889380267886	-6.47455741352270	-6.67897315706025	-5.25604502092798	-3.85000836597112	-0.986755296136505	0.420569254123116	1.02762305127723	0.432181511240888	-0.970325876734842	-0.286551840043082	-3.53591369583058	-0.726315076093880	2.93606485000261	6.21190551105296	4.41053648502537	3.30002845504571	3.17319131564864	4.99565920727403	2.91760761367958	4.67301196568287	10.0524588658855	8.07667930233436	7.50046235329690	10.4529388932610	8.20991527613554	8.08389286472306	10.2455104293733	9.90069696523460	-52.1138366391380	-51.3115136588475	-52.1947711727298	-50.3802216265857	-51.7927306794674	-51.7073570154970	-51.2186358952990	-51.6386868302187	-45.8701861719403	-46.5838074594126	-45.8566161780339	-46.4729740414209	-47.1053200952402	-45.6047209951838	-45.0256002052132	-46.2567688533299	-41.5378186770649	-40.2946104750227	-41.4981130436718	-41.7255251177613	-41.0005091433483	-42.0078366167870	-40.9305172397042	-42.2429547038057	-37.4446100085679	-34.8002613966678	-36.0312902025484	-37.5140579003926	-35.7018916094671	-35.3420572611265	-36.6940426771183	-34.5725349084442	-31.4921727992147	-29.9255203497966	-29.9261222296839	-30.7955360808436	-30.7159117489431	-30.4628775014828	-32.3669736163968	-32.6610197771042	-26.6464297250834	-28.0481225933810	-25.5288876274756	-25.3940502441804	-26.0615333011701	-26.1365839809085	-27.2866565284467	-26.4215609282226	-21.4107920117925	-19.0514265776884	-21.1367805509817	-21.5665260251645	-21.8691488579568	-21.1822494662054	-21.3310865306172	-23.5679501342194	-16.4127001968785	-16.8483627330043	-18.0944683038409	-15.2333870744482	-14.3182028438381	-15.2466141461859	-14.6400987713466	-15.3840233167523	-12.5603645443482	-11.3760770542671	-10.8778278849275	-9.72281520139200	-10.5278690380761	-12.2828994636013	-13.0716214279538	-13.5315297226041	-4.77350102326442	-4.37698312889201	-4.00282476777353	-5.51501720020601	-6.13445242143193	-5.41198554542445	-5.68852731577610	-5.14451571898467	-1.60307721670068	-0.126070972277068	-0.458982534968071	1.82177481861709	-2.00329671430342	1.59644853044353	-2.01141213255407	0.0710117654805898	1.50772817845039	6.16427994739125	3.23795358201800	4.09121968804920	3.35927290176899	2.97683193893090	4.10059855982142	3.59634791508836	8.96563616502770	7.56631368449837	9.55690142048812	10.4205590505181	9.18063484258817	7.41284906897418	9.13427990848132	10.0023944346850	-50.7350577598992	-50.7824003979876	-51.8526690905754	-50.2970687720901	-53.4783109788425	-51.0763923352541	-52.3524468378038	-53.5355893317341	-45.6754641566024	-47.1247451428201	-46.7637428576179	-48.2212108774718	-46.2532886567430	-46.1806405472134	-46.0084429594513	-45.2659812994323	-42.7298490306029	-42.5740265766795	-43.1744261462840	-42.9744341973284	-40.6388936012825	-41.4195527555828	-40.0220100590488	-43.1252720932818	-36.8120377124548	-33.8298126490616	-35.9074000032660	-37.2663237018652	-35.0103705927780	-35.9287871795023	-38.0726985072892	-34.0173639185291	-31.7764325402831	-28.9456408446927	-30.6409534323270	-31.7360539262132	-31.4987510532318	-30.1650895451665	-33.2044488366693	-31.7846256898793	-25.5634302342708	-27.7687914365691	-26.3190944941580	-23.8243409214529	-26.2876142391660	-26.0971895214954	-25.4728315621850	-26.1304894972331	-21.9760855947529	-19.4350099489127	-20.5226544597648	-20.2304980086718	-21.8620791328375	-21.4084470738321	-22.5031039233783	-23.5363282555169	-18.3423220225462	-15.1821921979077	-18.4534565695425	-15.0010291686547	-15.9625149837394	-16.0300755613035	-15.7342159578042	-14.4004516494841	-13.0321382632302	-13.1460552620895	-10.5956877210502	-10.9366886161923	-11.0273930289911	-12.8181742816226	-12.1207327643307	-13.6846997190966	-4.18089364656131	-5.75843797973558	-5.69881620307818	-6.52428070389267	-6.47165753678392	-5.62566654077584	-6.77800946823589	-4.49792699638894	0.209552604543896	0.427271790430195	1.51273755701281	0.571336113618272	-1.43358622361880	0.361348373383431	-1.66468777995852	0.852751758711315	3.17761495446750	6.38526190518738	4.63937784386682	3.43084106419249	3.21963595067974	4.34869920902226	4.93722583013534	5.54699981596889	8.75360624959058	8.45601103920920	7.31903661860464	8.47783604843359	7.97688079194804	8.39939689634080	9.44357681131553	10.1240629226301	-51.8473133592764	-52.2649386356521	-52.8636921404755	-51.1308405594961	-52.4305323439000	-51.4116427136427	-51.2202664499215	-52.3793035281050	-46.1470271881182	-47.9876237210424	-44.5578847909267	-47.7346118336792	-45.7055770035202	-45.6485813768588	-44.3629544322799	-44.7104060900690	-41.7287520935514	-40.9407143630470	-41.3684747862022	-42.6607161784276	-41.5323564810962	-43.4842172640736	-41.0049913324078	-42.0172041307881	-37.3072001658049	-34.6154197517203	-33.8132197533259	-36.3493673425532	-36.0564172322345	-36.5450451501375	-35.9936648620809	-35.4731823977807	-32.5383907909556	-30.3046734681482	-30.5758138731785	-30.1916689546713	-29.8522665460810	-29.8803999519729	-32.7642521497882	-32.4567379752292	-25.9745746153271	-26.3254757701971	-27.4260696515289	-25.3009664252662	-26.0622494145718	-26.1613466179529	-27.5617050730039	-25.7079791097221	-21.8756084712960	-20.2252229022552	-20.6716602735637	-19.4424810652862	-22.5917085587568	-23.3902058048128	-21.4180269853616	-21.9984479926339	-16.0025040360108	-16.9058110053783	-17.6236849998289	-17.2458746542756	-16.7011752697273	-14.9900933564190	-14.5105594222832	-15.2017426586879	-12.7408830219532	-11.1226396053826	-10.3464339501939	-10.6839989420058	-12.7589025959441	-12.9640848137457	-12.0186642747462	-13.3952570535463	-4.37354411717349	-5.81578572736590	-5.69953889163970	-7.80747312461195	-7.24649693341885	-6.31075459949759	-5.35929735305065	-3.80053780914432	-1.33517561779939	1.19305432833552	1.51278434256555	0.630250036392699	-1.82773023180646	0.497553805928860	-2.91582402138295	1.11011892133335	2.78425183739250	5.46628059586702	4.94281098507856	4.54549366757483	3.32403149044695	3.21229285389417	3.76885100839907	4.79701738972520	8.34192596634206	8.02694754623502	8.62257772176655	10.2994467049284	9.45558049183977	7.49294889802013	10.0883782329125	11.1817165957170	-50.9834978312013	-50.2279737508922	-50.9102580962520	-52.4110205006917	-52.8015588965271	-52.0068909737999	-50.5665421271876	-53.0482008242110	-47.4178645728318	-46.4883144833833	-47.0018266978779	-46.9856181599090	-47.0548231662607	-46.2996415275964	-45.4509970718323	-46.2843910615032	-42.6676830753624	-40.1710623767192	-41.3209530524212	-42.8150425688239	-42.2876219573488	-42.6216568779515	-39.8879232876533	-43.7359789828622	-36.3985601050322	-35.8649287644726	-34.1341765466549	-37.7447844663923	-36.4919783072740	-37.1109775725352	-36.4899340070160	-33.5119798064198	-31.8705380123315	-30.4914921106998	-30.7404767969747	-30.2489776891518	-30.1490748516189	-28.9598243316470	-32.4195638239633	-31.3025668537875	-25.9963717283832	-28.1998683714371	-25.9824091749974	-25.0575219827412	-24.9295997798199	-26.9997278189409	-25.4414160481145	-27.2606546654262	-22.5940132209513	-19.9130446961313	-22.1810478880432	-21.7579867476448	-22.3956136460674	-21.1708649542890	-22.6982159760079	-23.6896725496919	-17.3820022414206	-17.1704401369592	-18.5392997356660	-16.5919887901355	-15.6775722170542	-15.4535648456328	-16.3163018802579	-14.9539613258090	-12.5401654789954	-13.1646864274125	-9.59310867704956	-9.01730943288589	-10.7229365804549	-11.7714914647948	-13.3370357942353	-13.1844132062733	-4.20537106086363	-4.51593987067433	-4.96703360764716	-6.44096479544346	-5.25357726265449	-6.70622458747597	-5.44078028855687	-3.79219784979442	-0.363795364906747	-0.184095365736738	0.402877548557336	-0.348815354116031	-2.82242769252960	-0.718286059986296	-2.88111727535510	-0.983620272805180	3.09682075851821	5.87583812519311	3.94080012822035	3.30806831843197	3.68347791555737	4.00235662110968	4.86206032519719	3.95645394135868	9.78104056493586	8.14135268991527	7.45917910146085	8.36932931569050	7.85124819535609	7.81312254546578	10.5424461618721	9.27226579619659	-52.3452635019952	-49.9461911206201	-51.6149320073266	-50.9915566571528	-51.8863151434524	-49.8289760295349	-50.6912702846046	-52.9695369599811	-46.9190496491342	-46.6238558279158	-46.4954736757314	-46.6393565920055	-46.1057085776311	-47.8768046753651	-46.1046551994288	-44.0225270751572	-42.2114666001059	-40.6788705941858	-43.3324455829456	-41.5478241601261	-40.4336806297099	-43.3122297818205	-39.2013733839401	-41.8908152693937	-36.7267806830867	-34.4378993305144	-35.5200102541610	-38.0425171956116	-36.7997932566318	-35.9607442019138	-37.7538726268106	-33.7374556144525	-31.4944985224942	-28.5961060281485	-29.4153036637993	-30.2439697858211	-30.5980518620892	-30.1335002493088	-31.9821207668106	-33.3537466200717	-27.4429096528302	-27.8935300055066	-25.8137987478470	-24.2529920502144	-26.9230858899421	-26.1010754214365	-27.0089664404881	-26.3150034027447	-22.2146984414409	-18.7802311910847	-20.8119863588170	-19.9648314650771	-21.5575123846460	-22.4673164890715	-21.7068992102006	-22.7933865705560	-17.8060406630161	-16.7589172106438	-16.0906133484754	-16.1567330792565	-15.0551761047877	-16.0377372629625	-15.8417983402861	-15.1884189049851	-13.1650363347910	-11.4578452141585	-10.5882554845996	-8.62727368707061	-10.4533024825716	-13.1027548716661	-12.6927674665998	-11.7283774159975	-5.62552450681996	-5.75731227014363	-4.24325600527132	-5.83491895665166	-6.74566876614480	-5.29132558084438	-6.70072579423953	-5.57420020351884	0.408859223167288	0.235451561393472	0.370357032650588	1.83831029843704	-1.52793634921419	-0.309096263134278	-2.49311154871022	0.338943608218434	2.73846501553470	5.67562731348058	4.65869858949335	3.33509891647664	4.33664033946118	3.56751808440283	2.94019238217849	3.85304672160263	9.03842257088967	7.33523139814630	9.18109076215645	10.2125380437321	9.64233717586654	8.16556582408127	9.23037996572000	9.06127077505637


seedPosY:   -397.283799171966	-386.106099444069	-373.889295423676	-366.818079681456	-356.522329591442	-343.978320418205	-335.149631261661	-327.396809265436	-388.771189920289	-381.299999441847	-368.798771960680	-358.856537373575	-351.268932396748	-341.731697301826	-331.716345468568	-322.001372366035	-394.775797078862	-385.047629627802	-375.412182448186	-363.723865283090	-356.375231290831	-346.152401378348	-336.986774087703	-326.230021298655	-392.992153416392	-382.705703826628	-371.611122277293	-361.043562279020	-352.259143676823	-338.926260807816	-329.197024103478	-319.092179924845	-396.200836904977	-388.147655642701	-376.864746735902	-368.466610519328	-354.943403369482	-344.876107258701	-334.878338430833	-327.858048555761	-391.259849196042	-382.165131754016	-373.179853655683	-359.296256429718	-352.503316480284	-342.209009566230	-331.995482775886	-318.898555262843	-398.003800266987	-385.839142061929	-374.477974919508	-364.090888040783	-355.301387506611	-344.408453381256	-335.338921966026	-325.469246000190	-389.962972194203	-379.722978501394	-370.907345056666	-358.850364715685	-350.424884607741	-342.654286334585	-330.889557624725	-321.124534718025	-394.987161863474	-388.203100328093	-375.598623927770	-365.845275791762	-356.137248628615	-346.160944754124	-336.723490775910	-326.879853312088	-391.015956615559	-381.691578286003	-372.495263207276	-359.645858729045	-349.420671323902	-343.036458062742	-330.887680107338	-321.101397911631	-398.202666412840	-384.599354554831	-375.685219266179	-366.374968199866	-354.708968085533	-348.659462958018	-335.348420726376	-325.106753392746	-391.877404711547	-379.992657899099	-373.479432863096	-363.328716572319	-352.050728385252	-341.663787724728	-331.430684164740	-320.916653033692	-396.099805825978	-387.191430006764	-373.581530159922	-363.752606431092	-356.375046334411	-348.622872551004	-337.933086913632	-326.404794461871	-396.536017518907	-387.814510906154	-375.115567716464	-366.962869548188	-357.513020005461	-345.699891095861	-334.783464183097	-325.811215158461	-389.447790512406	-382.387600853495	-370.512051139560	-359.751729259795	-350.903863804833	-342.430241245541	-332.053959979302	-323.059727370772	-394.615224477757	-386.670480157152	-375.306861803489	-364.816986445679	-356.087287399685	-348.632756114107	-337.235113824077	-328.244353672426	-391.598278660672	-382.716672454036	-373.175068144022	-361.180358952117	-352.406438484573	-339.638855807776	-330.289091504374	-319.065274136019	-394.838827029618	-387.204453464846	-375.790587727670	-368.230283846244	-354.335604779102	-346.120518117175	-336.250842116176	-326.365955812071	-389.538994484914	-380.580240368948	-371.948257424604	-359.395153156059	-352.150268414894	-340.702501707724	-331.704413789568	-320.664017391651	-397.762609812096	-386.438245105519	-374.713300022265	-364.413214828278	-354.456305599317	-345.063993810920	-334.560472390061	-327.823902443701	-390.104040485528	-381.918611981842	-370.168389805807	-358.869871506955	-349.530072937620	-341.318569348260	-329.691672149458	-321.742233355861	-396.151034869084	-386.821502908104	-376.018624897483	-366.396425860597	-353.684276959655	-345.693588183081	-336.513734083079	-327.238200825580	-390.690710137522	-381.964824799117	-370.730966965548	-359.609751396579	-350.296891628685	-340.673408847689	-329.690269224297	-320.954998581216	-398.613357062940	-385.769673665515	-376.002568368280	-367.313419783800	-355.936967383789	-347.043764358463	-335.567398582107	-324.004378752556	-390.145197380581	-380.917390165370	-373.531521846908	-361.210370593879	-352.860554524233	-340.068581190961	-331.276130341660	-319.272440392780	-397.002259613441	-385.806991592133	-375.848349107461	-363.921011930210	-356.069524311645	-347.703990932831	-336.626800596531	-324.620308349129	-396.636826888368	-387.898356853687	-373.959528848183	-365.636546488024	-355.816345973589	-345.943223401317	-335.580961156252	-326.368783215154	-388.850869510737	-381.688561029082	-369.820885286508	-359.204770680726	-350.464548574042	-342.833849809120	-332.988118114930	-322.193958867879	-394.699516593038	-386.484384705652	-376.421222426596	-365.859333150980	-356.690435381951	-347.558963371311	-335.915992955035	-327.551784036354	-393.233385749980	-381.595165500551	-371.295716067879	-361.175071973318	-352.111391455776	-340.640423010787	-330.240318170172	-320.755942448344	-396.110897016661	-385.826807590103	-378.090341374669	-368.218616158008	-353.976061688647	-345.182116625007	-335.746503909834	-326.745221793327	-389.987263053682	-379.935038169695	-371.359587879250	-360.781643412903	-352.874881090838	-341.849411650815	-331.158446039071	-319.763903450265	-396.836580469363	-384.654550661755	-376.239818549938	-366.033271130596	-354.032616179591	-346.586023341651	-335.491454509063	-327.226621687666	-390.363203601037	-380.172573185086	-368.707537269316	-360.659319692061	-349.516272054813	-342.055441745108	-329.930156665465	-322.005987564506	-395.985019735030	-386.149662630405	-376.742776864565	-365.159550719609	-355.653549478278	-345.629866941369	-338.344883385982	-328.237853838748	-390.376184392062	-381.690929748850	-372.556169365119	-360.626076195934	-351.110946523686	-342.420129886256	-329.108946331966	-322.328874781263	-398.509157588310	-386.154470949646	-374.254784674959	-368.423533835697	-354.655704745695	-346.741033246080	-334.578683333684	-324.827733821475	-389.892737733110	-380.832508268293	-371.808259206318	-362.299533075468	-352.862216893231	-341.069590289915	-331.758404610781	-320.343153783042	-395.520105272579	-385.706552238886	-373.943194456597	-364.143662023199	-356.064827601554	-347.249614240708	-337.896366673282	-324.424534329675	-396.393727051709	-386.678053061974	-374.851218847851	-367.416684372662	-355.880141213274	-345.954443051700	-335.885887235228	-327.314725041375	-390.841848305801	-382.152761000391	-369.990903128191	-361.145829975275	-352.422585333866	-342.542284012340	-331.520119195032	-322.622718813356	-395.138676567734	-385.964940331585	-375.105260827038	-365.450192174183	-358.311806824729	-346.641104207203	-335.597359292236	-327.835547540145	-391.174053664123	-382.624567547804	-372.299785047376	-361.469198984207	-351.750975279460	-338.665228443278	-329.848469596579	-320.203542468501	-396.082338374585	-386.325057585457	-377.094445139131	-368.739167721727	-354.431399414799	-345.226101428777	-334.200750209028	-327.043688296131	-389.588252772846	-380.862985264750	-373.385776852383	-360.893769923793	-351.590475907772	-343.013549565468	-331.467058410346	-320.892324603068	-397.318479632261	-384.915533295878	-374.613671834589	-364.931706723073	-353.876421558601	-346.470387003355	-335.387432596436	-326.832163770210	-388.846829995205	-381.148172036203	-369.148398349991	-358.782935689196	-351.261410918219	-340.568759357480	-329.672981539987	-320.137999450799	-396.847169046185	-388.347031747100	-377.229527031723	-365.686436623590	-354.033909700027	-346.065616764152	-336.205264249455	-326.254475260408	-391.609243808832	-382.903740609330	-370.291698877972	-359.242193481299	-350.911970771216	-341.675717972180	-330.664548480676	-322.846869490760	-396.479800233210	-386.523078652318	-375.622817809643	-367.012543013142	-354.089525313835	-347.229026118466	-333.548662104531	-325.750328550463	-389.954914283127	-379.246787323282	-373.366600220961	-361.150006168122	-352.725050370041	-339.792050119549	-330.698642781652	-320.623981719347	-397.062039156822	-387.318284554929	-375.809570663524	-365.787607635402	-356.998450131062	-346.839295946370	-337.214463170658	-326.162462457801	-396.127876416579	-386.893904652021	-376.118127459088	-366.595083019984	-356.664190738024	-344.659255985406	-335.994395110414	-327.984128430674	-389.447673185785	-381.839282713709	-369.993890379499	-360.337265020514	-350.856567627399	-342.730896746848	-332.505346027969	-322.937293338545	-396.222364808634	-385.300781579508	-375.170007183134	-364.963075872259	-356.434419202850	-348.154773506935	-337.048672712956	-325.991947352159	-391.142224080082	-382.587795118379	-371.624934751127	-362.729988826109	-351.776103945934	-338.303988179910	-329.489078407765	-321.229582862551	-395.731647165826	-386.679159357790	-376.547606391222	-368.304779870762	-354.342353895482	-345.099739151532	-336.036572381845	-326.324631870913	-390.887882097341	-380.084040717385	-371.526066813057	-358.929257180115	-351.207499237956	-342.476013560084	-330.725105772828	-320.309162570181	-397.195855367863	-386.103652356079	-376.080559709042	-366.061185885839	-354.863804752193	-345.082531823307	-335.458953830409	-327.305550668667	-390.093139836541	-381.968335903635	-369.133737783509	-358.995745362930	-350.567351606277	-341.974444433421	-330.034673340107	-322.168859476343	-394.840462373395	-387.736931143621	-375.963915931535	-367.234604377506	-353.836070695819	-346.824702648203	-337.759248075385	-327.030933783875	-389.878759143929	-382.182677666890	-371.193480800933	-361.368200407185	-350.589676902626	-342.220516162065	-329.908750391536	-321.227825849532	-397.365443971847	-384.636986983172	-375.441088551646	-366.737049151461	-354.631032418723	-346.923328386938	-334.854793972899	-325.283843047557	-389.817654419047	-380.797729393472	-371.447852426702	-361.280953868495	-351.637269849697	-340.381826786977	-332.649798520428	-321.117169071951	-395.719861957462	-386.149425991825	-373.466895913931	-363.971502633606	-355.109673727377	-346.577161969712	-336.402512548219	-326.582191632174	-395.590597522048	-386.240342786563	-375.779558472768	-366.995614150968	-357.619918688387	-345.859828917826	-334.606541148436	-325.978265332069	-389.864462242435	-381.472228130386	-369.137950014722	-359.688445178434	-352.171706156882	-343.062876960373	-333.187371921652	-321.993515778770	-395.952873643282	-387.392795778573	-375.742184879943	-364.942445487613	-356.150956260722	-347.768396072903	-336.176943526881	-326.218668606659	-390.934335299409	-382.993494991978	-373.149034911112	-362.767801207529	-352.281424932508	-339.869636907126	-330.928210066896	-321.212454582029	-397.058027336544	-387.043672004163	-378.234517097134	-367.113381217864	-354.889539515228	-345.617769469346	-335.729291823982	-325.884134703021	-390.241777926340	-380.142701915059	-373.697867703069	-360.041865391017	-352.325416020363	-340.889963368071	-330.670761695557	-319.007556259828	-398.082132108016	-384.764320224283	-375.296181338739	-365.486909653432	-355.005482731649	-346.505593424185	-334.757335235793	-326.097987820189	-390.579186659559	-381.909574002826	-369.100861892363	-359.823100441801	-351.045632361611	-342.164727016670	-329.546695224686	-322.160894884740	-396.101163185886	-388.438217287187	-376.846329279769	-364.894304235212	-353.765140171413	-346.469404622885	-336.320196616935	-327.094802599934	-391.592489767918	-381.520558127150	-371.242874008160	-360.351509375511	-350.327990636959	-343.033811006412	-331.283626866160	-322.703097656118	-398.602103470571	-384.189797617075	-376.091828292202	-366.416904398035	-356.356367371396	-348.717909427120	-333.629097950699	-324.918486837879	-391.596359858683	-380.351117625580	-372.793276756865	-363.197710446259	-351.858737862584	-341.384458229639	-330.868369529778	-319.589940172708	-395.262758055162	-386.706199787931	-374.026054053256	-364.842547110304	-354.920295967222	-348.541080148526	-336.936097167656	-324.328205386206


seedPosZ:   60.9743263629353	63.0257233213669	59.5757712739338	59.6982975441405	59.3529947355638	58.0609890158300	59.9523495133023	59.5853449380590	60.6332528164092	61.0782050347252	57.0342708124811	59.7422567895239	59.4390406266930	59.0629050144595	59.9884702280211	58.7774126950750	55.8755295732792	60.7426205718706	56.2627450166938	57.5955784304329	59.8843651488638	60.1155461935945	59.1575671552508	61.8154233706654	61.5658078445392	58.5252295966628	61.9879732223355	56.4532465641032	57.1645822609805	58.2718074184559	56.8508816176378	59.4659664238611	60.3655597501736	59.9997220194909	57.9246069457577	55.9890016111989	60.9595965447361	61.1355080611645	55.0097468448617	59.9443679376029	58.1045678039761	60.4794676864064	61.9143186196888	55.2020756560346	58.8578809912682	59.4641046880620	58.8202882932827	62.1565610296139	56.5592208685586	58.0637801739232	60.2675847857667	58.0933756289172	60.1976536122821	60.0880974949423	60.0710695498426	60.7440568397056	61.0101031677186	61.8179441623957	56.4049018358551	57.6792618584491	59.2195510756076	57.6214342076657	61.4309329773029	60.0245568311394	61.9900535867881	58.5386447574104	60.5938824230560	57.6962912007687	58.6721114081286	57.3004906349252	56.8306526583276	59.8748705819049	55.7240493014042	58.5821116010478	57.9501564163042	62.0952816523213	58.1562730147561	58.4806693348172	61.2713578810856	60.4091954656879	60.4040622500571	57.9892703655975	58.8863003277583	57.4857505721709	60.1815274120049	56.4184965658597	62.0446117480793	58.4546123564219	57.2810008157903	59.3892588755760	59.2855284748506	59.5958225048382	61.1015639649806	57.0807247869187	58.7956044710039	61.7471106272429	59.0470246099790	59.6051043147736	60.1584436362325	56.2631432623653	59.8493380153035	62.8151794388398	57.2688931467060	57.8644218839036	67.1833585335873	72.1059783423844	71.6274183541809	70.0335132574784	67.2761764637317	70.0806898526922	71.1799824406004	71.2811664420350	70.0275509153793	71.2898927109856	65.5276570272789	70.0523116229334	66.5636433869646	69.1575880255306	68.3569862016643	70.7408760755571	67.8202089517273	70.9436823299574	69.8194631888022	67.8653755090685	70.2062402375430	68.7745237747449	66.6538314721392	68.1351780097641	68.2362919560883	67.6436777267069	71.2066965138906	66.3290346663946	68.0513119170691	68.7081264408732	69.3745220662744	69.7207823715296	69.3329764245248	68.9450939205737	67.2479033897934	68.0943213618344	68.3664256988175	67.9378285473634	65.4502501553128	65.4433147362603	68.3867428055234	68.3718847457576	71.6704145444267	67.0054263133703	69.5002312165403	69.2063433945163	71.0779939663088	72.3520522424988	67.6576142602607	70.9909424273908	65.8023511762302	68.4066948527902	70.3424534190774	69.1883000394637	70.0865033938101	72.4075561481090	68.4804073217866	70.5307192417149	65.1105320859167	68.8890886015294	67.3392547837736	69.5723036582941	68.6313928798241	65.9401243418857	69.3754333326027	69.3643513221479	70.9629006190370	66.6696515935542	69.4149677405038	71.8263989465615	68.8057078042373	65.7809456719233	68.0795412650797	71.0761104917252	68.4045141260432	69.2306048430836	68.1737448686271	70.6524266381400	67.8551188653956	68.1078266002184	70.0341809274741	69.4841421854372	68.3091153423685	69.0226659284910	65.7850957976074	68.2565993186645	68.7181917607502	70.1687068989738	70.5432032237911	67.2569863694038	69.6224955107144	69.9471453468824	67.5104985124469	70.9174498361399	67.5871095889166	68.9066799847067	67.6248455527306	70.3381494754291	68.5093683731298	67.1181283821726	71.2775567418326	72.4748238803931	68.5662659323608	68.1611483866542	80.4381184028400	82.8274799475386	82.5823060278940	77.8704464358305	78.0899023294869	79.9858869510306	82.2106940892906	81.3259094586560	78.8853241217975	78.9998300103321	76.4605148111358	75.7480820684293	80.5406581091715	82.4365909822578	81.3316943493805	82.0139822128366	77.9852851938243	80.9964342848675	76.2096532179850	76.8960009715432	78.6625250773796	78.3706294505061	75.7801878222546	80.8216109384699	79.6657529831914	79.7177632377329	78.3470372659771	75.7064192313975	79.9422867564911	81.2908112028360	76.9784530352875	80.6225141158756	77.3367473273319	81.0039223012232	78.2068283695652	78.3826251703741	82.1080805856055	81.0354562507200	74.9758012474161	75.4093821157122	77.7119844909043	77.2181491498672	78.8628371191451	75.1169656050644	77.4836370822830	82.6027893480965	79.7374008962054	80.2759568730422	76.6495481162470	79.3709303656427	78.0403898234284	80.5661247372106	79.1207446038175	79.0189423142917	79.2882633194962	77.6751247607695	80.5273659659430	79.2667976598547	75.3417658000024	79.9691228031810	78.0598071151748	81.0337150748261	81.2474703665937	77.3759289008369	80.1865255082862	78.3402669384032	81.4465780921499	77.5043251784746	78.8039780828885	78.4685754092271	77.4849750340400	78.9553285780757	78.5460080561090	79.6019736828015	79.4606766260890	82.1886075474075	76.2720196469428	78.3615714842641	77.6020263629190	80.0219851043783	81.5304503693489	77.1704121320610	76.9324562440314	80.7845497227914	78.2477127967538	75.9040378751993	82.3694050085368	79.7740643589615	81.0149692285765	80.5269609052377	76.5563222665817	78.5012326539492	82.2221095904455	78.8200514139282	76.8978949733632	80.6661888781507	79.6509644713820	79.1310713814894	81.5071605610060	75.6621095683016	77.8489923969430	79.5967234075249	76.9598291427078	78.9332531404281	91.9346775384389	89.4600931494496	88.3900906298431	86.7574343877943	86.0906206410171	88.6768191831551	90.0639131442383	88.0310318690524	90.1925691089670	88.6062280440357	86.7191857445633	88.6801337197981	87.3783954059282	90.4481010492136	89.1269565612533	88.1599918174973	87.2354344369342	89.9627649069722	86.5445358943544	89.6526047248830	90.4479080076663	87.5848544994615	87.3143166751189	89.6367199431178	89.7756738064397	89.4697589114388	91.6012965203459	88.7732943570315	88.2958725824024	87.0812674910007	88.9846872409274	89.6358653221648	87.4483926742616	88.2308296227037	89.6365233777923	86.2490223775581	90.3846062143916	89.1325967136284	86.0207307326952	86.3150276262265	88.4945357879966	85.8912078712205	91.5845027462367	86.4668451809510	90.8276901542998	90.2711972592173	89.2128825650566	88.8892714366322	86.3699678019369	91.0419239393192	86.6576160757915	90.3549398535239	92.0425119750560	88.2590752698617	89.9578737681599	89.2921756313192	88.7235763536867	91.8268149122426	85.3281751735048	88.6953488110382	86.8804450567217	89.0665601413492	90.9825827079731	87.6067257298697	91.6489394019750	85.2934550201402	92.8087627596557	86.8547864094077	90.8615221357389	87.0361533418970	89.5245674652572	89.3498155231933	85.8624822541387	92.2156171298988	90.6213885782395	87.9741212167593	88.6836286075051	90.0406297420867	88.4253829556100	88.1968266307968	92.2155208320790	87.4782779426465	85.8829287837271	89.2245752373802	90.3518063606232	88.0080314498665	89.2633156408505	91.2421215286545	91.4719716031739	88.5999864879236	89.8484492738425	87.0305155204472	88.4614891024711	86.7799897152958	85.0376510540897	90.4744965117776	86.0672155051677	87.0611423306923	90.9351793031737	87.6560346546469	91.7803462315588	90.6650281850810	91.4395170144370	89.9734310989029	101.854113379308	101.748297832421	99.3070365959815	96.4658496976811	98.7048156180360	100.036253856421	98.4731435485097	98.2735283109027	99.2550174948235	101.501660521492	98.4407832670911	96.0060408493309	100.478711972079	100.706092654357	100.323318080811	100.928086717383	98.2316360260341	98.1194292205040	96.0712539720322	98.6569418265684	96.9953754925544	100.584810953815	100.698960153506	98.2252276010513	101.370340214753	98.1032435496930	100.677357062804	99.5865032825419	98.4348152750486	99.6216189088385	96.2229690073439	98.1818533748007	101.741847842560	101.487134471540	99.5790962356144	99.4616092873518	101.881689008318	99.8681199587113	96.4146027837423	96.4033690492075	97.3692059168482	95.6504488260614	99.7649213440929	98.5952670750614	98.6831820455142	100.870881621162	100.999901768490	102.679625391724	96.1784276011290	96.2787178150744	100.065224516111	100.541706864238	99.6827408907899	96.3618624001634	97.4800933183754	98.2582082236756	100.112491850872	102.032523029817	95.0356228367216	100.582089249326	95.8872967420637	98.2262486210577	100.751568446180	96.1509775751273	98.1996715243524	97.4346954363686	98.7816387631961	97.2993145032549	97.9412003835460	101.294680999158	96.2402032135401	98.3489646859182	96.1423923891534	100.123896658121	100.626801507654	100.317868018117	99.7798446637245	100.160861452011	100.112521725470	98.6148975562429	99.6767619767996	99.2524583894862	98.5429354609723	96.7464817398882	100.481664324331	98.2730829515723	100.619698368163	100.625897641741	100.081063122801	100.268170094837	97.1431107580911	98.4456764614599	99.0729945681673	100.476841694395	99.8068775321416	99.3007263383840	99.6516407464697	99.9024793486850	98.1214944747559	97.2641203809963	97.9914408588208	101.357899822294	100.388139184227	98.6097944265793	110.523303344235	111.644476194183	109.053327111843	106.730528014985	107.678854584319	110.980965147078	112.123095002042	106.899088421853	111.563042573144	112.447807598971	106.521982408434	110.644028791593	106.895639724297	110.968513928089	110.044938541263	110.516521420854	106.460055003924	107.758127034069	106.738806614154	109.912138826463	109.161019733855	111.426919890420	107.120134952094	107.102997115125	110.329250097352	105.764820555917	112.596980656657	106.459370695810	106.245014265643	109.495443383237	107.056910324166	108.123655141940	111.825312702819	112.319818312351	109.921847441075	109.207973403757	109.814893769245	107.640040846896	108.366286130900	108.412314570095	107.172742784614	106.323569494802	109.176446780785	108.406916310331	109.150227273579	111.521311555447	111.285591113681	108.125749904742	109.772029352610	106.970550426381	108.014238415478	108.906192255213	111.103952126103	109.678591300729	110.515335454240	108.926955375012	108.037574391265	111.984767843095	108.087339065876	110.671223601738	107.035613321803	110.191698801752	109.000750501634	109.567291095658	110.066302088436	107.474245920953	109.321198032740	108.212998990728	109.902198905347	107.581807095671	108.778893138460	106.635525120123	106.713689203868	111.375751771022	107.466781967106	110.064810806634	106.420755372189	107.572238230031	111.441779419846	107.664379120930	109.952900485384	105.526823157623	105.743016140680	107.412414747667	107.066036324263	107.521617813461	111.343671708585	108.906119807356	110.868536379006	111.012784278810	108.780273357072	108.220323162380	110.052092543475	107.521220337507	106.771407741228	112.138439031783	109.100099678987	107.262190054797	111.911694041735	105.024060402189	107.766964255239	111.627296857950	108.460393719720	107.258182888974


objFunctionValue:   657.845088329065



