Dataset 40


dvh_array = np.array([
    [ 7.83, 3.01, 22.91,  3.03, 12.86, 12.31,  3.41,  3.30, 0.00, 0.00, 0.00, 0.0479, 24.75],  # Rectum
    [ 5.12, 0.54,  6.15,  4.30,  6.07,  5.95,  4.38,  4.33, 0.00, 0.00, 0.00, 0.0000,  0.00],  # Penile bulb
    [ 5.44, 4.37, 76.11,  1.97, 15.52, 12.78,  2.38,  2.23, 0.22, 0.09, 0.06, 0.0000,  0.00],  # Lymph Nodes
    [ 1.09, 0.79,  4.09,  0.22,  3.28,  2.81,  0.35,  0.30, 0.00, 0.00, 0.00, 0.0000,  0.00],  # Rt femoral head
    [13.68, 1.20, 18.49,  7.79, 15.42, 14.94, 11.23,  9.43, 0.00, 0.00, 0.00, 0.0479, 24.75],  # prostate bed
    [12.35, 2.02, 21.23,  5.71, 15.38, 14.74,  8.30,  7.11, 0.00, 0.00, 0.00, 0.0000,  0.00],  # PTV_68
    [ 5.59, 5.74,207.94,  1.52, 16.64, 13.68,  1.96,  1.81, 0.29, 0.17, 0.09, 0.0000,  0.00],  # PTV_56
    [ 5.71, 3.95, 29.48,  1.02, 14.33, 13.57,  1.51,  1.29, 0.00, 0.00, 0.00, 0.0000,  0.00],  # Bladder
    [ 1.22, 3.92,1068.47, 0.00,  9.70,  5.04,  0.00,  0.00, 0.05, 0.03, 0.02, 0.0000,  0.00],  # BODY
    [ 1.06, 0.63,  3.42,  0.11,  2.75,  2.41,  0.35,  0.30, 0.00, 0.00, 0.00, 0.0000,  0.00],  # Lt femoral head
])



templateX:  -50.8587361496198	-51.2163101596671	-51.7164045783822	-50.1145356429955	-52.2998418696009	-49.7429206927588	-49.7766623466253	-49.7690101594658	-47.1905649756823	-46.0679375411973	-44.4795807526067	-46.7809317354163	-47.2594529071493	-45.3175243947739	-46.0440430847168	-44.7387615200495	-42.4506846448940	-39.5724962267926	-41.3808816698779	-42.6121343278461	-42.5687001557643	-41.3164132341908	-41.8550352628553	-40.2380439263989	-37.3718873325090	-34.8230387402888	-37.8652400016459	-37.3373128840865	-37.8097432829212	-34.9798504447136	-36.6516581600896	-34.4187533666294	-32.8829163415630	-29.7524502966755	-32.1195767201895	-32.0705414865303	-30.9990580137204	-29.8170762684053	-30.7010066686265	-31.6063810441358	-24.6341253895697	-26.4887144010842	-27.6310927559971	-27.7318572476015	-27.7723115602994	-24.9192795962116	-24.4370790663070	-27.3717495831507	-21.2132117263211	-19.7684444702759	-21.5205575062481	-21.7497501858552	-20.0098603390341	-21.0961603950753	-20.1403867697275	-21.0873103960355	-16.7405230961429	-14.6702762958094	-15.4376331559483	-17.7774325671645	-14.7741180476861	-14.4994312277385	-16.2930642614479	-15.5829511417268	-10.1585929253134	-12.2430122059648	-9.56770019986991	-12.0232336115684	-12.0589583673478	-9.58981466338025	-12.4523286992779	-12.3021209700331	-6.53450420046726	-5.95318397200804	-4.75177028576762	-6.91256671008296	-5.82739539432822	-6.09288232791677	-5.90847220461483	-7.74350996824272	-2.66165003572328	-0.160818549132214	-0.0597697899236900	-0.178273521818539	-2.53363165366321	0.292219315990416	-2.06889263785212	-0.695191497418700	3.21352573471614	2.36900458281358	5.00389737321867	4.39447441087849	2.48139452515958	2.69839226212068	4.19933182549159	4.45549113629316	8.41957864191189	9.81286074083157	10.1865128902871	8.41812352511195	8.91725549018358	9.12668848018290	10.2884644058563	8.60900184713391


templateY:  -395.826715216143	-385.512432728212	-376.824857211253	-365.635086723277	-356.687497329458	-345.661894139412	-336.035710570867	-326.747397641255	-391.379449250616	-380.088655859000	-371.415544238738	-361.647080957712	-352.222490899002	-342.152365240064	-331.422885013449	-320.668307071197	-397.011200430325	-386.005787577279	-376.276007106755	-364.485960738845	-355.302243574392	-346.354184148547	-336.288275190812	-324.425492680834	-390.920807972868	-380.165625609996	-371.558537256287	-361.185867963239	-351.633838441208	-342.302965786911	-331.323929511707	-321.818750955676	-397.813341985249	-386.953805744079	-374.934147094294	-364.415713502595	-356.256464711957	-346.594240388277	-336.240825392067	-326.559688889118	-392.650487894891	-381.750020099641	-371.375614251349	-360.508958157098	-351.100508440933	-341.258694790857	-329.991183898449	-319.934126523767	-395.830019948111	-384.840416522005	-375.275806687923	-367.833477919688	-355.864587581193	-346.047034967891	-335.877754086889	-327.611185041794	-392.237947547887	-380.808212958911	-370.364042471871	-360.227229232847	-350.319647920865	-339.672950662014	-329.691069035521	-320.854908590822	-395.962781798321	-385.760201992292	-375.279512838111	-364.648206926206	-355.963117836822	-347.059545578881	-337.204889979182	-326.083600054516	-392.022165678052	-381.846310262804	-372.144881233289	-362.066849129781	-352.215079485334	-340.679297522827	-330.081119624032	-320.407208085891	-394.579562780723	-386.270544124590	-374.502484533960	-366.468033071875	-357.530080905161	-347.571939025958	-336.417597680123	-327.085416933207	-392.076918333955	-382.544471631414	-370.470964847795	-362.118755259650	-350.178057069440	-341.892751709293	-330.483261865237	-320.899809820778	-397.727670271916	-385.740255484610	-377.239698096412	-367.738099475334	-355.232232597953	-345.543359063096	-336.598977933062	-324.791211212073


templateZ:  58.6250864167954	58.0878112399669	60.5795044676736	59.3622563341937	59.7725114819323	59.0226361403185	57.7985722683111	58.1727154926488	59.8978873657024	57.8123069715529	57.5349616426407	57.1963718813760	59.9642960825963	58.1578283996965	57.7583687744171	57.5733242294845	58.6838480015620	59.1202789657749	58.7867454445046	58.9941555480474	59.2156678185837	58.9822573738459	60.1760784325430	58.1083505784013	57.3106203025689	57.8129375049305	58.8733588301054	59.5149767402242	60.0613004826968	57.5726483609116	57.7980081200955	59.0539753464284	57.4228424273293	58.1043343571555	57.5246042900306	58.8061130146689	57.5334209777236	58.7734590161904	60.0867707415736	60.5404087911565	57.5059334692330	59.1842609119160	59.7711270484617	59.4106084313677	58.2612801138746	59.1947883871453	58.8553763217716	60.4377504172584	58.0982551200219	59.3450238920731	58.4177379997905	59.2624817847637	58.1875406608496	59.5996274154864	58.3435214483039	57.9506490634031	59.9240545645923	57.6690843415276	57.2441210016698	57.1936635238411	58.6398341904015	57.3820979396955	58.6391986508836	57.8198077217973	59.0832658621019	60.1233605650191	59.4523385842024	59.7516898676069	60.0483924251408	60.3027754423837	57.3901014199868	57.8242645247044	58.8973956344707	57.2283396993020	60.4130718062107	58.1590047291031	59.6776271134299	57.6673000107978	59.0905971578641	59.9201392978061	60.6069885473374	60.0116736266804	58.4874360581943	58.1192985447872	58.9442778734222	58.2745132540795	58.1901607075734	57.3126792815522	60.3599528695280	57.6377269517509	58.2859930730466	59.4887094094031	60.1950202501000	58.7716673494103	59.4017058612797	60.5492572800132	58.8814718446055	58.2315060478094	60.5861862903408	59.8898045161474	57.6456390639251	57.6665191997902	57.9837484084102	59.0379892973537


seedPosX:   -50.7729565916663	-50.1571912266165	-52.3190294289849	-49.1810612388513	-53.4676509516470	-50.8974061533562	-49.8931347546519	-50.0511218995161	-47.0474106428970	-47.2715148157542	-44.4793941307292	-46.7172962343520	-47.0236736107149	-46.0659243728488	-47.2621354141864	-45.2329291816774	-42.8267910437052	-38.3914983576155	-42.2588106449949	-41.9147033200234	-43.3046250286582	-42.0291136880618	-40.7797367814428	-39.8019781400877	-37.0054652107114	-35.8435546181729	-37.0322996450099	-36.1732274144507	-38.2029759839680	-34.1850359444051	-37.8107324213434	-35.4925999032875	-33.0989175635274	-30.5550471293772	-32.7611765930982	-32.0649095263924	-31.8850653405939	-31.0152250940937	-29.9949311944620	-32.8245649813346	-25.3061721238658	-27.6360338505459	-28.5471604823340	-28.1616031491214	-27.5593802742944	-23.7299620909377	-25.4684763881783	-26.7133054107710	-22.2069658592119	-18.8849850611090	-22.5642694651549	-22.8523847703952	-21.1919400997649	-20.8627604037691	-19.0077897043668	-20.9104422361868	-15.7886523705849	-13.9832283193329	-14.5964624053646	-17.2813316756307	-15.5865260715854	-14.1609165968139	-17.3391874558317	-15.1531949566446	-10.7784150533971	-11.8355113912826	-9.58225071971669	-11.1271460681476	-12.1045629061831	-9.26987092831237	-13.3566220013946	-12.3242932358996	-6.41078041541018	-7.03352873894459	-5.43265322589720	-5.99103403933850	-6.15512242273486	-4.89736622935660	-5.43580136650754	-8.27869563683164	-3.37439197712330	-0.0554723632771619	0.461175855380588	-1.02894811295788	-3.59969433722895	1.36528559967174	-1.19241817584218	-1.54996760369198	3.95928517594319	1.69855308679645	5.53940269594266	3.89298803709554	1.72439550915180	1.66784813312725	5.38416497150108	4.13563988150271	7.81417559473592	8.92260582574348	11.3748862614066	7.43872601826346	9.32819461233448	9.85049194441182	10.5469609261180	9.32510368767062	-51.4456671124440	-51.0566250711736	-50.5936405031363	-50.6802485785059	-51.4977290712047	-49.1710112039441	-49.3990647366122	-49.9157352711640	-47.6779807681391	-45.3399455291550	-45.3142211909122	-46.5923168770267	-48.1218662052181	-46.3017933345554	-44.8970495363547	-44.9846996370250	-42.4329693655643	-40.5647541393824	-40.1526083169208	-42.4392207171943	-43.1759960663063	-40.9154622782925	-41.3103599118434	-39.2271703128596	-37.3288570882322	-34.4342366749674	-38.4898515082924	-37.4683157443946	-37.4094819344887	-34.3156751659662	-36.3427255195556	-34.8694077984582	-32.4260484165053	-30.9233868917823	-33.2307334835383	-33.2324032967653	-30.5399623222067	-29.4731947590662	-30.8553226189789	-31.9683406530790	-24.3344749271779	-25.9089878503525	-27.0123093785561	-27.2836293687680	-28.6384560915688	-26.1054272426902	-23.6346262725090	-27.7786849173375	-20.0394341167817	-19.4534530808797	-21.8241856866253	-21.1751176414946	-21.1268840921060	-21.1916186581744	-19.0398044233410	-20.6586473933103	-16.9281280197299	-14.8622582737313	-15.9912781648399	-18.2344164165060	-13.6318609330730	-14.9188185617567	-15.3162559901057	-15.7291791797236	-10.1642503789517	-12.2856675708130	-10.5976214614389	-12.5888097451538	-10.9482882096887	-9.04640563252159	-13.1696880096849	-12.6355202165055	-6.23861968751639	-7.02330913189380	-4.65324160882424	-7.60075829538447	-4.62241580407966	-4.94110389493762	-6.31907835555095	-8.86762903536769	-3.23752719898030	-0.956225424416439	0.179156673708070	-1.31421549980096	-2.16205742779966	0.466902155952416	-0.889526516300495	-1.00751397087460	3.25490667877356	1.37115100868446	3.96130052670543	3.99857299009917	3.06495492221174	1.84302072808659	3.84786899523827	5.53345744811303	7.43143068453938	10.9513228449758	9.40510653067331	8.49764021708397	10.0542839919252	9.12717035960290	10.7129844814626	8.86942342077181	-49.6686257482778	-50.5012724763350	-51.4322395882395	-49.4680901717691	-51.9817200629062	-50.9485762620197	-49.5297303942094	-49.0379685805924	-47.6259029682851	-46.8763057265125	-44.4616618464658	-45.6769434699149	-47.0410535360390	-44.3932948327901	-46.0361248608511	-43.5912180056365	-41.2296236240487	-38.3640034858970	-42.4655433317924	-42.1266032784621	-42.2461271099610	-40.4207044251068	-41.0360461551891	-40.0084662672340	-38.5826285793822	-34.3483037551981	-39.0696714345813	-36.7766456024429	-38.5399474298395	-36.0139827971929	-36.9688162786836	-34.6357617654172	-32.8172832894266	-28.7971848883584	-31.0819968595641	-31.0556502771532	-30.9255857252820	-31.0337385894009	-30.1312274166266	-31.4340962140738	-24.1393901584837	-25.3116347568466	-27.8118722825706	-26.4909387824267	-28.0467567461389	-25.1710945158419	-23.6521680423911	-28.5162993025559	-20.8232809853750	-19.3395674769140	-20.3291276647549	-22.7594979087735	-20.7536393298243	-20.0881670666875	-20.6676233105923	-21.9590061069362	-16.3641550310196	-15.8749602463657	-14.9214588203490	-17.9893803561777	-15.3114915947469	-14.8581031550743	-15.3275844560444	-16.3799516994483	-9.82785512438311	-12.9750708648693	-10.3931626069359	-11.4098593049035	-11.5400516789552	-9.82922581149684	-13.0317642315359	-11.9781731006937	-5.48377625601740	-6.90372692043859	-3.95152944207738	-5.88745797351303	-6.17705803611513	-7.15331106714543	-4.76948353161023	-7.73857770553545	-2.04563620140123	0.967068439858792	-1.13813921019598	-1.34503213542006	-1.62369246466256	0.717943367787880	-2.87424590426955	-0.451987840223330	3.49879462387818	1.55200893787901	4.02688087357987	4.32206542005221	2.71678416717256	1.64695392050382	3.47645227283486	4.02888301456971	7.19109835188810	8.70074303850932	9.13812887505432	8.97003961680053	7.97260262789815	9.47402275857947	10.5047676992883	7.39277118214852	-50.6952182202911	-51.4156374880616	-50.7173121020722	-50.3389647101373	-52.7149872442334	-50.9000116480435	-50.1987395630152	-49.4698281403186	-48.3181966214101	-45.3388633739973	-45.5572239035261	-46.3708587973615	-46.2054142049928	-46.4007938825084	-46.2420279503576	-44.6621405448627	-42.0055642275993	-38.9362380697907	-41.7084771718240	-41.9222348764550	-41.4183417872581	-41.9130308367847	-42.2655811602397	-39.5332739589173	-38.4156066320380	-33.7770360026945	-38.7230075344128	-37.9984581198486	-37.6134384951034	-34.6774173198110	-37.5969115067809	-34.4721631262638	-32.5573051055325	-28.6734823517410	-33.3518546681598	-32.7139000884577	-32.1866604016013	-29.2274083671464	-30.7100301793808	-32.5156650575957	-25.1282661204195	-26.9756456202836	-26.6031220035126	-27.9747331009043	-28.0769256132415	-25.5391113069489	-24.2947491919924	-27.5737437146738	-21.8612365706673	-20.1716545841338	-21.9618680620096	-21.1599089286039	-19.0186748179517	-20.1868567380120	-21.2191200522403	-19.9723488220265	-17.9488832722532	-14.2287442478247	-15.5646684096581	-18.3349441105924	-15.7378556144826	-15.4629770694663	-17.5223768069675	-15.1635234445723	-8.95730869390507	-11.7938381040476	-9.48560361729565	-12.0186236145091	-11.2484185498610	-9.02099649276691	-11.8242769450795	-12.0950819484587	-6.55506131614024	-4.95733187651647	-4.31734634415731	-6.58272639643529	-4.70183303258886	-7.11791820557701	-5.50631549294781	-8.64220713942762	-1.89700684864087	-0.289694656158373	0.662755902809379	0.164181783050117	-1.90869298528006	0.453111368039212	-2.17860808705691	-0.709122471829432	2.40805215676097	1.47474200698845	5.61766757543364	5.33347532909912	2.18413621513735	2.36359481925856	3.63979732066190	5.01076189116914	8.54462488812204	10.7326510820168	10.1451613220777	8.79938547563147	9.57072493605982	9.61158272332670	10.0371324168072	9.65928188523996	-51.6355607016248	-50.4771745675003	-51.2401626321978	-50.2838778634700	-51.7518990671156	-50.8288060209702	-50.6772398668826	-49.2925535209838	-46.1743912185117	-46.6525240048042	-44.4342865358854	-45.6187414801569	-48.5016415967040	-45.5646246942184	-44.8365202503631	-45.8613527349775	-43.0942987507910	-38.4795094124724	-40.7056180559148	-41.5575926354080	-41.6054711107309	-40.4792852070150	-42.2873499778524	-40.9471269740566	-37.9899605859377	-35.8677640505494	-38.8373061700562	-36.1780661563217	-37.5070418588478	-34.2015266866166	-35.4832119905832	-34.9525952309853	-33.5361693753326	-30.9204764681463	-31.7824311281767	-32.5032424020056	-32.0550110082498	-30.9375667577751	-30.4102615744592	-32.8276725074427	-24.2709610768614	-27.1003039263030	-28.5978733513655	-27.5103701005307	-27.2380209152011	-24.2437617092783	-24.8376222603266	-27.0874134140510	-20.0213981322686	-20.8237766154582	-20.4770299655633	-21.4672907413053	-20.0529041576051	-21.7364053649370	-19.8175701000811	-20.0011441062964	-17.4777903666450	-15.9111352471606	-16.4854117242385	-18.7958582053808	-13.9317487447417	-13.7786938584510	-15.5488457589419	-15.8115186481443	-9.80977576590287	-13.4070820525248	-9.40361371468930	-10.9190873883419	-10.9554136593272	-9.71711448070861	-13.3763445637410	-12.7737466970351	-5.31360574018704	-5.10074315759329	-4.62081284218873	-6.97418102065012	-5.88160605507305	-6.89407692812838	-5.37473760983720	-6.96716194972827	-1.86080603431608	-1.19911443493090	-1.06030633143601	0.224812263972447	-2.17660774474259	0.991537459049921	-2.95824844842065	-1.10699040404678	2.26342998774608	2.89184155380927	3.87791138067615	3.89856158096832	3.09215363763486	2.73971491363371	3.29511149848693	3.31590197468721	8.68917482628692	10.6770521957015	10.1720127645059	8.62070646191519	8.33092216993711	9.20014679755874	10.0341365718421	9.78207052320935	-50.8604996710038	-51.4027611291025	-50.7556217278539	-49.6280153073165	-53.0568037246726	-49.0296823483524	-50.3815585520040	-48.5291808592543	-47.4653272644060	-46.5827917907841	-43.9390599996821	-47.7784255397345	-46.9111419398147	-46.5504332412944	-46.6807879068115	-44.4686019662882	-42.5594939514228	-38.7577260138212	-40.9353057297518	-43.0727709646650	-43.2890870021219	-41.1015781961159	-42.1374042045566	-40.4525677061040	-38.2073645208019	-34.0601057751965	-38.5678675828475	-36.3219629794255	-38.9089684038962	-34.8844470029173	-37.0001259618725	-35.1243385713181	-34.0068929788680	-30.1179712393866	-31.5605077971464	-31.0677950768302	-29.9899555969548	-29.7005376779325	-31.5293617417244	-31.1820906852466	-24.7091627546608	-25.9891148619840	-28.6422610351818	-28.9113926932652	-28.5367724838853	-24.3921334039904	-24.2081140422653	-28.2349153162321	-20.0302756791239	-20.1859393286422	-22.4151110513962	-21.4727499637180	-19.1708002437287	-20.6828056548218	-20.7655214534073	-20.1036702925302	-17.7796428123651	-15.5541318317636	-15.0443918732626	-16.9726387494012	-13.8182422297817	-14.0750207606204	-17.4124957945315	-15.0292516398481	-9.63297363654176	-11.2297406634400	-8.43742146049029	-11.8150800250690	-12.8674316351702	-10.1527338855805	-12.7889593652769	-11.5061446500095	-6.66249174798944	-6.67565921226819	-5.47230425063751	-5.68690382470998	-5.49374964452283	-5.49818512812591	-5.91913441600431	-8.87770107329216	-3.61766740404214	-0.859718117804039	-0.422739006630049	-0.283437574733330	-3.65477584811478	0.553779461793906	-1.20381823427872	0.315608522762175	2.13907495182974	1.16023707804211	5.98246691108332	5.24044865501303	1.67004924257353	1.85151647060232	3.15945601214415	3.64694486337426	9.09169710744380	10.9125766979833	10.8188310136600	9.63674501934952	9.22008312877391	8.55417260616459	10.1046520235413	8.93326442826595


seedPosY:   -395.362426834858	-385.106859598077	-377.182685371359	-365.737174957241	-355.710814213883	-344.592348468870	-336.447680526412	-327.954729081336	-390.131237838769	-381.000936521652	-372.000767792822	-362.712441565719	-352.751399963648	-341.464159618937	-330.868252173462	-321.872005268701	-396.478746248418	-385.635434867528	-376.460281425509	-364.634287623696	-354.532059305441	-345.325177642189	-335.061072466519	-323.286610156460	-391.909990561671	-379.955865759930	-372.779296056370	-361.700042629010	-351.261771370916	-341.258466165623	-330.642494362460	-323.040986513935	-397.300671289111	-387.026040751219	-374.438454255656	-364.707485294078	-355.632701857896	-345.427560312177	-336.758499167754	-326.362377948907	-391.702765475213	-380.673359189787	-371.227373336990	-361.106276638481	-352.163185489539	-341.890376981750	-329.937723774380	-319.376576538828	-395.935183675664	-384.872190696015	-375.701650584597	-367.556867947500	-356.851633126189	-346.708769214077	-335.129990081843	-326.437437513156	-392.150235857892	-379.807176965947	-370.014795270278	-359.029387955632	-350.107428724649	-339.941318207045	-329.297054641568	-319.947193407773	-395.209808332916	-386.959714880216	-376.443041235553	-364.693087057007	-355.887709963336	-347.074117047572	-337.350201635081	-325.484198578523	-392.454899224826	-381.809461526273	-372.337692716931	-362.240543898625	-351.205280530332	-339.814985846574	-329.264522988361	-321.521725964564	-394.120110569142	-385.548906007135	-374.317527272682	-367.419650565598	-357.425528516615	-347.756535874684	-337.115011494436	-327.780173548713	-392.940486954307	-382.901279161814	-370.344170533432	-361.217781534079	-351.004777610570	-342.338979282543	-329.472940524443	-321.788571514693	-398.819138457375	-385.003615318160	-378.056219831080	-366.664403606659	-356.123071565770	-345.226109088055	-337.050141943913	-323.794032904662	-395.998105007703	-386.316787425544	-377.867499918695	-365.943362609622	-357.405437945453	-345.847526963564	-336.615630744237	-327.860619685376	-392.181644405113	-380.394479749517	-372.638659885572	-362.269851856230	-352.984871197046	-341.649246429723	-330.759449876914	-320.422576254537	-397.026119701198	-386.178741618004	-377.096113906178	-363.782791156906	-354.406289720355	-345.930048913047	-335.688650490618	-324.072380027226	-389.977500742024	-379.184162227828	-372.193433396894	-361.697287629345	-352.779744800368	-341.539736653983	-332.054519744127	-321.699480034801	-397.047244331890	-386.905095923286	-376.171351136212	-365.659369682780	-356.744254351825	-345.424180829870	-336.661477530067	-327.335237475094	-392.906584880573	-382.520509478261	-371.989676646053	-359.918237578511	-352.208672323263	-341.338181260855	-331.179251363801	-318.777933621746	-395.198113436131	-385.931336740502	-374.702658672286	-368.702964990384	-356.085233173675	-345.928267688037	-334.826816081572	-328.849581062651	-391.527389148645	-379.972160075427	-369.143912620339	-360.443609720718	-349.905673193172	-340.449892091017	-328.853546615918	-320.369834287053	-395.651279639976	-385.918563882618	-374.839766851658	-363.528444401069	-356.357825282461	-347.242595195435	-336.676814215382	-326.712041238815	-391.016332594413	-381.865094410058	-373.027545240208	-362.946895522969	-351.973908204496	-340.545162583580	-329.926492574632	-321.126160400739	-393.781632724017	-387.084075296450	-374.213318084523	-365.849993523368	-357.466907909352	-348.205318220426	-336.161330416583	-326.920942046214	-392.258460695058	-382.111620216158	-369.810848314697	-362.167411470547	-349.191078862099	-341.629876431451	-329.500295750214	-321.048765348100	-396.776247666744	-385.634649676512	-377.771201247852	-367.669387292028	-355.746353479340	-346.707471244980	-335.940818770542	-323.883590367529	-395.698627946611	-385.243915527493	-377.828945512213	-366.251902928656	-355.739142539125	-346.171876254928	-336.642881891824	-327.969590491235	-391.913857028622	-379.173751035810	-370.524439533961	-361.013571928859	-351.389363280375	-342.489492891912	-331.542853543290	-320.795065314043	-395.921867898095	-387.161355254767	-376.113424861073	-363.510840197089	-355.927630252348	-347.539902575489	-335.993380022268	-324.550394741986	-390.897214420215	-381.156754433787	-371.497922345203	-360.128016341531	-352.557740810597	-342.315669542276	-332.152153900057	-320.723513086913	-396.760898834215	-386.192364571514	-374.711524584840	-365.398119683307	-356.634064871701	-346.585864442582	-335.747600075259	-325.627417147220	-391.849340539875	-380.824469509915	-371.610518246761	-360.282316655954	-350.615325096975	-341.984365674078	-328.964642309057	-320.612507989346	-394.733449996555	-383.655104721174	-375.047436272400	-368.267052273681	-355.398389294707	-347.230764771872	-335.566138192816	-326.493915036105	-392.041807467963	-380.063951437663	-371.410562464829	-359.306688651654	-351.450917717055	-340.550531812481	-329.244045172254	-320.469747758267	-395.945917665319	-385.865256715558	-374.359751555899	-363.718155567348	-355.627568005730	-347.519050252411	-336.537120677015	-325.232227806144	-392.943230394075	-382.663843498306	-373.325914662787	-360.968071243537	-352.081967676597	-341.322081833566	-331.273426323336	-319.949811223506	-395.802408147254	-386.066263354374	-375.667824746909	-366.227780838085	-357.571840803874	-346.584485585034	-336.191933003066	-326.538259326983	-391.524120644004	-381.315106695316	-371.293547802773	-362.333505865878	-350.574215658262	-341.704708221928	-330.273274185996	-319.824763030125	-398.330214034129	-385.026216014030	-376.484824187245	-368.977245673236	-354.235808401951	-345.342615042927	-335.581260568424	-324.471841744949	-395.135256011466	-385.337381993470	-377.178405033815	-365.132006826668	-357.402982790948	-346.046042437225	-336.369825308519	-327.881725218146	-392.276004654864	-380.586059820259	-370.249197789385	-362.117519136225	-352.844848390993	-342.073762024513	-330.304582514329	-321.884465216569	-395.763296436374	-385.184846102297	-376.931887700401	-365.630203399234	-354.844037009737	-345.571438100643	-335.895779945946	-324.231671066747	-390.445683085180	-380.692422327206	-372.773251882632	-361.825573180192	-350.951940592320	-341.376826648839	-330.441720722577	-322.118564728199	-397.384601677152	-387.095508500396	-374.971554643801	-363.954134091717	-355.833574048366	-346.769938689380	-335.774063692271	-326.617230626505	-392.951344284015	-381.349849700232	-372.566274766043	-361.016813575969	-349.933608816948	-341.936479851941	-329.918773884148	-320.546659750558	-394.833358934664	-384.441464755372	-374.772068964179	-366.941457351552	-356.680207411859	-346.897559248068	-335.339986851738	-328.114584109459	-391.720519177671	-380.920143981808	-371.515733164727	-359.935974692260	-350.755468197843	-339.209870895934	-328.801279877139	-320.909518126863	-396.870458491544	-386.595132324262	-374.975585317245	-364.116771851225	-355.665846198892	-347.685269772549	-338.016977156971	-327.016328701639	-391.483837863850	-381.346831267406	-371.820986457301	-361.271889022411	-352.908954227853	-341.251995761238	-329.572695639662	-319.235270055707	-393.666877648879	-386.668568303320	-375.411677794621	-367.003622900672	-356.468737996219	-346.986041575190	-337.530430329030	-326.133906327073	-392.626336354849	-382.404048822660	-371.626963962434	-361.722526651150	-350.758057424034	-341.367545047216	-331.259352879364	-320.497762375848	-397.527193806329	-386.640302612112	-377.467175373985	-366.671891205422	-355.632231801734	-346.339805184733	-336.092764463610	-324.075574794272	-394.588889915869	-385.486725321392	-376.915912923699	-364.693479104958	-357.153661759680	-345.856467287507	-337.073053348566	-326.620816894344	-390.386153756665	-380.509612393330	-371.052786706439	-362.283871850852	-351.345694534519	-341.618375864063	-332.269253128066	-320.658444146260	-397.850873234133	-385.886657269662	-376.735395791424	-363.564471546008	-354.911600588076	-346.004474766727	-336.850858550708	-324.977024825060	-390.393424082890	-380.666203710694	-372.225683082326	-360.567922741887	-351.591868063009	-342.866393253823	-330.461467703846	-320.843350094747	-397.815353721426	-386.563042865339	-374.342114828753	-364.361689419757	-356.786600168865	-346.739283555097	-336.310467129428	-327.046853919096	-392.576965406304	-382.205147572012	-372.441544715225	-359.341965779306	-351.742729203371	-340.754415435205	-331.074445406319	-320.068546499503	-395.109765916362	-385.465345082765	-375.956239435618	-368.173950950480	-356.604941243833	-344.801524917365	-334.759778792515	-326.524449412030	-391.374398369470	-380.562331212316	-369.222717319568	-360.406216767839	-350.719126684288	-340.014970435354	-329.208130399843	-321.210014365211	-395.840493084831	-385.371698448420	-376.172613896086	-365.212136455579	-356.961179184253	-346.096622219092	-338.379820673233	-325.401506434057	-393.086507216577	-380.697843966430	-372.648854154819	-361.215544034735	-351.724048777380	-339.757445432917	-331.202212678540	-320.328411340949	-394.723065329601	-387.006758285320	-373.978074821818	-367.009491369854	-356.383493590825	-346.792590846825	-336.619790113309	-326.220892556833	-391.352908155515	-382.200566718478	-370.040302738283	-362.103145257538	-350.826351447040	-341.267194940797	-330.055256582277	-321.324109901060	-396.850691661243	-386.931298980603	-377.358775971937	-367.746478601215	-355.150879089495	-344.532653660865	-335.763800985987	-324.119414299281	-395.822485858485	-385.713726851282	-377.405274026723	-365.497345089363	-357.594139599890	-344.945854549120	-335.626896575640	-327.654291107296	-391.050691667232	-380.476375400722	-370.269297717799	-361.567078134518	-351.380420313103	-341.006954692098	-330.308468776472	-321.194382714515	-397.216133885276	-387.191400999596	-377.130343399238	-364.451910547649	-356.229970136211	-345.518795205588	-336.369043759524	-324.065644223547	-390.721224829026	-380.748693605824	-370.680876162307	-361.722648347833	-352.715286580540	-343.353410314425	-331.667388486519	-322.959886464575	-398.162447041475	-387.667777434448	-375.557971082595	-363.331037043512	-356.960095588340	-345.855152892497	-335.324435029473	-325.563773162578	-393.628932994560	-382.311974038373	-371.583500997144	-360.786063711692	-352.157400571238	-341.411830692540	-329.901790729629	-320.476339049798	-395.508971244440	-385.402857626374	-375.714130733227	-368.512678135803	-355.318949713827	-345.192724673594	-336.909643271843	-328.793804929925	-391.043008517395	-381.248407775553	-369.189454713799	-359.728925150364	-349.900779804779	-339.378527767988	-330.288199995716	-319.780129563940	-395.596616514229	-386.597364090630	-375.319567769215	-364.080760038311	-354.761083862081	-345.854854918303	-337.316935643743	-326.196474464200	-391.359950480688	-381.039559886421	-371.812713349951	-360.853946573505	-352.840798433733	-341.928466360234	-330.714570047222	-320.023992262658	-393.525893400758	-386.878829496024	-375.296511535735	-366.998869111426	-358.329312707325	-347.337607807152	-336.609481530314	-327.170575198335	-392.650907841241	-382.665194659934	-369.495931505977	-362.682819085896	-350.489535051937	-341.495853062485	-330.361932195303	-319.753265587695	-397.661945260879	-384.725260039832	-378.276237746299	-367.185586041621	-355.461420847418	-346.306723859463	-337.283198593359	-325.736454745430


seedPosZ:   57.9065504165731	57.7312615732594	63.0472306036331	61.2898405809436	57.8227200364378	58.5619217211397	55.9794755825947	58.6587490467172	58.1277350048417	57.9718108955229	58.6237169219002	54.8304625554962	58.9900641602342	57.3278015939792	57.3975500656999	56.7086897982900	60.6336500386849	60.7663277365825	58.6467670628263	59.7026912757080	59.1334915259739	58.4410212333263	58.3545089061623	56.8626423970393	56.7051125262350	56.5823599261652	61.0040179073326	57.6971247465531	58.3350584682926	59.0839547995044	57.8592408569467	60.0688398115151	58.8862642868982	58.9459674376349	55.8129890682537	60.0797803663520	59.5594775959391	58.7826808799525	58.2818435463484	59.5465222323951	57.7843563081960	58.3186558958327	60.4136514540774	57.5972167520874	59.7301812164294	58.0920220553897	57.6894764748506	59.8774855778762	59.2373449692583	58.5353715927212	60.3972248026056	58.1527972497047	58.2041407799610	61.8233460571727	58.1939783090992	60.2235848373864	59.5540660520418	59.3234503910214	58.4900417548874	55.3455085297205	57.6555869943115	58.8878140969962	57.0287081144987	55.5390739175425	56.9236856629338	59.0513304672085	61.8441303757620	59.5664343606025	62.0037106253349	59.4844364382843	55.9465025521704	57.5842154682773	61.1327857617263	58.9879794887450	59.9084329039664	57.9412190762488	60.1499610627034	60.1398018885393	60.7795915237654	59.4952141495597	61.5825044986732	58.6548847148600	56.5919924696564	60.4864867399802	58.2222725096648	57.5889975776732	58.2250059114988	58.9795692626533	60.7242042262512	57.7267581339574	59.8503760156565	58.0821069532557	57.9591685518715	60.0886819534723	58.9379496337221	60.9357298740690	56.9725291454857	59.4419485475416	61.5628505479843	60.2397481362003	56.3680565836329	59.5875210573877	55.7821412473656	58.1247747208132	71.0624820152553	67.8845659727555	69.6116036365198	69.3314074281561	69.5032432583693	69.6153910275528	69.4217803863759	66.9510139773934	71.0619909109530	65.7187383334357	68.0952628838745	66.2769322367687	69.8517736791094	67.8760567137114	68.0696549009343	65.9098710458426	69.2650461166463	71.4212209526029	67.3981705500650	68.5682693716600	70.2749204294833	71.1863358000871	69.1523912734234	68.6703869296375	68.2558954715040	68.1123248703197	67.8435984317912	69.7739485926643	68.9790825487055	69.1567654524219	69.8759291401798	66.8111465526363	69.1763986862530	65.9822259349042	68.6310566731653	70.4693239963235	68.4987369272648	68.3260547459868	67.7261550984156	71.7199056882761	65.4407058257171	66.7646732151065	68.7748409577949	67.6801192564185	67.4761019385496	70.7717066502102	70.7326388906001	71.9141484247405	66.8754339197995	71.8088877454189	66.5606783027437	68.5870927455440	66.4310397127747	68.5197739106573	67.5746846953447	67.5807620684470	71.6813266225597	68.8557347274979	65.1248917938825	66.1071257864311	69.6836885837563	66.1954738034103	70.2479991143368	68.5337555916235	68.9907773351029	69.9892039618405	71.2917026898715	69.8244925756981	68.2364893398410	68.1207417471996	66.4060831124392	68.3578809572781	67.6258729966883	68.8287871515249	68.3686945001746	66.1627510338564	68.2701680840921	70.1621606188101	68.4040680536156	69.1068662498565	71.6305885919915	67.6134458030823	70.9475678690830	69.1625266430052	70.0671698345289	67.5907906507125	70.4901238494253	67.4570246986631	70.8870168594359	68.3147129662283	69.5525035100662	71.5685723695908	69.4591696720026	67.3942200315053	71.0519767193725	70.2034110902009	68.1790616054596	68.5578124197460	69.4812631640987	71.9071451578998	65.4782472638057	67.4347751386830	67.1330673427036	70.1715018371483	80.8908439773300	78.0914348761564	80.3892459512437	81.6240593210749	79.7253063695728	78.7073847516144	77.7020525816821	79.4279211345132	80.1322759861148	79.3149477952642	75.2289378086543	78.9847673181644	80.1607489862984	77.2303426271149	76.8735743638685	75.5827698594327	78.6074169361292	80.1352996552132	76.8034838070745	77.2143934158645	81.5726216742518	76.8453077278438	79.1334948592858	80.1066923847866	76.7873772244206	80.1307291378906	77.7409251920202	81.5919255808723	81.3106217346466	76.6781403188322	76.5362165918766	79.4124903117277	76.0543383128308	79.4796635149282	78.9897052442597	76.4445454008101	79.2213729203455	77.6804766413806	81.0543643982173	80.2719255535246	79.4506943473376	78.7870327909708	81.0109517436084	77.5522753834212	78.4236273791753	80.3300874478343	80.5035735577577	80.5025673412030	77.0161279086377	81.2620713858977	80.1740178474528	80.3640809123307	78.7665112776934	79.0572305768347	80.3067355364468	78.2702364135853	81.1061021630610	77.6409237300796	78.8635256450986	78.2943810199922	80.2806566167723	75.7950433597034	77.3682879830873	79.0025504651906	78.6302181083869	79.8032861892827	77.8428225235168	79.5893845131055	81.2033780568721	78.5271478051935	75.6879021936742	79.2632630870352	77.3511829084770	76.6966191676898	80.3925136380773	78.8542453891760	80.5833362710922	76.4992616367296	77.8744750380972	79.7410260236755	80.2594515612625	80.7802323301498	76.0493266946626	78.9043882633697	77.5404255787326	79.5762515417767	76.0586310675313	75.4376832172413	80.4161876848910	76.5864486884214	78.7459914558590	80.7497072447977	82.1245168215906	80.1202967348874	81.6146737341078	78.7479719867327	78.9216658784175	76.3829661717962	81.7479661812773	82.0798628211918	77.8937111910751	79.8884542391069	76.9458600842051	76.9949870291434	90.7870469347852	89.7419574436225	91.9498207587490	89.9387391281058	92.0576438792343	87.1875210730157	85.4592019005915	88.6991778632708	89.4276056771212	90.1429862348523	89.9215505099335	87.6572189630180	91.1349331116520	88.7312067357762	86.9444689822442	89.9104401463729	88.9502342426537	91.0554436885163	87.9847659152875	90.8833202244158	90.9708741290939	90.4692247936995	92.0743933119640	86.2277791067761	87.5180204956316	88.2568201771976	86.5223720338566	90.1481690170983	90.5221527013385	85.3826076557119	86.1691595712512	87.0447021166083	88.8374444358269	88.1920281128952	85.7153166572728	87.1403892393198	89.0962143276464	90.6104001273483	89.0191625655336	90.9586967251578	87.4184828103404	91.0268519304537	88.8438711524971	87.9924684703617	87.7070905079446	89.2559479207261	87.7538300727648	90.3206015998296	87.6341746758759	89.7507531405949	89.4763815780368	90.7515757690080	89.9777129898150	88.1761619843803	90.3310488875864	88.1921691784674	92.1304544456750	85.6365002217828	85.3240113178240	86.6960789273094	90.8090305098949	88.9902714813575	86.8215373518543	87.4340850552679	90.8506337988779	91.1968857483049	91.7888729509895	87.8651682767493	91.6681068048379	91.8376941530606	89.8350068580068	89.4225783822379	91.0257160739254	87.8016051881164	90.9763668397901	86.5076332067619	87.5791931878286	88.1084739609864	87.5949522088475	90.7085371529291	88.3403489984267	89.8607571728045	87.2178937017630	89.5621400949360	90.1526830155697	90.4854709762605	88.6577401973436	85.7856214201634	88.5398373991465	87.5711286052214	86.7773748102466	89.6690840186754	90.2962757241158	86.4803928764023	90.4789610083772	90.5953578555187	87.4966026335540	88.8692162726169	90.3959136054343	89.9213511327537	86.9678317812304	88.5264839857160	87.5872154511779	87.1914599626533	99.6243357971353	96.4447573711769	98.1227878966341	98.9703493085513	101.807681034364	97.4973039728973	98.9841256371509	99.7808845380659	99.7933062317040	99.0554775250417	98.2812429596345	95.3071253299475	97.8794622659921	98.8258876595547	100.058054840689	98.4822463548579	99.2270295420483	99.0348966660491	101.196679302108	98.8822006394480	99.3096789889323	99.3029282234913	101.084104000613	97.1150734430244	98.0416337834742	96.8681262693280	100.240290044462	98.8653622980627	100.134544468636	97.7492513938491	96.5248837943325	97.1171949041285	98.0526770590343	100.250333635858	95.9392954136593	99.4262473259320	95.8411607160385	99.8736849680516	102.053153776675	100.725449363231	96.1533223322442	101.489150558594	100.160871502945	98.2223395567781	96.3957810705555	99.2944674008864	97.9737511313695	100.377934600444	98.8573067448701	98.8733956013579	99.4889911019969	99.6360399783836	99.6736308765244	98.2019506405449	97.1706215488464	97.0743499410459	100.563622930287	95.2165735469080	98.8980042383617	96.2325672611545	99.5410387345665	97.5880923549191	96.4477722069202	98.0795168324835	97.5838986584070	99.0102473075013	97.3660674292206	98.1609140452477	98.2819604336115	99.5594258565937	96.7014354033984	96.3502364524863	99.2986220430620	97.4210410828098	101.873207369338	97.1089501925306	101.961904315794	95.5671429296663	100.352156124426	97.8994845505345	99.8161474620240	99.1181450689249	97.7317776308811	98.0778631174511	99.3827619546923	96.7936173149552	97.0528295061488	96.0111703278518	102.159788776559	98.8863098486225	97.3612138111720	99.5365145493781	101.610641924071	98.1323925379315	100.850125919423	99.0913257593711	96.9817162607605	97.5441532952639	100.609780794580	99.9498358257083	99.4427315111723	95.3999592534574	98.9913470143315	100.553251584916	106.662916181145	109.895872528549	110.129945633503	109.698453332506	111.681685516497	111.101354103282	108.958783990749	109.971735776196	111.414912025872	106.675887330516	108.192568590523	104.870119628630	108.163651747685	105.825430656189	107.135738787328	107.098511539915	108.461099939489	107.054794336466	108.882858720600	108.925330351811	108.501077339312	111.136243557108	109.923187845441	105.981959482873	105.365270952993	109.475141172997	108.042923921163	111.167117551121	107.989246405493	106.337708552036	109.982966362101	107.774636296699	106.432387093067	108.642315612885	108.576514070918	110.539613234561	106.632599508183	110.641229271987	112.265931329560	108.651300589986	106.648631764745	111.312585913895	110.196945328926	108.519200720421	106.169628002846	106.764551193543	106.745996527466	110.346779113217	107.277290708027	109.669464470618	106.302677944905	109.733397759031	109.597809107270	107.654701878341	106.897914013879	106.035599509539	110.812375108015	108.182132861857	107.546253848100	105.868225781636	109.519056500976	108.699936667968	106.606280565311	107.420676321582	109.707029857058	112.609461721020	110.958765848854	110.553942271454	109.833166585552	112.615550047971	104.965273423461	106.440361404684	108.103062433773	104.945563692920	108.468287121485	105.684420319425	108.623966668757	109.027311665631	110.128282512910	112.145999919409	111.557082418865	108.185017998226	106.307910246843	109.309729965966	110.805703367180	108.729868904464	107.144409075091	109.108344190513	110.872403781655	107.106337929626	109.670991535267	109.685315071647	109.067731498772	107.301278082345	110.258810396311	108.942220534386	108.560580881602	108.981728589348	112.630490296406	111.263538607460	107.480734205022	108.260058165923	109.531472320215	108.644518202951


objFunctionValue:   652.242176725920



