Dataset 5


dvh_array = np.array([
    [ 7.73, 2.89, 18.59,  3.14, 12.51, 12.19,  3.48,  3.33, 0.00, 0.00, 0.00, 0.00,   0.00],  # Rectum
    [ 4.79, 0.49,  5.59,  4.11,  5.56,  5.51,  4.14,  4.12, 0.00, 0.00, 0.00, 0.00,   0.00],  # Penile bulb
    [ 5.64, 4.86, 57.41,  1.90, 19.49, 13.37,  2.34,  2.18, 0.25, 0.09, 0.00, 0.00,   0.00],  # Lymph Nodes
    [ 1.13, 0.76,  4.03,  0.24,  3.21,  2.77,  0.38,  0.33, 0.00, 0.00, 0.00, 0.00,   0.00],  # Rt femoral head
    [13.69, 1.22, 18.71,  7.55, 15.59, 15.09, 11.21,  9.43, 0.00, 0.00, 0.00, 0.0500, 25.87],  # prostate bed
    [12.33, 2.08, 20.32,  5.48, 15.48, 14.79,  8.11,  6.86, 0.00, 0.00, 0.00, 0.00,   0.00],  # PTV_68
    [ 5.66, 5.11, 96.11,  1.45, 19.56, 14.04,  1.95,  1.80, 0.21, 0.07, 0.02, 0.00,   0.00],  # PTV_56
    [ 5.68, 3.95, 20.64,  0.99, 14.30, 13.56,  1.48,  1.25, 0.00, 0.00, 0.00, 0.00,   0.00],  # Bladder
    [ 1.18, 2.70,198.56,  0.00,  9.62,  4.94,  0.00,  0.00, 0.04, 0.02, 0.01, 0.00,   0.00],  # BODY
    [ 0.96, 0.60,  3.23,  0.07,  2.58,  2.26,  0.31,  0.25, 0.00, 0.00, 0.00, 0.00,   0.00],  # Lt femoral head
])



templateX:  -49.9729416839828	-49.8965110135727	-50.1953017100326	-51.6815139179310	-49.5131980595501	-51.7619989626606	-50.9254544276073	-52.1249732000716	-45.8450392237857	-46.7913589427723	-45.4325028679104	-47.6486441036471	-47.5812140870198	-47.2532521197349	-47.2258475094546	-47.3521786820919	-41.9465670333233	-42.2603192444976	-42.7762809588403	-42.6514738138439	-42.8212693306955	-40.7533732268277	-41.9515408208703	-41.2559760983225	-37.2848112007051	-35.0610081625302	-37.8321739034548	-36.1034739844987	-34.6877245149223	-35.2810708986794	-35.1710739446127	-36.6206847839038	-29.5287902112425	-31.6574445194378	-29.8423397562987	-30.3278253655424	-31.4215190755593	-31.0999653943126	-31.7244140346268	-32.4988806317186	-25.1461894662481	-26.2361588643997	-27.3971310889646	-26.1972382936084	-24.7255483705082	-26.3612980306251	-25.5984197020245	-26.2878564702552	-22.4941411165951	-21.6779276473154	-21.8574004367486	-22.8821278064521	-22.3168177148200	-19.8387656697709	-20.3270115762233	-22.6551917133019	-17.3775420757732	-14.6111791253278	-14.8165638375487	-16.7634804446437	-16.2785357203871	-15.3874314042703	-16.4002628507277	-16.0240389954291	-9.57384134101712	-11.1566908927134	-10.0385515515872	-10.3247889113793	-12.3461373139307	-10.1291473575884	-12.8519426883421	-10.3676214929330	-6.17628448224704	-6.71891910848549	-5.25797496260644	-5.42711545596425	-6.35086886442833	-5.02425853112210	-5.04374081642311	-5.04322889608859	-1.14612270120540	-2.32681194632833	-0.855754599156008	0.282086411970419	-1.88612829828904	-1.66016936615687	-1.74555914997393	-0.355134764648998	4.54441173190341	3.07584977066366	5.13520738084412	2.39871369411417	2.33926627538275	5.48905062323313	4.28792882106828	4.79579694396971	7.60902411741370	8.19864069555896	7.10246067444472	9.05826362367067	10.3275933971232	8.65879193743731	8.32259410175202	8.89587995295939


templateY:  -397.562928974037	-385.202171747582	-376.516037315277	-367.357965522831	-356.527679174668	-346.921623978056	-336.828048308014	-327.835049014778	-392.039348285197	-381.258785665657	-372.382475378402	-361.560061214193	-351.291256034449	-341.031453355242	-330.945514901847	-321.712107840088	-397.123067989965	-387.353472654021	-375.913814386427	-366.725175751320	-355.587548268280	-345.105496351503	-335.037266545185	-325.485164967238	-391.886437613119	-381.053104187888	-370.944080511964	-361.189730668148	-352.376975157946	-341.678896919260	-329.848178558563	-322.011780490918	-397.222754723222	-386.033379406279	-376.536288069398	-364.920262647461	-355.393878565741	-345.477414305364	-336.790994671165	-327.824857947900	-391.742894262306	-380.251981769715	-372.094222550665	-359.531639675285	-352.820943789604	-340.032034022043	-332.185472165812	-321.986688860857	-396.301621825751	-385.836102517621	-375.797442983204	-364.490904894244	-356.209231261857	-345.699052366868	-335.715171710737	-325.713889440863	-391.566240940619	-380.444410271473	-371.809042916922	-361.549633643342	-350.227122679539	-341.100825305284	-330.722742340535	-321.468124758412	-397.182431867820	-386.110627291411	-376.230015246011	-367.388074786276	-356.238182310948	-346.195477319345	-337.727853329151	-327.555906612514	-391.761025958731	-379.391633441513	-370.711104273553	-360.230199800467	-351.908987342125	-341.006513429302	-332.796363567387	-319.993171237172	-397.032021020918	-385.593044672385	-375.674223186825	-367.316617283394	-355.225551704167	-346.713984445892	-337.048432626176	-325.387695164771	-391.729951925356	-381.072420437215	-371.363028788804	-360.079640283347	-350.975381394280	-339.662988859326	-332.387953188783	-319.720139508023	-396.908428367915	-384.572514901016	-377.647770118245	-365.946956957826	-357.832996983347	-347.385361982128	-334.879272880653	-325.640070293751


templateZ:  60.0257827388077	59.5679081456690	57.6104398597970	59.4624694225828	58.7545619097698	60.3620104767280	60.2191739322681	59.5955532826411	59.3730986158064	58.0190887675302	59.5836061882943	59.6958482525188	59.7944633226841	58.5028170372049	57.3391530616204	59.5720953666578	58.5058412857299	60.0457401443272	57.9759707347390	60.4854403895110	60.2947277710396	58.2367329132908	59.8065466266142	59.7651230912013	59.2090916606270	57.6207374126491	57.2853627918233	60.1416714936434	59.1948107335008	57.3999662946655	57.9860792259695	60.0856180755813	57.3742061351609	59.9722035356771	60.2162874204865	58.4170461770235	59.9223966960194	59.9585515013406	57.7461165525433	59.5512179016770	59.4346101181605	60.5864089025957	58.4634916324654	59.6779581351864	57.3878875129992	57.3823815509155	58.9932874286080	58.4681451672599	58.4344810631061	60.5264088597151	59.6169521946121	58.3318088800704	57.9743326302038	59.7659927393216	60.2182864524896	58.3341956007586	57.3781403092260	59.0559675159152	58.5796029633756	57.9068482036434	58.7949883193470	58.8687581474639	59.2313878988201	58.1214991741494	59.0096871093245	58.9394830186379	58.7948594435927	59.1545446484881	58.4891147123713	60.3431529946824	59.4885564984887	58.1413196802741	60.4938940437781	57.1785496316295	57.8984244982315	60.0217341935255	59.8471187009307	58.1806977403177	60.1481921174041	60.3668213727209	59.7513126419870	58.6692102048135	59.0203223574245	60.1840599777538	60.5423331710332	59.2056064637591	59.1739067197956	60.2116971431848	59.8903096273408	58.9142669011143	59.0458826371817	59.3594970736823	58.2802007093246	58.2720363742552	57.6406294393715	59.6662047305153	58.4131763482089	59.2436762254474	57.1451251252006	57.6073934784426	60.4963335151035	59.6428303474818	60.3248986835867	59.6688226494507


seedPosX:   -49.9787188372803	-49.9347022263014	-50.7607620196978	-50.6684193372801	-49.7144884184651	-51.0360077688749	-51.0110049638970	-51.6143915724089	-45.1559978878528	-47.4769788181555	-45.1254494112415	-46.8076594133473	-47.8442441790209	-46.8103346864945	-46.6285022457619	-47.9940397371041	-42.1060059444006	-42.9616246398114	-42.2153959940962	-43.2997524139570	-41.6905209492358	-41.6023238557575	-42.5075066203481	-40.9038112958848	-38.4565804066266	-35.9257499080067	-38.0516016726600	-36.9705420166352	-33.7443855980531	-35.6995898433105	-35.9938345256570	-36.9580073662712	-28.4903209307077	-32.4240109917810	-29.9397411204616	-31.3608369963005	-31.2450942949621	-29.9568207907459	-32.6740595045056	-33.3847178953134	-24.5083256236100	-27.0839674418900	-26.6429879835000	-25.8048946969873	-24.2610429134322	-25.2545475174723	-25.1014701004839	-26.4249017420246	-23.5313472080846	-22.3049842040902	-21.6331739608384	-24.0362489415780	-22.8113398423887	-19.5045161710100	-20.2382543503202	-23.5217929525764	-17.7930898450795	-13.4911986068472	-15.9985895543502	-17.1715908856331	-17.1112778904995	-16.2793270962168	-17.2040600986683	-16.8948492492207	-8.62384069597280	-10.9866576965551	-10.1786629424964	-9.12027465269878	-13.3078412931013	-8.89094777376387	-12.2267733702430	-9.17836336810484	-5.82400037035320	-5.94211747237076	-4.36459535643854	-5.86858337021577	-6.61769977149751	-4.05308390987970	-4.22608360535864	-4.16559791903311	-2.31820896469723	-2.61387157970374	0.200592834885769	0.477818198935045	-1.94965246256547	-1.23311719709389	-0.741003933390440	-0.496897945724326	4.33426140689230	3.19220330141087	4.04787543379198	2.41112595242797	2.96054777834025	6.35889389201888	3.88175272675299	3.90458046782044	8.63063888811409	8.80956396900247	6.15801227151627	8.32862439093219	10.2931924680206	9.20003862199000	8.85015724828107	8.43057006064531	-48.9906160472462	-49.9048942650225	-49.4058490121779	-51.4198542718429	-48.8917338976325	-52.5284946647693	-51.0785614045471	-51.0492590465785	-45.2725997217966	-47.1367609922426	-45.3568001662492	-48.3737720323500	-47.7903044736372	-46.6764039588507	-47.5380639705029	-48.0592800186163	-43.0172183006233	-43.2363520846643	-43.9250096779335	-43.0233795097604	-42.8613635733326	-41.2079901916470	-43.1840733364075	-40.5866289152243	-37.2664617204285	-34.1278821589177	-36.5851188155659	-36.0832377017291	-34.9379366486410	-35.4618560817663	-36.0271913432892	-37.7235500543115	-28.5538308221859	-32.4012131665960	-29.6596574650965	-31.3557943222386	-30.8367006279810	-30.8103941075007	-30.9238364248701	-31.7240384019044	-26.1693123975785	-26.1187065654840	-28.1799841849916	-27.2906388600552	-25.8253680539880	-27.0620321477619	-25.3502067976669	-25.2325365594833	-22.1600327226962	-22.0333226555527	-21.0100664856376	-21.9079378731773	-21.5111885711670	-20.2419040514599	-20.9098552113396	-22.2269167347781	-16.9867700353735	-15.2571632251964	-14.3172128013562	-15.9625491965047	-17.2933670661656	-15.5707375249244	-16.1355312443349	-14.8704222100934	-9.02525616796853	-11.9187304313559	-9.23453712231875	-9.93309885113160	-13.2260387975738	-10.4443601559456	-12.6040303207868	-11.3278379443911	-5.28314830901217	-5.88986965810764	-5.23063520808494	-5.72629887530071	-6.94435906138393	-5.16645720341125	-3.84699574785933	-5.76454778195492	-2.24974483576633	-3.05560089527817	-1.19068374159308	1.38648448398798	-2.11218773011278	-2.35301782867549	-2.97750162810533	0.0784674703997073	5.05528021873246	2.73125852919052	4.10412968351311	2.18025810097384	2.95921248782837	6.19241022707396	4.07398310105434	4.41923639327586	7.11984212451020	8.87396094441687	6.13941700197394	9.28975928195777	9.75712633858375	7.91066679698085	7.34080888451586	7.96347983580282	-50.5810062716240	-50.0922235845611	-50.6936514355930	-52.0810772900199	-49.7427347312432	-52.1162133308851	-50.3041853141570	-52.6436156030555	-45.3455849644196	-46.0439024467447	-45.8306208217488	-47.1266901925160	-46.4687519392840	-48.2447417849770	-46.7321761260742	-48.0863232382057	-42.6848017660187	-42.1543205437599	-42.5865391557933	-41.7851943254043	-43.9380355137555	-41.6817749862617	-43.1040890785273	-40.5913939928824	-37.5478975208163	-35.1366371181705	-38.7553289811171	-36.2365430659982	-34.0117196583749	-36.1778336079977	-35.8592911413476	-37.3158057837609	-30.0045225282300	-31.4392437861953	-29.2536549446497	-29.4419961642943	-32.3502643234111	-31.6262081716717	-32.3952566181168	-32.2242042209399	-23.9086379913051	-25.6790539122634	-27.7332471167752	-25.4910149188297	-23.4968344268858	-25.1851902411631	-25.0532740238048	-26.0301890671265	-22.3225532421050	-21.8863678069973	-21.1887368886756	-22.9108700324298	-22.0363704024597	-19.4922760882753	-19.2729113293569	-23.8499940749281	-16.6371617998856	-14.0070410361431	-14.2813675272767	-15.7285258988528	-17.1490001680600	-14.2503231296740	-16.9667194210461	-16.9029660237447	-9.04505949594296	-11.0963238346642	-11.1098170401799	-10.4876206322616	-12.0851660032801	-11.0596484390252	-11.8825293968893	-11.4094474857741	-7.33148275642961	-6.97102173842431	-5.96826797820169	-4.39266388112798	-6.24660546878076	-5.42050133421544	-3.88291292736255	-4.07418605819637	-2.04677025176967	-1.59867553812205	-1.52816651906812	0.658954750888078	-2.26668134113108	-2.17574643393639	-2.29635303355823	-1.22737919895792	3.44689936720227	4.23282892564729	4.46823913070320	3.25408150197013	2.35826523015409	5.70520690354986	5.12064826930283	3.81917132214175	7.74107258463503	7.32207626838072	6.93375596615454	7.82140600770712	9.93404379242885	9.16085705757284	8.12403046298287	10.1206699131931	-48.8175084714919	-50.6279062335844	-49.5553806758721	-50.7803153357207	-48.3847296862023	-51.2438036495724	-51.2613139619628	-51.7413523580569	-45.6982653311165	-45.8319774804173	-45.1029873390992	-47.7891468608504	-47.9941336481793	-46.8879850643385	-46.1251656945268	-47.3717264979304	-41.2024262097211	-41.4419163549962	-42.5592253930614	-42.4387549850977	-43.5550912842765	-41.4295390131584	-41.1855688270766	-41.1499808708130	-37.2620210428299	-36.1970485185241	-37.8722979289236	-34.9001369911566	-34.3681965223635	-34.2101763689804	-36.2909361819100	-37.2741352926190	-28.6430684957863	-32.2612852214430	-30.8710809261650	-31.1611790642156	-31.9620782362635	-29.9213667279985	-30.8036186540901	-32.2716151212617	-25.1822990479325	-26.1437302313402	-27.3932511657024	-27.1710818167718	-25.5627435774279	-26.0691202062210	-26.6419927277133	-27.3197919231702	-22.6390786041395	-22.3265949193990	-22.1702991129945	-22.2668386614914	-23.5169392896033	-19.0910227152056	-20.8317229085558	-23.4684250756340	-18.0971639816456	-14.8907770978864	-14.6287307820030	-17.3013371495465	-16.5551786673355	-15.1081040113544	-16.0373884994877	-16.4298222699101	-8.46140063305756	-10.0224072821057	-8.95629868341887	-10.3390989981680	-12.9955996481768	-9.15920167459433	-12.5428022248965	-9.55724514101715	-5.75939491948769	-7.65949672500671	-6.40780372165189	-4.27009280854207	-7.49581130705884	-5.28490483673920	-4.62036307951789	-6.01909303084452	-0.0825526873521754	-2.51840594367491	0.373701577560938	-0.154018298505836	-1.71508143921568	-1.88529209545046	-0.565536630109720	-0.642905398036068	5.38056732657831	3.00271188573739	4.13593266111140	3.60734949477032	1.74556884003838	5.84740710062492	3.09963976177011	5.93131183136044	8.18001589993711	8.48917882597281	7.62180573434079	10.0427659289845	9.88517199821995	7.71270493872574	8.25426321269969	9.15168536211140	-49.4834538226164	-50.6670446690261	-49.1118930178774	-51.0530139210515	-49.6934231544082	-50.8754425066698	-50.3395298667160	-51.2118820421667	-44.6108721410014	-47.9404460522554	-44.6071654486038	-48.0793830068927	-47.2580948854916	-46.8064834195084	-48.0921009485236	-46.5672563414074	-43.1664989821700	-43.3767484598652	-43.0918171851058	-42.7978160988348	-43.5626864543297	-41.4151834343586	-41.7120147290520	-40.8759474178591	-37.7701309168890	-35.0147512159842	-36.8036901527118	-36.7908939821335	-35.1273123139846	-35.7066435139125	-34.9585239882712	-35.6242773553727	-28.8908730447604	-32.8471251910018	-30.5258486567048	-31.3849793474627	-31.2274160966685	-30.6640898030065	-32.7847800676860	-33.4841163943570	-25.6021525484477	-25.2947642411228	-27.5735375594518	-25.4829482265086	-24.3294252255236	-27.0164289333304	-26.3248528668955	-26.0569409144063	-22.4570401019411	-22.3505484736759	-22.8973949545444	-23.6935365676334	-21.5330721882588	-19.4648145340137	-21.3707958037515	-21.4442702875860	-18.0587722789708	-13.6069462351426	-14.6638127782651	-16.8198622249468	-17.3838885330552	-15.6728974865553	-15.2321280152864	-15.7078006523855	-10.1019028901612	-11.8308522118783	-11.2703537191218	-10.6267124858171	-13.2768988637922	-9.95858695620585	-12.5745752341158	-11.5325903056542	-6.52284164820397	-7.64797943879918	-5.50331032155482	-4.45184788633020	-6.60775094892568	-4.34369268835651	-6.19338218166482	-4.26487395348412	-1.17960285124772	-2.60257238262026	-1.56879373133887	-0.828837365540421	-1.91286614360806	-2.74812455031428	-2.20651186847505	-1.15328185257328	5.23550443430313	3.02740524874596	4.81723022509048	3.34978879057510	2.83132456567507	5.34103177987945	3.78568369947778	4.58751846262644	7.92536310575576	8.33501564165160	6.98688798089561	9.50565355465250	10.0024146193457	8.09583187763365	7.86767511367297	9.24590001251471	-48.8977469610780	-50.3463649741134	-51.0925121413969	-51.8797727827594	-50.3733540148224	-50.6097793461616	-50.0384311090619	-52.5278127306706	-46.4218155949871	-46.6434355699749	-45.1603884413693	-46.5054688218760	-48.2877839491035	-46.8257525039144	-48.1054126136273	-46.1214854595008	-43.0621267879250	-42.4389588491881	-43.2466404661975	-41.4693176614091	-41.6571716166097	-40.0002163186512	-43.0063199079150	-41.9006891161219	-38.2610815026261	-35.6772611420858	-38.8359147396679	-35.9501567115000	-34.6048320894536	-35.0646200713347	-34.6995548067732	-35.5270922103954	-28.4524665647803	-30.8726179090765	-29.1861518010881	-29.0902553781042	-32.2475039804958	-30.4023098610119	-32.2410237656756	-31.4856961441291	-25.5414741326802	-26.9745964004585	-28.0539041732806	-25.4147076577654	-24.0183543709577	-25.1119397374543	-25.2005091201307	-25.1448027969452	-22.5753599826647	-21.8760370132609	-22.8487648525176	-22.1918190857975	-22.7691484055563	-19.3229490051306	-19.6892501943595	-23.6117082760218	-17.9463410399502	-15.4479455505676	-15.6224836975863	-16.2050709320992	-16.1247524837184	-14.2172088315828	-16.0207717056479	-15.0415180920873	-8.34354951985505	-11.5485828938187	-9.75140547102896	-9.21709086246785	-11.3396117328770	-11.1620805285296	-13.8278854385708	-9.77295647820152	-6.61137738426637	-6.34813990832744	-4.43393062840292	-5.72961885620873	-6.05896878667745	-4.71303601313763	-4.28054992906311	-5.61110029194395	-1.31503144071533	-1.29796559344261	-0.760657919540483	0.277169303348237	-1.83051706082666	-2.16697694880536	-0.885421527175316	0.344089100599048	4.87799478716036	1.83401858424751	6.24062081714127	1.71260887000756	1.59123122280186	5.93727975359428	4.18244058268593	4.61147894890960	6.82790453294287	9.30065747462486	6.68834512135382	8.16101566432432	11.2502497988730	8.55436899866712	7.53308435050090	7.95570864470143


seedPosY:   -397.219641019944	-385.423080314917	-375.554174827113	-367.463654115003	-356.398742281081	-348.024805231405	-336.141691729976	-327.394185665662	-392.152499247150	-380.167940805477	-371.799165591082	-361.323736190977	-350.995693230553	-342.238151388103	-332.058758457714	-321.139388929776	-398.369335794522	-387.633248106788	-375.246059816161	-367.886478872505	-355.511337743317	-345.448613575987	-334.835507269885	-326.437947545990	-391.934352068060	-379.986603074098	-371.184470561855	-360.252064730336	-353.394863420516	-341.195167253338	-330.233372319015	-322.407629670139	-398.044720363511	-384.867850333671	-375.949092364125	-365.631923994420	-355.834963361531	-345.251430559567	-337.349198679747	-327.277008569430	-390.873078888884	-380.434656056395	-372.828261222078	-360.056242433338	-353.298963408384	-340.684758209611	-333.085672575380	-321.621574214801	-396.271587173081	-386.147890975264	-374.559486703694	-365.076692133159	-356.943873240319	-345.160096372248	-336.778632953112	-325.254745291767	-390.711278807114	-379.815200555400	-371.198793546375	-360.796253039457	-349.885402316438	-340.300545239473	-331.524301527159	-321.631569951466	-397.183632055581	-387.141730587645	-375.718587252705	-367.742803787631	-356.837869953030	-345.351729015032	-337.066475241072	-326.596959474650	-390.749557609967	-379.126535773520	-371.568855896225	-360.214016474002	-352.457220833489	-341.491684616512	-333.588575831180	-320.502993802891	-397.354549709687	-384.701745975107	-376.282332567087	-367.748430581368	-354.617817407764	-347.804257676505	-336.496120549442	-326.206816477089	-392.978163054562	-380.911663347192	-371.646294356153	-359.158208426647	-350.361096281144	-340.320240046557	-331.227625853985	-320.711304173401	-397.870463283265	-384.010853164576	-376.435505425109	-366.572597775374	-358.351136936351	-347.199881990355	-335.877243646771	-324.569351611126	-397.316165570396	-384.387917392458	-377.413030136448	-366.631537047523	-357.753123272854	-347.209641878146	-335.847308722973	-327.579137387774	-391.053435967490	-381.999562839985	-371.314467375382	-360.355015128184	-351.869597418812	-340.946178283425	-331.239499903454	-320.849239384806	-397.466769501407	-386.319521381103	-376.593990918511	-365.747719230353	-356.314014782159	-344.107282013038	-335.852551445396	-326.296237948230	-392.401931712389	-380.244393422415	-371.257722794887	-360.568484194731	-351.297837274004	-342.823348682470	-330.194799264358	-321.153379579496	-398.325519105263	-387.064955239752	-376.693812487312	-364.230954652120	-356.280810098598	-344.731897358030	-337.119431341287	-328.923157896842	-390.978930157551	-379.264171162878	-371.263071115893	-359.281565780663	-353.487111513034	-340.633908070893	-331.698183669886	-321.597750193544	-396.547126477518	-385.951133518884	-376.072409436690	-363.712283945119	-355.296993217482	-346.790892653663	-336.733746831990	-324.601600819434	-391.775340686205	-380.816931689392	-371.837250379899	-361.974725347539	-349.397718310536	-341.708451076933	-330.529929078462	-322.559678648035	-396.177408203259	-385.116457460478	-375.815151792702	-367.299220336713	-355.949750687101	-346.348644828906	-336.782931242913	-326.341557760305	-391.907010590569	-379.910021335564	-370.083011358449	-360.814532444681	-351.702426391157	-341.140316848198	-332.067961203523	-318.871744192219	-398.222150899031	-386.107331244831	-374.799062729038	-368.407118722574	-354.106929733286	-347.845069771371	-337.748512558664	-326.308057690640	-392.017738216783	-379.915922904167	-371.973876598175	-359.569819650105	-352.131789588570	-340.120569082475	-333.418195131395	-320.646580605507	-395.792884981123	-383.769246682171	-378.389493488486	-367.170228768435	-357.430743542629	-346.921055858693	-335.011785449625	-325.590633836667	-398.413102042970	-385.055441668690	-375.927089713737	-368.496234739268	-356.972225797003	-348.036075107040	-337.878704307039	-328.043628099895	-392.716612456677	-380.606802389577	-373.054895658063	-361.793944046406	-350.907036763929	-340.329458490648	-331.926065969369	-320.628413196437	-398.271750300037	-388.592516830521	-376.048466549471	-366.491634008408	-355.118568346001	-344.001701137884	-334.523633318129	-324.982293180469	-390.902622230517	-380.764129295594	-370.105955363908	-360.135621218332	-353.089239550737	-342.646447543910	-330.543416546816	-322.144149795401	-396.427235138790	-385.105382966505	-376.031040775798	-365.835456459052	-355.500302841297	-345.050234505308	-337.518436342392	-327.544063515802	-390.518457214952	-379.430997924827	-372.979063692995	-359.165524495948	-352.133356404401	-340.917386588356	-332.716783160613	-322.066354134170	-395.263252942155	-386.864146349695	-376.117169507614	-365.008743790198	-355.336337051284	-345.704365111878	-336.097215382757	-326.843101279103	-390.389010900382	-380.997446541446	-372.813762848721	-360.837960199396	-350.424404131003	-341.877106885975	-331.838312490389	-322.516803780099	-398.257382427897	-385.415209297346	-375.826652608354	-367.652616136673	-354.997389008427	-346.950489987152	-338.827432711301	-327.341323812225	-392.752193459470	-379.297355499190	-370.996934966437	-360.574866888560	-352.701918230747	-340.128323927108	-332.704671378853	-319.368893442411	-398.270528297621	-385.558061131761	-375.165156072585	-366.396220055534	-355.648935900167	-347.930644514696	-336.153872789617	-325.256454755566	-390.864407383134	-381.569673065388	-370.275284399062	-359.380164157674	-350.769277590896	-339.861668873974	-333.249849066765	-319.662060722395	-397.749134978172	-385.671877700431	-377.673131870827	-366.543365588203	-359.049359041603	-346.512270778217	-334.101800047360	-325.807097778077	-397.724820989784	-385.946103159607	-375.405255425676	-367.591200153912	-356.604568130844	-346.944978798598	-336.543584781004	-328.550095583943	-390.898584042048	-380.080459775833	-372.617684829340	-362.793051884321	-350.617390609867	-341.161397430360	-329.749035893122	-321.857885726814	-398.071833545769	-386.737754139744	-376.406347105883	-366.537986511072	-356.694788077168	-343.882953508724	-336.179795017345	-326.073427253475	-391.681159628538	-380.113569590314	-371.708553951660	-360.183149315726	-352.704575881169	-340.682622003623	-330.877905416682	-322.425816192746	-398.435065448925	-385.480238440249	-375.631275175731	-365.041342194727	-355.274539702379	-346.355432244670	-336.819943315647	-329.066386129175	-391.164275558951	-379.035699949072	-373.219912306833	-359.602971560774	-352.932143810628	-340.994576099903	-333.387947423037	-322.201375322238	-395.411083628107	-384.977725090094	-376.999907843175	-365.329808152827	-355.995876082961	-345.245042402963	-335.627460216240	-325.633244009625	-391.105263615926	-381.120422196069	-372.732114427711	-362.608634183642	-349.300926915444	-341.433940976581	-330.430074457603	-322.304255852715	-397.157529905930	-386.185866325633	-375.500721921818	-368.603894920701	-356.393479755142	-345.162428927020	-337.804821788109	-327.899294247441	-392.140295978343	-379.475562971020	-370.594300087571	-361.018717994181	-352.044882303196	-339.831072817503	-332.220930228082	-320.005754754554	-396.601678023537	-386.045972337323	-375.038206421289	-367.621137792951	-354.644661786954	-346.429853535769	-336.158035336651	-325.954881234336	-391.749338660860	-381.959326399661	-371.855627895661	-361.135419050334	-351.318289721707	-340.672118253500	-332.858756574303	-318.706893412111	-396.519139303952	-385.288479529914	-378.429046971640	-367.051680536042	-356.949256710388	-346.760248582076	-335.372911037893	-326.359090676357	-398.072874731714	-385.644260081169	-376.096990819231	-366.175975915542	-357.021095263996	-347.178962297966	-336.475319477025	-328.108293134154	-392.502327661239	-381.644216628324	-371.577693691748	-360.518399270592	-352.361693092210	-341.382981297041	-332.071451745659	-320.743521147878	-397.748651801178	-387.723972575047	-375.413403817682	-365.777511409524	-356.572415475476	-344.829279093467	-334.949713620188	-324.838468908981	-392.400962901435	-380.502402589872	-371.384561053068	-362.149426305734	-353.525387005175	-342.657231696007	-328.882972107153	-321.923236938454	-397.430949418326	-386.782952205276	-376.390868703853	-365.120686136213	-354.541315109086	-344.699539921504	-336.613362603829	-327.286134147418	-391.271429219393	-381.493964141687	-372.496883642813	-358.853838585467	-353.094358887592	-340.975456388217	-331.879909172794	-320.820313755862	-395.198847569785	-385.688307708425	-374.986160488965	-364.332091108625	-355.086670108402	-346.452464965359	-336.048633236623	-326.263351945223	-392.476446646409	-380.617206146251	-373.023060812790	-360.714527020345	-350.675969901640	-340.533864636494	-329.547149544534	-320.589149258755	-397.488906616439	-384.900985189399	-375.746404554349	-366.853338901273	-357.294278887408	-345.207346789056	-336.962546375492	-327.259570695085	-392.659857982388	-380.551599824359	-369.528057106396	-359.980278970285	-353.112111707658	-340.519781890955	-332.210940089418	-321.081225956668	-395.798126429003	-385.088741127190	-375.675602202095	-368.477896528474	-355.738442824649	-346.213546949869	-336.341088262246	-326.576788067988	-391.947648207251	-381.705370032022	-370.511736537287	-360.724403182867	-351.554257399193	-340.672362336915	-331.227883285738	-318.664688693089	-396.402517656136	-384.868252499599	-376.629504578170	-366.903712347624	-356.963870143630	-347.540675549943	-335.815348389340	-325.150971369810	-396.864068938396	-384.935172191008	-377.751757275251	-366.372174311090	-357.001292050535	-345.751922352662	-335.848763866224	-326.897924354178	-391.314628267199	-382.353404138307	-371.735132137682	-362.636904960883	-350.672344442701	-340.864112239231	-329.771714876721	-322.203559157490	-395.969776029212	-388.064342871499	-374.827548637583	-367.751524411710	-355.306302826310	-344.008690054411	-333.911590109948	-326.192109220917	-391.788750649106	-380.214433009491	-370.211032807655	-362.438170112379	-353.096479743120	-341.773681389611	-330.484807305867	-321.544013103606	-397.427926185064	-386.183253355199	-377.764376470476	-365.982617009886	-355.358387008713	-345.830455224741	-337.660838694506	-328.392845423816	-392.868143795160	-380.192768314163	-371.864154310089	-359.815566742780	-352.283430128759	-341.231287021880	-332.103188343386	-321.498337339522	-396.810127672609	-386.095631565941	-375.851926357959	-364.558829850299	-356.491210369423	-344.705495312713	-336.626013416863	-326.725412681911	-392.691388445713	-379.271172278901	-371.907041893834	-361.569949476162	-349.588505345271	-341.372893314943	-331.843031339068	-320.497340571584	-397.472886911061	-385.590206624817	-375.354938430127	-366.177761999985	-357.409651246102	-346.544631128660	-337.979282309148	-326.622863017832	-390.750580982986	-379.598038661570	-369.487392558936	-360.266711349811	-352.139149453577	-340.739207052031	-332.569244240246	-320.081778863359	-397.383937004065	-385.975672195374	-376.409763944596	-368.158044765271	-354.689019934419	-346.482659033410	-336.044487948323	-326.091045627384	-391.198282071579	-380.813475669486	-372.395271204438	-359.025594026268	-351.466714005516	-340.375124553267	-332.345399757261	-319.743807895071	-397.896374518379	-385.500477376943	-376.885581982990	-365.836368743891	-356.727286757239	-347.977735833206	-334.384862744476	-326.511709186941


seedPosZ:   61.0357870623939	59.0734061122656	56.3564906167184	58.4341447204805	58.9190995446664	58.6797337272057	57.8149870993580	57.1018170702127	59.3757265643314	60.1066839332569	61.8129691173399	58.9125828439784	60.0061335235264	57.7505823372664	57.3548075776694	57.5200501744454	57.3916085871243	59.4381190906645	59.3989006434527	58.7150334744299	59.7585534741200	60.3778909561286	58.5510531926880	60.9246533860225	58.2426679027990	57.4850708801153	58.0776617821807	61.0601585293984	58.8812931498751	55.0173983257147	57.5398569251671	61.7873601362822	59.4558402708513	60.3720101749777	61.9245359596231	57.7004240390326	61.6796512598907	61.9138836412255	58.3870872821922	59.0470994998960	58.1895167310525	63.0678553409229	59.1498547670949	60.9500656655470	59.2868724524477	57.1983986579064	57.8658357573210	58.3383245916791	56.0841137044043	59.1691297615667	59.8187563368860	57.8296065611548	59.2516380763206	61.4257754277442	60.5182084350467	58.6626910654896	57.8704704857020	59.3857446943604	58.4683484398860	57.1109266302116	60.3535388906733	60.3591431217145	58.1426094818035	56.6825131235866	57.7621861103348	57.5067682782149	59.0627909168955	59.2831821860978	57.5133304228853	62.0123660565559	57.3864502800607	57.6458445170327	62.4939126337696	59.0519156382653	56.5244835944987	58.6931415307784	62.0123936102789	58.9330752237482	59.0501572812085	58.4555992949266	60.7940087095608	59.0510555776437	57.1585827065852	58.5085286671263	61.6520293273352	56.8446258306478	58.0042592615612	62.5195342033498	57.5131652751472	60.3930151481101	60.4669577933002	57.3454403218983	59.3520591095914	56.0044639247688	55.4516033875374	61.1122529376561	59.7908620016495	61.6805955410169	59.3708675556501	58.7718198368616	62.7858546348903	57.7917545658629	61.1662886338370	59.0692809723225	70.2209576303627	71.7543939856020	69.5801873566121	68.0861272136051	66.6927301179395	68.9392602724713	71.1233097758418	69.2591529465578	69.2995059522090	69.1209131321002	68.6702817829948	71.3781250298122	71.3919993514131	67.5183943257347	68.9093822176875	67.2029982571152	70.1926095494637	69.9921213845921	65.9893536439441	70.8798747114996	68.5540267433664	70.3345044147069	70.9413889406905	67.9939669713547	67.7479207619555	67.5810719386287	66.2451322592688	70.9547214478373	67.2036987949770	68.7494062393820	66.9590295800855	68.3920941601027	66.1563365221745	72.3252557321092	68.7368175136768	70.4434643104550	68.2290387393383	69.8150528954957	69.9327603557726	67.7299628171694	70.8608114098303	71.4073076477361	69.6193358603741	68.0568275597891	66.7303119474790	68.4234760420840	68.5593001538443	67.1964370481315	70.3456249064594	71.5002424977584	70.5173233503738	65.9866956174789	68.7078594142960	67.5473294823806	71.4078259222709	70.7567525505313	68.3912874209088	70.2806628622681	68.9767344552664	70.1515099003376	66.7694967311305	70.9441359549074	69.1810713094660	67.2872512385160	70.8013847322424	66.5708339504410	67.3687562075142	69.0781118184900	70.4829258639320	71.4596052606475	71.3366559559182	67.6761858512707	68.4680426226950	64.8257344580289	67.9687752243782	70.0250855879178	71.2841087432595	69.7626464799285	71.2995279762629	71.7218857012783	68.9142619369086	69.1078914841100	70.5481493378349	68.4956753424360	71.0210482659641	71.4416334063387	68.8532089528098	69.0177379370062	72.0608883841795	67.3061626173118	71.5081735712888	70.4690765506797	68.4276108886769	67.1744089308205	65.7679337968454	67.8291655241870	69.6459078795705	68.4514282815767	66.5008748931269	67.1535422599808	72.1645029858651	70.2366975375343	68.6792607945574	67.6192487919336	78.7496867021226	77.5174730614097	75.9958083421040	77.8787096283460	77.7351242068277	81.0036475546404	81.5377910336851	79.6593652972901	80.2967346714013	77.0604180859810	78.5446876728756	79.1139508878935	78.8298689054997	78.0648186289375	77.0926503992768	78.2283756973882	80.5972413804235	81.6500321187151	80.2340565848692	82.1327895162121	78.9734189158108	78.7503124879591	80.0094890596269	81.1621974461001	81.0943099379070	76.9597594464191	78.8692268321073	81.1927031944188	80.1777716563540	76.0836738972168	76.1641721242986	79.0614923438810	75.5078080281774	79.3970291263179	82.5392766645282	77.0500579038209	78.8347415149021	81.0871176091567	75.9721293865330	81.2782979711850	80.7601291416231	82.1395705156632	80.4614460591224	81.6083925516821	74.9659745785588	77.6615268691539	80.3863381100652	76.3645312165821	77.1451066222388	80.3035335135430	79.4429229902079	80.2775853927979	76.8214896610078	77.8902699976664	78.9002925691517	77.1190832814432	75.2758300552816	79.9065069419383	78.7038406499906	78.8263068495510	78.7523746688128	77.7809003073108	79.3519934229802	80.2455892140824	80.2745282239828	78.9237361009861	80.7566131354537	81.2377495648045	78.2643606811315	79.4746976554550	78.6725057209857	76.9241732119151	79.1687027466506	76.4783669583752	76.8154471735339	82.4500189651833	79.8077273607302	79.1345854955277	78.4201687083288	80.0833182022983	78.0540312000774	78.1763319504798	79.5039156827030	81.9079457995266	82.5870864779048	77.4263811153214	79.4753695513325	79.6530637446629	78.9031934456978	80.1606922210542	81.4229343277139	78.6420013208231	78.3093715616135	79.7493410713912	78.5800398918588	78.4784381448916	79.0451124928229	78.1749275373419	75.2992084982304	78.9065316139276	81.2021468893090	79.7233356416694	81.3097473409471	79.3815869077308	88.4059246141817	91.8366967151850	85.2177479958906	89.8264551005119	91.2313755109857	88.7008857916188	90.2455067820990	89.1424084115891	91.5640663655031	87.9769535359396	90.5970928446200	89.0142571593706	89.0431241660955	90.6851445034988	88.4615829430846	91.2168043995605	88.4478346335241	90.3840616247938	89.1220712980733	91.3208239053039	89.0406932236705	87.2372632242512	89.7075110420908	92.0534351842241	89.9411620624015	88.5237055053878	89.4975530011009	92.6316859858007	88.7837853833668	88.7287694414239	87.7218830201175	90.9558466670306	85.3467495178555	90.8996954834664	89.1391890165317	87.0890090892753	88.7186114289998	92.3055976642835	89.1750242502764	90.5816744082213	91.8462284912008	91.5423780575189	86.9854342125490	89.7466929770967	87.2465313844280	87.2288007435578	91.2341855708249	88.9356595706694	86.7363465176954	92.8571906680970	90.1408890526010	89.7074593436603	88.3962857154174	90.7338744954986	91.8597671489759	86.9294165672335	86.1283724862121	89.5240312398682	86.9225271888908	88.7195561669847	89.9520820129448	87.0784995613071	88.8353013911193	86.6873114948763	87.9180361356362	89.8657648460634	90.1085265207201	88.4294549641714	88.9776318768852	88.7033778480078	88.2300168628964	85.9043728387177	88.8263992875430	88.6495952500913	85.7106127135795	87.9935544041828	89.5171438577836	85.7395857460253	88.5077755189518	92.7736878029958	89.9688395618893	90.7464240309050	91.3873512299481	88.2963695527082	88.0699151563552	86.7766755694467	91.5396302186679	89.5128303342711	89.6121208932552	88.5715670025553	87.5719893822687	89.2123674537565	89.2362214322402	88.0035926523632	87.2279635085250	88.3176278087948	90.2151476700169	91.4437896848260	86.2269129905701	89.9603425637230	92.4373977369178	91.2531252193606	91.0480052312671	91.3437982475908	97.7627091816670	100.024727867180	100.072493703313	98.2446536459734	96.7854729786896	99.0761058157538	99.3333985785233	99.8860888148732	98.3547286455484	99.0624835753230	99.2627154559152	101.426748441489	98.5398669182771	100.108058039436	98.9675081137083	98.3475564196907	99.6740488326228	100.864931747404	99.4056573095948	101.754464656254	102.781379596741	99.5887322649994	101.712687912093	99.0178917242878	100.758286033222	99.9723523056042	95.9707214906555	99.7550024453275	101.677141073835	97.9588331662950	95.5785533319553	102.376647093868	95.1483640347550	102.314955408748	99.7965104473001	100.172155685249	101.859821417070	99.8673584234929	95.6973374581868	99.5080437530909	100.070785058905	101.112372666103	98.8606889201254	100.541114122016	96.8418026501451	95.0821511777801	96.9356677628153	100.925164423347	97.2489451110776	98.2446644706132	100.808223053463	97.6002497652091	99.2888356144415	101.186541925950	97.8597315080512	99.8511071141454	99.4458519855016	101.332544243331	100.763572587098	99.8363919711408	100.475466031160	100.922600972545	99.5716059403461	100.026705305834	97.5627763320837	100.368392426444	98.3924174131062	99.8094672252642	100.964719855738	98.5572004561161	98.8329124668605	95.7255078590242	100.572343095704	97.7671629665109	96.1335394538137	98.0588653820845	102.134833548033	100.185511185876	101.656171527776	98.3090643593446	97.3772080564832	100.343050904430	97.2570737655023	102.311481452305	102.709668128981	97.2411520730672	101.061968050776	99.7433447280329	98.0860559910356	100.397911284870	97.2104259076243	99.3005071599924	99.5738213799220	100.555444256859	99.8522874673817	98.7764292310649	100.533244377363	99.8775195264121	97.8684891189259	98.1637068306195	98.2357856189494	100.526791235283	102.654650635730	101.789365972014	109.607046650962	108.677751502507	105.731055153175	110.704264715901	107.842863589569	108.009660352851	111.367718798801	110.509350422810	109.445476245472	109.558962895619	111.560374530938	112.158016551875	109.317091292715	107.193422113269	105.524079781512	109.237077939387	110.206968120223	110.963743621327	106.994627676959	109.846227747301	108.685011318113	107.530522126360	108.585335818071	109.185742788582	107.690152840812	107.358835900792	105.198334229233	108.948282384459	109.057791633287	107.063773349600	105.588319342028	108.378013778662	108.182295730339	110.397095266145	108.622269592266	107.663428016803	110.558220131797	110.018254456470	109.454537588732	107.562601522328	111.741505236940	108.856430440176	109.638267922357	112.140068522108	107.236686550971	107.203066259567	109.545288143406	110.766544106502	107.344266657457	112.692292905681	108.392680554017	109.742727750171	107.014633902091	108.621979093378	108.451410206445	110.750750754869	105.191936574273	110.290677830073	107.595026665808	108.838985291490	109.517996330320	106.961470294211	108.909526588882	107.022657779995	107.159216476834	109.159987374674	107.950222577232	106.976033785559	106.426889775339	109.890540789047	110.646754019745	109.864394508041	110.035105183629	108.170668767719	107.560909193617	108.608080450537	110.940889974456	107.733418542999	112.238246053004	111.091098495119	109.167547890552	107.946735742450	107.357453262646	110.566542534480	111.498888035550	109.743549291947	111.406083778266	111.498680844724	108.431692111292	109.479262006177	110.070078990273	111.128575905079	108.237569680959	110.083926093822	108.556525550572	107.776069399655	110.605126033623	106.778223387810	105.457724363553	108.264505722448	109.026165692854	110.551024461346	110.576665770165	111.083514827440


objFunctionValue:   656.091541506950



