Dataset 6


dvh_array = np.array([
    [ 7.78, 2.85, 18.82,  3.17, 12.55, 12.16,  3.50,  3.39, 0.00, 0.00, 0.00, 0.0000,  0.00],  # Rectum
    [ 4.91, 0.50,  5.67,  4.21,  5.64,  5.62,  4.25,  4.23, 0.00, 0.00, 0.00, 0.0000,  0.00],  # Penile bulb
    [ 5.44, 3.94, 59.48,  1.96, 16.54, 12.77,  2.43,  2.28, 0.03, 0.03, 0.00, 0.0000,  0.00],  # Lymph Nodes
    [ 1.29, 0.87,  4.67,  0.30,  3.74,  3.20,  0.46,  0.40, 0.00, 0.00, 0.00, 0.0000,  0.00],  # Rt femoral head
    [13.69, 1.20, 18.34,  7.77, 15.63, 14.99, 11.20,  9.42, 0.00, 0.00, 0.00, 0.0435, 25.29],  # prostate bed
    [12.40, 2.05, 25.49,  5.58, 15.59, 14.78,  8.31,  7.02, 0.00, 0.00, 0.00, 0.0000,  0.00],  # PTV_68
    [ 5.77, 5.68,132.05,  1.48, 18.44, 14.02,  2.01,  1.85, 0.34, 0.21, 0.12, 0.0000,  0.00],  # PTV_56
    [ 5.74, 3.89, 23.16,  1.04, 14.23, 13.58,  1.53,  1.31, 0.00, 0.00, 0.00, 0.0000,  0.00],  # Bladder
    [ 1.24, 3.39,784.20,  0.00,  9.96,  5.17,  0.00,  0.00, 0.04, 0.02, 0.02, 0.0000,  0.00],  # BODY
    [ 0.96, 0.61,  3.27,  0.12,  2.63,  2.29,  0.31,  0.25, 0.00, 0.00, 0.00, 0.0000,  0.00],  # Lt femoral head
])



templateX:  -51.9517883680628	-52.0266960533838	-49.6256831583698	-52.3749847214842	-52.1186326827244	-50.9065716071435	-50.5590391031641	-51.8995875313079	-46.0648436416456	-47.1286748488307	-45.9201941247780	-46.6230679833845	-46.1844288000875	-46.3620897094356	-44.6296126175953	-44.5924402923578	-39.9286288555316	-42.5445700495238	-40.0122235624158	-41.8933245391631	-41.0542592064705	-42.5394173410435	-41.3197249740972	-41.8431389791076	-35.7436492333230	-36.6446902611540	-35.7604184297480	-34.9137685784912	-34.9112665420468	-35.9870004313764	-35.6638280114049	-36.7940139579158	-32.6272337708103	-32.8588674063977	-30.6694043053843	-31.2158638526279	-32.7374639445308	-30.9730928391297	-31.6999948599275	-32.8291001887234	-25.6437827720707	-25.9762280860259	-26.4476856818805	-25.0834228601238	-27.3448190491492	-25.2672085462882	-26.1940093197934	-26.4286889130504	-20.5155027172334	-19.4196635409364	-19.4590710251258	-19.4063509153855	-21.0801668845463	-20.5735286425030	-20.0631494170038	-22.1044192214700	-15.5507523773368	-16.0848563747439	-17.0551445013977	-16.3655752291342	-15.7206070947891	-15.5783422817028	-15.6138182113496	-14.6809434841855	-10.7747903027623	-12.7004223811555	-11.4463523598824	-11.2442848419685	-11.9095963328285	-11.9506748249167	-10.8586657161354	-11.0260233357439	-6.64286460877645	-5.98113580386776	-7.58160423501058	-6.89612818688538	-6.17850811689591	-5.94014838919898	-6.42533745659639	-6.11071761093159	-1.51410495869478	-2.37933571078783	0.196251238951695	-1.65853385359350	-0.861693587880243	-0.840540063538509	-0.695874358831778	-0.783348891789407	4.58017338551290	4.62518630377932	3.54389092769413	2.74972844297205	2.18382042770742	3.52061882622116	5.13090837428191	5.16218489174117	9.92181783619311	9.01252844832947	9.51415646199659	9.47653882171686	9.94361620491998	7.55725986946214	7.69417169921149	9.55612170332677


templateY:  -396.645106119554	-385.671208328844	-374.971163635836	-366.973493189726	-354.841535338197	-344.546617157664	-336.281107585321	-326.733731009177	-392.323209623056	-380.040075253262	-370.053407226746	-360.467739584295	-352.092140421988	-341.708089895874	-332.699645655983	-322.293918861340	-396.502596246232	-384.749342681363	-375.553368885188	-366.723264020441	-354.989242244843	-347.027788053646	-334.699619104847	-326.855236116398	-390.694221806622	-380.051762171819	-372.763461294425	-359.797803871909	-349.415511611659	-340.602866253460	-331.550072096915	-320.315994590410	-394.655505311987	-386.141614429509	-377.242640150896	-366.218466937476	-357.625461036416	-344.668355093725	-336.084116428049	-326.984424567035	-391.459428815274	-379.518338744292	-370.575563755681	-360.182823799185	-352.474504109590	-341.951439823428	-330.036034271994	-320.220019739015	-396.394260203507	-385.461661114574	-375.468742705110	-367.235735689669	-357.832602278336	-347.776221823373	-337.520225461032	-324.924708807701	-392.513060546256	-381.753002910178	-370.320722822007	-361.594805179607	-351.089758262246	-341.969479467519	-330.855631490647	-321.238973561705	-395.316642921135	-387.508169571211	-374.446399804863	-366.421570257915	-355.093466740614	-346.367399852118	-335.038167938065	-326.178941926872	-390.988986345147	-382.837097007969	-370.757038354016	-362.071547550501	-350.460155136548	-341.065911810615	-332.188196619552	-319.938886759425	-397.534277850066	-386.927221582095	-376.316178237958	-365.866937910600	-357.499715034425	-347.488831075131	-337.819498636541	-326.386468308418	-391.823719150816	-381.923472787208	-370.580341425728	-360.194058735847	-349.688509606541	-341.198873337398	-329.816386425668	-322.584656881997	-395.515949090801	-385.285841875161	-376.527967985132	-365.569175403820	-357.807347424485	-345.781400252083	-336.704903782627	-327.476227199039


templateZ:  59.4590809584638	59.0218824987918	57.7420576062351	58.5069373370575	58.8437647101556	58.6537829487889	59.3449737904504	57.6557515321747	60.3737697997076	60.1667692745553	58.0507519306247	58.9028704340552	58.8377490624617	57.2665597830599	58.5374923391456	58.4458240115970	57.7052966850189	60.0944459729279	59.4059003852537	58.9368789163217	59.6446612618381	57.4055423767770	60.3680907546077	57.2402619004423	57.9139459999987	58.8706472494618	57.6191806024048	58.0037332633877	60.2997177352425	59.0031476933315	60.1259424922781	58.9525743527538	60.0946474764851	57.9556058982394	57.5265671555665	59.3862742530734	57.4976696196097	58.1205892229831	57.4656391368812	58.1232061916169	60.3145711683596	58.9196047474503	58.0481010494407	58.3198004254909	58.8411440013195	59.8926737433106	58.0199889404243	59.2865043689496	60.6072577710611	57.1685357935979	58.7268594928210	58.9443115365450	60.1917946122593	57.6506072104256	57.7693209822207	60.3756844455142	59.8657492317972	57.6798772699599	60.3997530492513	57.3500568465574	58.4529986295249	59.5433210705275	57.2187503759611	60.2269296492819	60.3291639343346	58.6559175791431	57.9198720051232	59.2532061980071	60.3599437449471	59.3458187995429	57.3130498440331	60.5938164596150	58.1558467509533	57.9615086056795	58.4717309467030	58.0350840522464	57.9076280715393	58.4096922699469	57.7312627334052	59.8096149262504	59.1641104507126	58.2234251363239	60.2862869078495	60.2643964059383	58.6429439226512	57.3684104974587	59.3785974432724	60.0553205633915	60.2842530421743	59.2916149817976	58.6086766978115	57.1418280870838	60.5164943875677	58.9787008740523	58.3138128757526	59.1927765546721	60.2406991778351	58.7083209439605	59.5509589055707	60.3232584081685	57.5111765885682	57.9032083050652	58.8298409173843	59.9151695159370



seedPosX:   -52.0990984184575	-51.0689432047162	-49.9786748177203	-51.7869570958765	-52.1283473897357	-51.4992980471003	-50.5293537692545	-51.9730445158494	-46.0318810612617	-47.7727715622286	-45.4202324645881	-47.6195905970039	-45.2248792458492	-45.4378091094621	-45.4603850300096	-45.6492984471259	-39.5048572574985	-41.3231706914602	-39.7081780988766	-42.3815102259883	-39.9154951392689	-41.6048294548123	-41.6199995731145	-41.3171360424547	-35.5810294775060	-35.4598656775131	-35.4240351769494	-35.6278870255224	-34.2260132804067	-35.2727518871768	-36.8398763024037	-37.1089812951691	-31.5658000305607	-31.6895625840580	-29.9559455940478	-30.5365336006123	-31.6166801205800	-30.8555067438143	-31.0772113017432	-33.6657650126549	-26.7254336733053	-26.1446266760113	-27.5725135511382	-25.7625284655735	-28.2248230074816	-25.4352136395035	-27.4311676756083	-25.4761941401779	-20.0467573460767	-18.4107029833967	-19.0993926487156	-18.8265426722473	-19.9957506911987	-20.9457138781873	-18.9282277666640	-22.5000101627085	-15.8104798826829	-16.9695947687372	-18.1163250085950	-16.7844820174274	-15.0927236238086	-16.2497464924275	-16.4591975335946	-14.5464620226089	-9.55590857723830	-13.5790510918624	-11.8148492501286	-10.7361348079725	-12.6648753799483	-12.5447145325528	-10.4866071467713	-10.5146636653898	-5.56528103951676	-5.54989105781148	-6.47047904937925	-5.80423016851936	-5.32282501505331	-5.60380671009310	-6.04226911084860	-5.60746540909104	-0.913404310649602	-2.45398205391594	0.298037160287465	-2.53158389052070	-0.200888893460781	-0.847199087118966	-0.885279893862705	-1.86255358476970	4.42625134678642	4.00488361822722	3.91230552475411	1.57532670729474	2.71657609392536	4.49170841647803	4.35983926517659	5.45807365905328	9.90154604676268	9.79812945738160	10.7046047504742	8.45840137524315	10.0167331380686	8.59434184565405	7.58921005098891	10.3845289184097	-51.8134638279354	-52.5091890682099	-48.3914073268804	-51.5832220140552	-53.2330682556042	-51.0708062072442	-50.1256917328396	-51.9212832765498	-47.0350012999147	-47.4498586380333	-46.9316885124996	-46.8151525591940	-45.5712324171302	-45.5886120337992	-45.2391875926284	-43.7226742231637	-41.0285343678777	-43.1427951767445	-39.7828918441451	-42.8866121735328	-42.2844258966771	-43.4975284888964	-40.9008134333723	-41.6750662055060	-36.0666954540183	-35.7325778567017	-34.7354928593371	-35.4492427403085	-34.9841959997511	-35.7301633542291	-35.4728303894479	-37.3649743186232	-32.2574331523243	-33.8191920014194	-31.8159016575718	-30.6566113660275	-33.7362624050704	-30.5052104833897	-31.0528936221529	-32.0348027948225	-25.4741066304215	-24.8116733562241	-27.2930244753649	-26.3072878285234	-26.4621435490988	-24.7128648819991	-25.1165391754771	-26.3674613598157	-21.2111979953737	-20.3929291100213	-19.0177993481694	-20.6052981114440	-21.7621604983757	-21.6232889762910	-19.8278166910191	-22.8989061869789	-16.3813171595936	-15.0586943297356	-17.9782587648493	-15.6260255018681	-15.2696226400887	-15.0482629530570	-16.7925054831062	-15.4426740258342	-10.1170475244742	-12.9846769207938	-11.3567252944268	-11.4746068126583	-11.2923510949818	-12.2156908495886	-10.8392873980208	-11.3189872865770	-6.06688715854988	-6.00846487520639	-6.64609014146213	-8.10370305185960	-5.40749574139739	-5.95150785691714	-5.93508665501880	-7.17006801914078	-1.80365203489385	-1.72822809559036	-0.816436166079123	-2.43693845742040	-1.08650013640015	-0.758641788653552	-0.212275084455085	-1.98426233706146	5.79624917531408	4.51538931145309	4.75117567979796	2.28746410044225	0.978846597570250	2.58809880444996	4.52105463056583	5.84396683127095	9.66673366378860	9.29390616069286	8.97254110950452	10.3913668940120	9.92657755587973	8.60347268361323	8.89112408864561	8.46551288615445	-50.7597913073494	-51.0412707946432	-48.4721471460838	-51.2547322627471	-51.5832336754621	-51.9496337793510	-50.8860005453579	-52.2436132870967	-47.0748868860375	-47.1571445116077	-46.8331025796804	-47.0397808851233	-47.4134490385337	-47.1598883195342	-44.5074145666520	-45.7096350121151	-40.8141390636845	-42.6564187392420	-38.9484335173988	-41.5519195749418	-40.4784395352266	-42.1713114639138	-40.3922021656799	-42.5209781010583	-35.9688863494633	-37.4083140186052	-34.8724104957161	-34.2148487761121	-34.3383523017402	-36.0915395249012	-36.5844348184473	-36.4479854355704	-33.2355520913946	-31.7637709932960	-30.4056158669124	-31.6781016958855	-32.9156036029444	-31.0606360996930	-30.8283544275174	-33.6326081435021	-24.7428310962537	-25.3249124945865	-26.1800187308529	-25.8039436901822	-26.5862232954437	-24.6647093078701	-26.4037821643634	-25.3110464414478	-20.5920671661290	-20.0526050742947	-18.2235535844602	-20.5487959285811	-22.3264316656290	-20.2766060588055	-20.5777517726419	-21.6026953519221	-14.9856901725763	-14.9543361234718	-18.0770136582356	-17.2016148468925	-16.9662467519493	-14.9188519986844	-16.5544464499945	-15.7357596263279	-10.7844704363244	-12.3299250912881	-12.6534777490533	-10.5645436159491	-11.4080121899805	-10.8384321156419	-11.7227642773435	-11.7189887190929	-7.44016521982978	-4.73833968183820	-8.53701968956118	-6.31757174258487	-6.03546322537026	-6.32176057914304	-7.14491748474775	-5.46188131608501	-1.29966234483102	-2.32518843473813	0.656787889447669	-2.64660441136634	-0.742445204533268	-2.07546609828247	0.253868675445104	0.0328905990347712	4.83088448709607	4.18092783491418	3.33025379501022	1.82130682025745	1.29280947352292	3.45023362644308	4.77924728812353	4.01507589700953	8.85835859771432	8.34367869555730	10.0854169388827	10.4644676727637	9.89786540010338	7.46535001632900	7.91822641594193	10.8044167564387	-52.5029499964111	-51.9561778740028	-48.9831689235182	-53.0622641449410	-51.1499775349063	-50.9156347198443	-51.5321974983138	-53.0699141954138	-46.0863166370718	-46.9018035582109	-44.9449920337663	-45.7972074293778	-46.6494644638366	-47.3079148308247	-45.4282315601475	-43.8169214164133	-39.7204879312718	-41.5343222688041	-39.1124493168753	-40.6483529718134	-39.9039011178514	-43.3386961873145	-42.1040663691339	-41.5552130673283	-35.6313508064905	-35.9930891952930	-34.8565203052880	-34.2911377696780	-34.8536296898888	-36.5347697122695	-36.0277462277868	-36.5291875266914	-32.4394112018408	-32.3067188410941	-30.7956208734428	-32.3152365883070	-33.4352619071261	-30.3658941323732	-32.9401722515676	-31.6115724260331	-25.9952268800384	-25.0431718668272	-27.3144949851280	-25.9321528952606	-28.2227211449636	-25.8869659466429	-26.3737877214686	-26.9597680033263	-20.3534717851052	-18.4035921294735	-19.9442646778101	-19.4333126247615	-20.1491418833401	-19.9943989687116	-19.5081332125593	-22.6110011825448	-15.2528700312518	-14.9527570374683	-16.5711686029314	-16.9820479224858	-15.4409511025439	-16.6130431510910	-16.3671568187765	-14.5733650659042	-12.0128550593433	-12.3737763775363	-11.2776446914551	-11.2419868552518	-12.5296118069870	-13.1189295898957	-11.9642923192328	-10.7576527057755	-6.77716061604358	-5.19672333890791	-8.21446928325815	-7.73536584263414	-7.27710330362915	-4.84036801019824	-5.53039106951288	-6.45979939012776	-2.55004301752172	-1.29634557957611	0.621186098987352	-1.47187029008184	0.207167738873453	0.261195674827284	-0.632872747615412	-0.291791457111785	4.74944804615900	3.44722754370286	2.73244126354814	2.83016508044098	2.68399558215997	3.63256910526252	3.93362755232097	3.93185394622949	10.0469501698917	8.87764705677847	10.4532439547167	9.68791409208741	10.8426065512129	8.14793593687729	6.72987026447944	9.01805083972918	-53.0344007470439	-52.4158619607282	-49.4503566853208	-53.2875524857163	-52.5295439465026	-51.9776351840730	-49.4166850574843	-52.9093611047484	-46.3557320881376	-46.7739640065177	-47.0030705447620	-45.5774297712051	-47.1229046239407	-45.7051830096933	-43.7435146126224	-44.3051895652495	-40.8966424031006	-42.6146969352701	-39.5571501587839	-41.8536581068137	-41.9749408106890	-41.6714498285782	-42.3993541655863	-43.0761638246473	-36.4494934904474	-36.4061970185619	-36.4654289980812	-35.3184606977709	-35.2387812108547	-35.8084121443109	-36.8419635481373	-36.7914608062361	-33.2581936685229	-33.9458593462095	-30.6191808003296	-31.4804776117351	-33.0634507876587	-30.6933431052668	-30.6368445064829	-33.1454628540990	-24.6343222299393	-25.9557267947080	-27.3599348814563	-25.8579823845109	-26.4503814393270	-26.4954971704745	-25.5189013367087	-25.3450586679621	-21.2908921873404	-18.2264197588914	-19.3031455649566	-18.9404619503837	-21.4800257297339	-21.0547889982295	-19.8936992352384	-21.5076911141529	-16.0356117231229	-16.6315385003735	-16.6286741913858	-16.8068630131164	-16.5100349741629	-15.9170507633326	-15.5299517041119	-14.7489560371399	-11.5322876332903	-13.9445784251793	-10.6351809642848	-10.2534935152498	-10.7553835785926	-11.5354393889286	-10.9869434691055	-11.7472360312991	-7.63384150497546	-5.87109334420737	-8.14141597021952	-6.77408372844337	-5.87722676616710	-6.72068925805801	-7.62994538619307	-7.16924087957591	-1.31115094091898	-2.60380927766742	1.08233561181247	-1.75738825206345	-0.889433108270005	-1.23689014043360	-1.50394407877298	-0.343861941885066	4.85800550453896	3.44598379669002	2.94169214847349	3.93283116094697	3.08072411329865	3.01938027198693	4.51894156702746	4.37873097856268	9.78331523290087	9.84254335028450	10.5086636688189	8.63516372103093	9.99536834129000	7.27573712198429	8.91129091353701	10.4153297883137	-51.4878156008485	-52.1718056521321	-50.7960737113100	-53.4117253199786	-52.3641188316528	-51.3653502944016	-49.4805243505364	-50.9841993205420	-45.0439876934295	-47.0620643207535	-45.0740954581837	-46.9985584045484	-47.0123589053957	-45.5846102875834	-43.7676815079467	-44.5717270362021	-40.9517755451501	-43.0495917030538	-39.9275071022825	-42.5632342643233	-42.2391886096322	-42.0532158544131	-40.6935024004742	-42.9587844098419	-35.1733379735646	-36.4313737262393	-36.5920753752209	-35.6147511331048	-35.5888630256976	-36.3554452956978	-35.4420967388669	-36.4269556863553	-31.7187834972666	-33.7308642810276	-31.3529929736505	-31.3907812254426	-32.5445416822743	-30.0805648752830	-31.8476109239915	-33.1215640152655	-25.9090020656201	-26.1244745825033	-27.1180473419370	-24.5048727879795	-26.5653774720016	-24.8272861559806	-25.6177097767352	-25.9088660156890	-21.3376063213100	-18.8975084302477	-20.2316133253152	-18.1674896585637	-21.7479408048771	-21.4759531088320	-19.8977841064237	-21.1255562144172	-16.5353021501756	-15.5929985118765	-18.1896346583371	-15.2312041170734	-16.8311807545653	-14.5106648575638	-16.8242338642412	-13.5580583003635	-11.8905236343244	-12.6910386011241	-11.1492657613878	-11.4445900893246	-11.8336992012065	-11.2994122217757	-9.78544097159047	-11.7052513380003	-7.29778352984223	-6.28798268718826	-6.36260752700875	-6.35392390367719	-6.77372282553961	-6.28284402553594	-6.90171329256904	-5.41308518302414	-1.06700983883094	-3.13748066602723	0.863705154677949	-1.40954488086921	-1.64266626411044	-0.802284069515398	-1.93268471932873	-0.749136564409318	5.76630653196625	3.86943630171744	4.51612413743415	2.12252416281114	2.34227117610580	2.32356412979287	4.88375370278231	5.51493734486461	11.0686326133488	7.79464379419903	9.83049428291517	9.99152731928687	8.84646670450268	6.47450512377049	6.53264252297222	9.24065501647022


seedPosY:   -397.471162631510	-386.849343509662	-374.060591476489	-366.583486958643	-355.845426534415	-344.636328244975	-336.039901326517	-326.949538431341	-393.181211305706	-380.800920952858	-369.934581704406	-360.848934353765	-353.053049115394	-341.170617985475	-331.742593418012	-321.786233080362	-396.032375738022	-385.848508430749	-375.586456994770	-367.608252237496	-353.838022749595	-346.402572828723	-334.404969215427	-327.959514680731	-390.581597807547	-381.006048058374	-373.644837869213	-360.961559580112	-350.021344417471	-340.328598269755	-330.525754255138	-320.531077265260	-394.764500615784	-386.897880990773	-376.396961924455	-366.502240190246	-357.524530742222	-345.176290391321	-337.038518430834	-325.755796965929	-390.813436985748	-380.414575171700	-369.410982743736	-360.465091165375	-352.271430147654	-342.943840379972	-330.300115278049	-320.737628127349	-395.798830543946	-384.909493544780	-375.025301330245	-366.239146700236	-357.979905569319	-346.699053546596	-338.598625121864	-326.140299974354	-392.250353575311	-381.987456849531	-370.031416785981	-362.631983375263	-350.472916413140	-342.432949931622	-331.999861074390	-320.809890345779	-394.319925281215	-388.537086768803	-373.569752856545	-367.263833636285	-353.999602407989	-347.515510120394	-335.321377792703	-327.255897290136	-391.601648471024	-383.456047857896	-371.191191502239	-362.667868387953	-350.083599102398	-341.570519817415	-330.990142148086	-320.304150571837	-398.046523286755	-386.281043254765	-375.545995471479	-366.614914844131	-358.006667525986	-347.163511593918	-338.585472031706	-327.364874329481	-392.101849775526	-381.568485534228	-370.274960183939	-360.822070081036	-349.104810354249	-341.101579348593	-329.135156341282	-321.488416947665	-395.880205863864	-385.732755823164	-376.832126573507	-366.766583835333	-358.815102622165	-345.222482712953	-337.277685833362	-328.582746410731	-396.408132464389	-386.006300769033	-374.678224535543	-366.721343739987	-355.942782923635	-344.078759048402	-336.633075397087	-327.551124770935	-392.137397564681	-380.396459658376	-368.840963053779	-359.803819438324	-351.176758070447	-341.654049329297	-331.742017061253	-323.491972993637	-396.029392316496	-385.947021621668	-376.704375458059	-367.070296613578	-355.077569166586	-346.481455041058	-334.551611695014	-326.938662938439	-391.856604374283	-378.900022153169	-372.125519354016	-360.223074377989	-349.242457361653	-341.257731598532	-331.879117026204	-319.102238195879	-394.927942193704	-386.620679119474	-377.542037807875	-365.526075122954	-356.575665908648	-345.632160042718	-335.466854978284	-326.734756278692	-390.647681831109	-380.648459591497	-369.749055573635	-359.788753018147	-352.800722972176	-342.233742749431	-330.105747897814	-321.381325243507	-395.623850142652	-385.610008694569	-375.567776677780	-366.759581112594	-358.538361833973	-347.674866389405	-338.584228240399	-325.143189992551	-391.557059489971	-381.926329430282	-370.303388200403	-361.346539608868	-351.172730102627	-342.496485420919	-330.858517027215	-320.079414558074	-395.034658570200	-386.479674670080	-373.822412301893	-366.818736937169	-354.330848863493	-345.679672654399	-335.302524758848	-325.220368084999	-390.323364294211	-383.067610010660	-371.387970709461	-363.077932781469	-349.256200612344	-341.242158875216	-332.891945489637	-320.037168773099	-398.181848184475	-385.764589817399	-375.616660379093	-367.093221397736	-358.396400019191	-347.344431774271	-336.878577033811	-325.919983059340	-390.609315497030	-382.303446493812	-370.615666255933	-360.490596552013	-349.679430151365	-341.685936921351	-331.060656887554	-322.180159704231	-395.513321144581	-386.203160790471	-375.684467152591	-366.682278411619	-356.981976407413	-345.028318211678	-336.526208546270	-328.510142514585	-396.773325928024	-384.643236062253	-374.276012461773	-366.525798634261	-355.747544471390	-345.516052501808	-335.117569027824	-325.657746704162	-393.268383213881	-378.983804382478	-370.942454499419	-360.580259374230	-352.321291448410	-340.774708945130	-331.796353087201	-322.266321932842	-396.655953504721	-385.204001109135	-374.999581578549	-365.608761524436	-354.934424937784	-346.437771825733	-333.781879227551	-327.352616393229	-391.463399871249	-380.927654504192	-371.686764080746	-360.652066460425	-350.181749724888	-339.714349320039	-331.265401549239	-319.685922998349	-394.533863167199	-385.016446027226	-376.466219834188	-366.788131766284	-357.007306295385	-343.459004720826	-336.529461501196	-326.096362537321	-392.446916386670	-380.420557607248	-369.843785566649	-361.352696345857	-353.626236561484	-342.353145107082	-330.801544596176	-321.131129899103	-395.515913380422	-385.633171953223	-374.399615295965	-367.116445595203	-357.270698821784	-348.095389209125	-338.632372720525	-323.942290944065	-392.299257237876	-382.101133249687	-370.353430681275	-362.201493883410	-350.431631324141	-343.180289337103	-331.904527553936	-321.010860932920	-395.334295558781	-386.656311689388	-373.586251947034	-366.948801663662	-354.060860308511	-346.947466186423	-335.361677070458	-327.363288041926	-391.629364115710	-382.449761414359	-369.945120412526	-361.535598298353	-350.757484344883	-342.102464685724	-333.216767637919	-321.014832607167	-398.077298300921	-385.741546260805	-376.562475542108	-366.079721926748	-358.171338020935	-347.385991355922	-338.123447143371	-327.254627896824	-390.977819959011	-382.158580599608	-370.385109111433	-361.183630932357	-349.839121281698	-340.732138155413	-330.292700363910	-321.465858076878	-394.391690194893	-386.322166070644	-375.892970182950	-365.311848111096	-358.255476661599	-345.887733690041	-336.118561014706	-326.656480097397	-395.815667038883	-386.902597255236	-374.094657657666	-367.098987685055	-355.860181918409	-345.225012632122	-336.405496417799	-327.399496002055	-392.712689077209	-380.709483592389	-369.884697070942	-361.298098913169	-351.900713596693	-341.287251079779	-333.504763640018	-323.400225206180	-395.992144864163	-385.275636865521	-375.778521371620	-366.432344677145	-356.142274378517	-348.000109948898	-333.755853816966	-326.210867027400	-391.452749938962	-380.871125460407	-371.934655446912	-359.244772241841	-348.384980159642	-341.576022655095	-332.505547733655	-320.666283556825	-394.357087846842	-385.998543124358	-377.628826661313	-366.358357826996	-357.063562775721	-345.265923783638	-335.369873669429	-326.713175007906	-390.298614677815	-379.680501057211	-370.197150553081	-360.633991633927	-353.321565304274	-341.995146454336	-329.048623583139	-320.719772262116	-395.725536889747	-385.796486784950	-375.209179760949	-367.874655008551	-357.754285282087	-348.014131877089	-337.010696316993	-325.973259180359	-392.592141730349	-382.164913024958	-370.408721067945	-361.651985013597	-351.217846223877	-340.787324918691	-331.881382377685	-322.083001229890	-395.201805347934	-387.775393101784	-375.488261120118	-367.456383549877	-355.910895727676	-345.426171839000	-335.119195180881	-326.534636295699	-390.248420296464	-383.329633149513	-371.033699620792	-361.443541758916	-351.481812872232	-340.856738674090	-332.487451810886	-320.458690514119	-397.170293542737	-386.816223275023	-375.253399735048	-364.834943885241	-358.030427081551	-346.702412334442	-337.020539220496	-325.450223815154	-391.377654873315	-381.274915499006	-370.430643151549	-360.684032302158	-348.558336340514	-341.801156231541	-329.172829989231	-323.170923144369	-396.419608275797	-386.181230729379	-376.402678546016	-365.492177800332	-357.789399125398	-344.887682838486	-336.871759344504	-326.554803505971	-396.366596082088	-386.247021425878	-375.890708393909	-365.885914735363	-355.597487746808	-343.517165322786	-336.632806691719	-325.749890354319	-393.177883438454	-381.194054420777	-369.955942427290	-361.300956964837	-353.307903946198	-341.151204436726	-333.324753004129	-323.422390590586	-396.882227668363	-385.800512718703	-375.490150688811	-365.622288917993	-354.612288914128	-347.413029208851	-335.920918086798	-327.374049269250	-391.189466851722	-379.892529855911	-373.037000677933	-359.183122335416	-349.607460559901	-340.382565665921	-332.572246588866	-319.270362278897	-394.273160568573	-387.350770721929	-376.861769322029	-366.516877644659	-356.992636006850	-345.320476665251	-336.379400835101	-327.409985489528	-391.544137125176	-378.781516259194	-371.313074367133	-361.428096035965	-353.699480936851	-341.100226686820	-329.143134862506	-321.432337001789	-395.909000408865	-385.273509438598	-374.364306945144	-367.657841937689	-356.746673599271	-348.929315278766	-337.143102131750	-323.783775781374	-391.865300862414	-380.748229215418	-370.841850249360	-361.052875753410	-351.238938752648	-342.685712143575	-330.024952860080	-320.908081533581	-394.072769750348	-387.219887303153	-374.661235454890	-366.391538149731	-354.823793817599	-345.313763357292	-334.704922809909	-326.028083642332	-391.508164168750	-383.634917812338	-371.425546098767	-361.928925641879	-351.708512839977	-341.125238518553	-332.250926845559	-320.562158179909	-398.406743672175	-385.944632104885	-376.209289857636	-366.743450950661	-357.326913230627	-347.694024208747	-336.982556791718	-327.172860606596	-391.310840358191	-381.871299481218	-370.559801429326	-359.398479602028	-348.696966404610	-340.248810597978	-330.586016142893	-321.681887634202	-395.799435101624	-386.019611152219	-376.629210644048	-366.147300789632	-357.126427619630	-346.920337312035	-336.647344736415	-326.496584348244	-396.600495409659	-385.970855610927	-375.681458364435	-366.231301849907	-355.967050739734	-343.618567535746	-336.466771855953	-326.782123492881	-392.946874566087	-380.677997388984	-369.989098549522	-361.074910759829	-351.844053187002	-340.835791677915	-333.362138067576	-321.870532009953	-396.395099518560	-385.044734667692	-375.737054707007	-367.902216358048	-355.553489452041	-347.452793454444	-333.960488572893	-328.082176257035	-390.283241782151	-379.004167701300	-371.583551334651	-360.952182535106	-348.896097261874	-340.079146640301	-332.528181855041	-319.738207638141	-395.848886362787	-386.078629220187	-376.388481476263	-366.719991029777	-358.013580168098	-345.201932864851	-335.418138565903	-327.637414802926	-392.219845276055	-379.222337008064	-369.646980700075	-360.632951664978	-352.577364798927	-342.481977113288	-329.450480569462	-320.946356477130	-396.309908085130	-386.709129173097	-374.878708362508	-367.992912432716	-358.244625390584	-348.184926411341	-337.617742046901	-325.881212125123	-392.783334616831	-380.781685498365	-370.840278892856	-360.942381033639	-352.268697479978	-342.293003765697	-330.846540882939	-320.157877878179	-394.280262623174	-388.279319519170	-373.508092905931	-365.345490162144	-354.232473073737	-345.995029798705	-334.541719133070	-325.670423294084	-390.888146396789	-382.504891003530	-370.064713083907	-361.214997046512	-350.556946754621	-340.773425885964	-331.856555291645	-318.968791329178	-398.248290053746	-387.150701926926	-375.599429624843	-366.716785357772	-356.601878226918	-347.566367246055	-337.175495681381	-326.531707869323	-392.197906331715	-381.976990394001	-370.430775563019	-360.781646399732	-348.955619324197	-340.606584621186	-329.291222125709	-322.215174521363	-395.476777501964	-384.464357046286	-376.257000766989	-365.481524999833	-357.668293163404	-345.151427831050	-335.558349012686	-326.234257617977


seedPosZ:   60.7527367292666	56.9386456181412	57.8057575793287	60.3416190306708	59.6404423174871	56.4980518589411	61.4706812481947	55.3525287403072	62.8273745832445	61.1649370397684	59.8606691335274	57.2446661547762	59.7902742163602	59.0089630802199	57.1850798063107	56.5703059385511	55.4612078435782	60.7920277385695	57.2969591796697	60.2903992168846	59.9303152883427	55.3758631572588	61.5103941540119	56.8408025250776	58.7681829792822	60.4040341244440	59.5680967449627	58.8448149043249	61.9445002712924	61.3431908985489	61.3738005247304	59.3583137861777	62.3570203318212	56.5297619067000	56.0565222245969	61.8131266325466	57.5799055309761	56.8115454884844	56.8967538958440	56.6873473259543	59.3065397678420	59.8598572623700	58.6612161833425	56.3375622946368	57.7713884677267	60.3994587693709	59.8624304963930	60.8649301564187	59.9818457867071	57.0833978979375	60.1159766271020	57.5392644596880	58.4676605250027	56.3851213325430	60.1550968393887	60.5794797938190	60.6889814369105	58.5452584499565	60.9679147670962	55.1832402200893	58.2575639278285	58.7983564265898	57.7448594026144	60.7877232886696	59.3502633720031	60.3513357500776	56.2841847613049	56.7808051042774	58.9448958736124	59.5202849680890	56.5253960259656	58.9225317849043	58.7150109012878	56.8858711468184	57.4833372505895	58.0386754325480	58.0510792333392	55.9804995365720	55.8217347557798	58.0053533714340	60.4745366305857	56.7582696651638	60.3038558905894	58.9331713481172	59.4535994973227	58.0774714893247	61.1269480275673	61.9248160169416	62.5184018455438	60.8344341756068	56.4922146921513	56.1418814265817	58.5426523798173	59.9932263859047	58.0773214845057	58.4408026776444	61.7674492932033	56.4946931462009	57.9923431932125	59.2209884814194	58.7764381520634	57.4366590080409	57.9217812016957	59.6080499496688	68.7108726317960	68.8259064695995	67.3030781569123	70.7425464732014	71.0832156128969	68.4559628226684	68.6958935141562	66.8393936246805	70.3159518430279	71.9244196334963	65.8914830434070	69.0340503338913	67.9817739576016	66.4770808591627	69.6925594201186	70.1116237996994	68.7440896975594	68.3851964382236	71.7900024750254	69.2358667699889	69.5054210581995	66.8820126418412	68.2898712353350	66.1221286937380	67.2488087053709	70.3565072958965	65.1783058373127	66.6521837451042	71.2350841357947	66.6865516613237	71.5576922522432	69.7574820703429	71.3701399613558	68.0438703623907	69.9782375386624	67.7759385106453	67.1828024133846	68.7735191852779	68.3337139521368	70.2106997510250	72.3525823978150	66.7387107771761	68.7342567466093	68.2252545800848	67.7786892718603	71.0003749110645	68.0444266401861	70.1729828806985	72.1191949437108	68.0851844201417	66.8043277563634	71.2325049469639	69.3695581682086	66.7420647141722	68.6110596959079	68.6096112446651	68.7557694755027	68.4769559685911	70.6108875640309	66.2705311553351	70.8339766212152	69.9162148371287	68.3547360295516	72.1234777348948	71.1395812593092	68.7649227958408	66.6937017776294	70.1216047399621	72.1554495868554	69.2084725735992	69.3756762201777	68.4062974758272	68.0936472269572	70.0368495815450	68.4208156003133	67.9565932383662	66.7782887991791	66.3651346980022	68.5609622858374	67.9373956737806	67.2081378716114	67.9379044690196	70.5518474927156	72.5770860402161	69.0004958241333	65.2478588571687	68.6909575296565	67.6527295980573	70.1037859051247	71.5711116317406	70.9965198056789	65.3567024005716	69.3804195462568	71.3330839808727	69.6733897749987	69.7220468205552	71.9526151494360	69.6012921876372	71.6684998913046	72.6968957594761	65.3015592283165	65.5351019403587	69.8786790237194	70.6150076978680	79.2987686410349	79.3077131409161	75.7137788482174	80.1064608084434	78.2174372560885	80.7149360581830	81.0419393024602	78.1202707123485	78.3534359904842	78.8583746094616	75.6672402533981	77.1730364869315	80.7399795981952	75.3613637522610	80.3371843025962	80.2732692906770	79.6825851579670	77.6528896115059	80.8863944129179	77.3476074614602	77.3061886406532	75.7212742345674	80.6089693654511	78.5822441298732	79.3115060635773	78.1159985828635	78.6604474888406	77.1568512871619	80.8800199757807	78.7976201314255	78.7215400562216	78.6128646121306	80.7914834196086	79.6112734685962	78.5701968439127	77.7851356422895	77.8971914372041	79.5100675218861	78.7608650695720	76.8763193566541	79.5334084861357	80.0732605289901	76.9845209429084	78.0392685347749	80.5403038551290	82.3109537703806	78.5927549885129	77.6692545489541	78.4277362398646	78.0970193428560	77.3765328905691	79.7668693907646	81.9129180796811	78.8258372610738	79.7668320924179	79.0968660431003	81.7838692733578	75.4080286588882	80.3642321256444	77.7522232882761	80.6977440710449	80.2015880476380	77.0814057945007	78.3348577905077	79.2277174565914	80.0019843916433	79.1738622015028	76.8436286989891	82.1022240977919	81.3575518587582	78.1932449113442	78.2968077463351	78.1329420483386	78.8944120898429	76.1560837271443	76.7879500097894	76.9898527690938	76.7437401746117	77.5293929923352	81.8988163421314	76.9091871677171	77.1330675776045	81.8619593586684	82.2299596573976	80.0943227138010	74.9816077820310	77.2747393330367	82.1596690725488	80.3549522308724	77.0039487158067	80.0618135240279	78.2823945610888	78.4934933209448	80.4261289183315	79.3496093831807	78.6418487167335	82.2713773780229	76.8450469566213	79.3526676968013	80.4596727948401	78.0814260429007	75.6621171256237	76.4375055244139	77.9725711997193	89.7355800211006	89.5472332567829	89.1622745565793	90.7807180275782	87.3153408999106	88.4871677785277	91.4005792332928	87.2355443236691	89.3638332332283	88.9535670830411	89.7102728022907	89.8755486474871	86.3686413889286	87.9523204268824	90.1125554727765	89.2524213983181	86.8799708664836	92.3902412403991	89.5826330854698	89.2700779152784	87.7239750290220	87.4501215532654	91.9429568784771	87.9016173567327	86.0644067741305	89.0368610625621	89.8745944136558	85.8937033527805	89.9833748993220	90.4114535695172	88.4441420509871	89.9167620285710	89.7680497541397	89.5551232092926	87.7986244734749	90.8270040043919	86.3371599115145	88.2670020137564	88.2117025202657	86.5278968402900	88.8050500015499	87.1978381134111	90.4773906064473	87.0726246469548	88.2042676072452	89.7892708651271	87.0420793480776	90.3436325132252	90.4616448919919	87.8020454051492	87.2682555580067	88.4023529970609	88.5471618861346	88.0532747771882	86.6531419477752	88.3359067400468	88.6689304756016	89.3658702507679	91.6645574391886	86.6726976922508	88.9512166365873	88.7569835282309	86.9011491736652	89.0180333957648	89.9895299871112	86.3338374635047	85.8135146092811	88.4504882801573	88.9021364645345	90.5618488300063	87.3041176374770	88.4363853569380	87.6066424012809	86.7557097934712	89.7476071798708	89.9302278546689	89.7514386601479	86.9721620004795	87.4586465192011	87.4216875768511	90.5468599310731	87.7269919741407	90.9029325319806	92.6321583639174	88.0380498257176	88.3526214178818	89.1401436379166	89.7727440961702	89.0030453857266	87.6302886518114	89.3307689379082	84.7052039956563	88.0708301283105	88.5462918916631	87.4311735387672	88.4158514118813	88.9615911029293	88.2575883176710	87.2914674015687	92.5642279802551	85.1966054346693	88.0731072191426	88.9484638773831	87.8485255238064	98.1177812373028	98.4393141319659	97.3656544324291	99.8750256492672	100.608599837543	100.882519483856	97.4361395739383	96.0943472519994	98.4193839175667	99.9391146006294	96.5616184435293	97.8194720105171	98.0385388568024	97.8184380361711	99.3208506158242	100.844197355482	97.3238429342600	101.771261221139	97.8532510071422	98.3930469742179	99.9551969904455	99.6897390859455	98.0891817438909	95.0629316513427	99.9556246666730	99.8404877802270	99.3906303481516	99.3655711118970	102.589962307115	98.4164039017059	99.7312990985106	97.7566070527407	100.082081909313	95.5034657112608	99.4204106311147	98.5358205349414	95.9677197991437	97.0310679381143	99.7159985209340	98.8301387683144	99.2100326228466	97.9557523364124	97.7622785527584	100.277811195239	97.9678295606163	99.2653822397424	99.3973914389821	100.073647462943	98.1373111284539	95.1063925781539	97.4756260134047	97.7523778709562	98.2540999741450	97.6245258662293	97.6254622672693	100.556278993067	102.037012299364	95.4903332903577	98.3212936104382	98.8599447407769	98.4996319075426	98.9922875281346	95.3123378129965	101.003142116510	99.1336450394429	98.7581517148085	95.5901555903491	101.566486588844	102.521640271729	99.4595858851301	97.9502773405556	102.321722298856	100.033065032044	95.7323685239934	96.3280782700871	96.5121094655136	98.1158223337076	98.6411579437692	96.5406171726891	98.3564937674634	100.345111574501	97.7539114430218	100.363736089077	101.317291972165	101.100295027499	95.6481837907720	99.2505369249062	99.9517248763961	99.9038255698275	99.2283184688405	101.080074638974	95.0486343564247	98.0855300420215	101.411394155582	100.564715511921	100.614184242137	98.1119904010762	98.2962687298945	98.8471439801858	102.756745242142	99.7064025802361	95.4803845948733	98.6961477441150	101.905977021033	107.677406877080	107.750508838451	105.899386578803	109.522336787362	107.993999538693	106.671163261332	107.951556966017	109.406592323855	111.814353962059	108.595123758094	107.524976774387	107.701024960330	109.331589386650	108.105656919534	106.419692499216	107.909233126782	106.363106972761	112.325295396847	108.702979873281	107.890505074618	107.624383281209	108.130256846639	110.348680147292	106.072454296725	109.078292269366	111.117144680176	109.947773722707	109.646001881600	108.749121012092	110.425508588045	109.924565137201	107.079428983194	109.510223591024	105.792731055325	109.579095525596	111.763309235974	108.488056954791	106.850392186403	108.342828636291	106.072737732186	112.656365435766	109.743503086892	106.114039414978	106.233631279306	106.520422185913	110.252540701221	109.718081895207	110.628241728703	113.105355873481	107.694066082285	108.063044739625	106.528862333912	108.869021671642	108.546964219102	107.414364186192	108.707093504670	110.079462969220	108.122934616890	111.957786344019	107.211107182566	110.545348046654	111.360750960287	107.327935717793	110.371616665500	111.227089847406	109.564339892238	106.365180638980	109.114468257085	110.944721860494	111.475450064943	105.643795760643	112.414394476086	107.027159531663	108.331373246442	106.595752674908	108.123281280250	105.811844030346	107.761038789251	108.601735743269	107.441336089046	109.923056169738	110.186787442576	110.037381788041	112.099079009598	109.895375685944	107.109223315656	109.911854417620	111.056533393235	108.951605653723	109.062027551068	106.347302160881	107.698483789342	108.101944124783	109.600299630622	106.785630822161	109.221891978970	110.139692955831	109.761056575282	110.502611507754	111.453508289084	107.216354588118	107.046373447019	109.065359087874	111.707084920821


objFunctionValue:   661.382840899733



