Dataset 7


dvh_array = np.array([
    [ 7.75, 2.93, 18.80,  3.02, 12.61, 12.32,  3.39,  3.27, 0.00, 0.00, 0.00, 0.0000,  0.00],  # Rectum
    [ 4.83, 0.51,  5.65,  4.12,  5.62,  5.57,  4.16,  4.12, 0.00, 0.00, 0.00, 0.0000,  0.00],  # Penile bulb
    [ 5.29, 3.65, 39.33,  1.94, 15.60, 12.78,  2.36,  2.21, 0.00, 0.00, 0.00, 0.0000,  0.00],  # Lymph Nodes
    [ 1.13, 0.76,  4.07,  0.26,  3.23,  2.78,  0.39,  0.35, 0.00, 0.00, 0.00, 0.0000,  0.00],  # Rt femoral head
    [13.66, 1.27, 17.73,  7.54, 15.70, 15.09, 11.08,  9.25, 0.00, 0.00, 0.00, 0.0449, 26.77],  # prostate bed
    [12.45, 2.56,102.37,  5.48, 15.80, 14.91,  8.22,  6.91, 0.07, 0.01, 0.01, 0.0000,  0.00],  # PTV_68
    [ 5.56, 5.74,190.05,  1.47, 17.13, 13.81,  1.94,  1.79, 0.22, 0.15, 0.13, 0.0000,  0.00],  # PTV_56
    [ 5.71, 4.07, 60.48,  0.98, 14.37, 13.70,  1.45,  1.23, 0.01, 0.01, 0.01, 0.0000,  0.00],  # Bladder
    [ 1.19, 2.98,417.72,  0.00,  9.78,  4.97,  0.00,  0.00, 0.05, 0.03, 0.02, 0.0000,  0.00],  # BODY
    [ 0.96, 0.60,  3.21,  0.09,  2.59,  2.26,  0.29,  0.23, 0.00, 0.00, 0.00, 0.0000,  0.00],  # Lt femoral head
])



templateX:  -49.6995156853648	-50.7088359665181	-51.0895956919529	-51.0186503563947	-52.3363237006783	-52.4160238024761	-50.8157392496821	-50.7754746757482	-45.6447541963661	-47.6772151929593	-47.6777542502431	-45.7863418132636	-46.4709423955973	-46.3640166897214	-47.6218882013404	-46.4730120131262	-42.5046818086222	-39.4099553053848	-40.4292154604991	-41.2707793926647	-42.4781135260700	-40.2721471077379	-39.5214510593700	-39.8662600999663	-34.8206609449134	-37.2920241952689	-36.8927744883005	-34.9202734670518	-36.2808739039978	-34.4097851325985	-36.9160088898308	-36.6462092714209	-30.3098100446452	-30.9866652853776	-30.8997683073699	-32.6413503638897	-32.6084968094946	-32.2085295744332	-29.7610076254910	-30.5425462760036	-25.7741401718096	-27.7190562390310	-26.1223749339433	-26.8464862693312	-27.0579367543707	-25.1838508775771	-24.7760367335906	-27.7140908800284	-20.9516164273617	-22.3701149447958	-19.4371550224259	-21.0580968898833	-21.0220672377897	-20.4061704406515	-20.0342674769265	-19.8404793980306	-15.7238441476389	-17.8627113347598	-17.1218841214398	-17.7156778337107	-16.0992398343597	-14.7749088743203	-15.8711486175588	-15.7016673458900	-12.3948090604463	-10.2796799262302	-11.9175207503559	-9.85910366935219	-10.0923989062578	-11.1905139038334	-9.49233796674662	-11.0547688599207	-7.13838068250848	-7.21178847247271	-7.83791164156694	-6.69468686475831	-4.97628061952313	-6.93850647750727	-5.59835974717443	-7.30563956352335	-1.86863037478313	-1.60269939692550	-0.628582617328516	-0.912606430855086	-1.10700469472651	-2.68836916357466	-0.177445720286307	-2.79480443192516	4.48148254659319	5.22476715076101	3.39875177116083	4.28285234104417	4.52452741402267	4.84759067490084	4.31360949357507	4.51616763887072	9.90934643644921	8.41541844363808	7.26772386543508	7.46066538238794	8.99190033929852	10.0728377427648	8.96380831833600	10.2802985029240


templateY:  -397.561619834943	-384.851604188153	-374.874333386808	-364.785279009514	-357.615152228574	-346.677857794635	-337.076667537585	-324.919979504690	-392.406081306543	-379.790870116750	-372.197557972277	-359.912231853794	-352.147480526161	-340.528525604610	-332.117853197094	-322.648798425388	-396.373475811799	-386.814637907041	-375.825938823929	-367.015164420311	-355.285229295715	-347.094841808253	-337.873948966820	-327.865167394659	-389.635469103690	-382.736490475021	-370.995652344350	-362.204762945327	-352.302636660706	-340.435056964835	-330.534887067810	-320.130034214966	-396.048224104085	-385.090048350148	-375.852153842815	-366.071807896827	-356.514336222573	-345.844775805087	-336.150160309417	-325.919156597919	-389.884263490936	-380.455304074079	-372.716761765600	-359.721705731829	-351.985522229201	-340.930479019603	-330.729073589448	-320.004816467995	-395.955592801925	-387.783466230784	-374.944086746567	-364.512771667746	-354.966361132068	-346.467560209668	-336.114253337355	-325.591148497643	-390.439088278435	-380.146381420975	-369.800888495767	-362.070373321315	-350.074150391696	-340.239142812345	-329.437238089408	-322.486589348038	-395.366390246332	-385.542009963528	-377.252485060390	-366.634024653636	-356.511088515805	-345.827630508311	-337.194284086732	-327.269468386100	-389.662856089063	-381.634505897464	-372.636971755613	-362.187954818379	-351.113008927366	-341.500749330899	-329.706839067800	-322.023561390511	-397.060313725987	-387.819184923025	-376.300337583997	-365.441061692110	-355.404598830863	-346.265449364090	-337.533313990169	-325.603014362118	-390.679348040499	-382.354054673401	-372.168170395882	-360.555914104032	-351.722352906010	-341.893846355704	-331.435141048892	-319.887947177060	-396.809559029268	-385.216515611360	-375.960230391227	-365.153043210520	-355.120700081268	-344.572058705628	-337.481198570275	-324.842342547478


templateZ:  60.0951263396962	58.1541517493934	57.9379507199872	58.7914215608103	57.7898948535028	60.3201430056122	58.2266994553108	57.5017644858774	58.6586729296424	59.0037569765808	57.2933068011893	59.0512109216149	59.1911910347851	58.0845402075003	58.5856784975363	58.8681617736448	59.2672185320436	60.0551657717322	60.2585764336657	58.8246181373246	57.9987573308759	57.6534471333477	59.2997710688851	60.1265391379906	60.2388008482436	57.6709753543943	59.2097489730347	60.0429352928828	59.9564410934701	59.9128818047427	60.1956077352391	58.5262166141546	60.0537803593723	59.3123509595630	57.8456580477870	58.4386547352748	59.6018557355654	57.2218383098263	58.1120916973239	59.2993526250365	57.4826761888629	58.4157260654089	58.8751926385353	58.2539585621500	60.2553995228419	59.5781575361563	57.5431221117541	60.6038616118044	60.4249129158360	59.8770285524777	59.2974017573015	60.4486786457425	57.5100000104874	60.1903969638348	59.8094167414912	59.5189497595676	59.6385648125502	59.2430123331373	57.5955308537636	59.1083723107381	58.3333382716516	59.4951218197142	58.3081030133728	58.2703335197419	57.8718751108011	58.4224326628772	58.6649625754152	58.7557800626742	58.0476128645768	60.2367392808505	57.2976118919990	58.6931880987690	60.2553064751888	60.3105026712107	57.6804866664790	59.1664197241795	58.6853830739408	60.5281517176892	59.8410819827328	60.4670762287545	57.9506414130142	57.3441777977626	57.9234835138809	59.8561643444163	60.4981022048164	57.9076558332217	60.2180428948129	60.4351078669028	57.7762678894322	59.2943434227855	60.1401900423045	58.2020395019644	57.7231373142417	59.6556819051811	59.1725870792934	58.7181291054067	58.7095755849475	57.5352809156866	57.1231410665558	60.2859848872617	57.6770469238080	60.0824569894671	58.7895983582434	58.2273889698367



seedPosX:   -50.6328335595415	-49.6710687414697	-51.8293418668020	-50.9129703863552	-53.3708729753802	-52.0628089475648	-50.3569104613666	-49.8879440121664	-44.8868371922640	-47.1742611080655	-48.4555923924086	-44.7277115986301	-46.7857119582175	-47.1556676725963	-48.3028278870632	-47.6564408115476	-43.0071125117389	-40.2828060816831	-39.5570060408993	-41.4614975371122	-41.9654548985250	-39.5779676928218	-40.7086648921931	-39.9340451430281	-33.9018896266077	-37.5947338168481	-36.6038996283270	-35.4347013765571	-37.4781986258792	-34.8280910368724	-36.3341880875759	-36.8853778575244	-29.4860520878135	-30.1797895382348	-31.7242654026399	-32.9433154809495	-32.2874609245480	-31.4120215579784	-30.5044045161730	-31.2369099207011	-26.4080805437471	-27.3764076242182	-26.7876821870722	-25.9190640737568	-26.0634964122520	-25.6855994755604	-25.0418672063352	-26.6150691126790	-21.3259304763858	-21.6477317507974	-19.8081644259302	-21.2944521616325	-20.5184584054167	-20.4882377691273	-18.8500793548802	-19.9253354102414	-16.6397825561875	-17.1506702731499	-17.5568967334693	-18.7073686366547	-16.8329551530922	-15.8987608023578	-16.8444928680642	-14.8648013910275	-11.6837626662433	-9.91577678237066	-13.1313672967685	-10.0555718239092	-9.69425032458576	-11.9992718473667	-9.92618155411877	-10.5497058541638	-6.31300060458163	-7.44784211256279	-8.39076532421593	-6.86001134975913	-5.02808956266888	-6.94505509109176	-6.37524412687542	-8.01488221132132	-1.79596105273125	-1.24127817173400	-0.0987270745951049	-1.45265627508482	-1.01784714673888	-1.88165792192986	0.342772617598018	-3.24106025668059	5.08616321281044	5.83624510329824	2.38382279708938	3.24584213210914	5.05337391424943	4.12194147085890	4.19643555859591	4.14786354634875	9.80152014436151	9.25976808607743	8.44315461982912	7.52166904350033	9.17339109391894	9.76008812517284	8.59702394647416	10.4429476861781	-49.6504705168323	-49.6947112490103	-51.6705589453570	-51.7952359313730	-52.2402578431832	-53.0977571884030	-51.2722645421370	-51.6154751580613	-46.0316750601539	-48.7484140769541	-48.5480668168646	-44.6704256568699	-47.5736301231513	-45.6711292491703	-47.5426308548521	-45.5940275146625	-43.3136490339360	-40.5757221392284	-39.8919958845460	-41.1335707037728	-42.8360994626158	-39.8375633975085	-39.9544286768737	-40.0885447471357	-35.1775510033835	-37.3797912448204	-37.8921882321906	-35.1844489969074	-37.1302319886484	-35.2501996203194	-37.7838759191531	-35.6546319649371	-29.9149367685337	-30.5977632909343	-30.6859449345947	-32.1866990108045	-33.1333045571168	-32.4332134081533	-28.5539464496950	-31.3189338258184	-25.5093574685612	-28.8484944069362	-26.3841703967429	-26.5446451205554	-27.4846240277991	-25.0811365813103	-24.9455107639068	-28.6228962081055	-20.5236058736531	-22.0341027898990	-18.4204014540441	-20.0865032872030	-22.2302932906068	-19.5245399069871	-19.6917545061223	-20.2561534895767	-15.8254905812977	-17.1730678975156	-16.5013827708707	-17.1454404429059	-16.1362993584820	-14.0239407100033	-16.4311082032569	-15.9589587501269	-12.1299749950356	-9.80261861779479	-11.2447765486590	-10.7039017085560	-10.7258984850068	-11.4159650557140	-10.3323619002166	-12.0609043871317	-5.92658403473086	-8.13521889823033	-6.92200096940404	-7.79383899365545	-5.10887108446127	-7.53479362904980	-5.45949188089714	-8.13915201765320	-1.84515760317143	-0.406322487347032	-1.29298608384727	-0.495894843403697	-0.218372108197822	-1.67566479758832	0.0372173627272011	-2.18508678083302	3.35888860044347	4.30859036889530	2.70616472712188	3.21072957169584	4.08532461293962	5.47690373805256	3.64219260241290	3.79838175994028	9.09911001276727	7.37007605641848	7.84786536839806	7.84325091380300	8.01887671778931	10.3251985424812	9.74395309157788	10.0701413096812	-48.7577086973905	-49.9211633487114	-51.4695298292066	-51.1302309046852	-53.4307174023476	-51.1881095307855	-50.6915634063177	-50.8864120574205	-44.3977888595056	-47.7604255954616	-48.6050466523327	-46.6200112692633	-46.1501177898781	-46.4613192591528	-48.6516856543070	-46.7265871582495	-42.5874681869841	-38.5010343980508	-40.4595074547267	-40.0944890092031	-43.4238030247254	-39.3230326711348	-39.2681916248020	-38.8322014360752	-35.6650863990149	-38.2747867221477	-36.5438461636082	-36.1453628750964	-36.7603153198192	-34.5139101922246	-35.6877938701750	-37.1585572265100	-30.7675299780841	-29.9151782661849	-30.9203691349064	-32.9041882942191	-33.6299928045965	-31.6322287759409	-30.5774907254462	-30.1391498794725	-25.2122999589779	-28.8618200417374	-26.1539420681496	-27.9075848020228	-28.0018064131031	-25.4927764440744	-23.8646993169126	-28.6315059955056	-20.7158754177783	-21.3251561103359	-18.9254632856269	-21.3935721794735	-19.8845778296362	-19.9804668688910	-20.0518814802010	-20.3257969871799	-16.8083158402244	-19.0969383173235	-17.0248104807015	-17.0053632203485	-16.9628091412443	-13.5802068042868	-15.4778859961450	-14.9015818067310	-13.4592896584796	-11.1892772186038	-10.7228090812098	-10.6522101395126	-11.0010013974431	-10.7585418046296	-10.1941680676031	-11.4983002134790	-7.05232039051067	-7.16508786786641	-8.12731254140652	-7.05562003813685	-5.17612924275534	-6.38021092465116	-6.46528542125399	-7.12130748811853	-2.92301548530065	-1.96938928506686	-0.647488603473092	-1.58186312391082	-1.71417707960259	-3.26439171957596	-0.383701440689387	-3.56491665768656	4.72301270854519	4.35912957295301	2.25900752637167	5.41067838880445	5.55244606079446	5.16075590600734	5.02344637007251	5.16901004598580	8.92071619541483	9.09595773990505	8.41693236659554	7.73141135874612	10.2068817701878	9.97131002293624	7.79329560067429	9.65999791896093	-48.8851507894438	-50.5184564283688	-51.6157776239941	-50.4950053772203	-52.1863640890034	-52.9705996910468	-50.8095667435009	-51.7102006243935	-44.8618247199674	-47.1299505415043	-48.5179977517852	-45.8463574150308	-46.9782120847937	-45.3577019403379	-48.2912476509927	-47.3872221643988	-43.2397135098130	-39.0582379951098	-40.0065632472913	-41.7623371419531	-42.0942952056427	-40.2635610655169	-38.8630877791802	-39.0564411277851	-35.1866431453786	-36.7858987627817	-38.0649360345808	-35.4717354246107	-37.4004139845133	-34.7074435580204	-36.8419593804842	-35.8572766024438	-30.8944022664646	-30.3505597343107	-30.5436181521879	-31.7532517198795	-33.2257730761789	-32.0959218600876	-30.1742771930565	-30.5586345714956	-26.3124428116908	-27.4906988502679	-27.0951011815489	-28.0832355890790	-26.6320528212782	-25.3788889419391	-25.9276757225382	-28.1436066387746	-20.0626098061462	-22.8802553139844	-20.4489947617711	-20.6130901926102	-22.1089116516003	-21.4150191450715	-18.8213413866467	-20.3847949060729	-15.4254523373666	-18.5942054555776	-16.6142368813896	-17.2880351452426	-17.2748708661530	-14.1400954039866	-16.5999363614856	-14.7873227800268	-13.0158963889084	-10.3587152450614	-12.6794753420966	-9.96130627697137	-10.5318939343712	-11.0223260382304	-10.0112941332215	-11.0478728976202	-8.15521009662592	-8.39985383006488	-7.24953449708528	-7.16992984232794	-5.75978804769378	-6.77692785705821	-4.51448377316467	-6.89987622180478	-1.49876449083337	-0.465132154479661	-1.63659309714313	-1.90223422757927	-2.18256555925550	-2.43859349468103	0.854454515927357	-3.92644115783093	3.41656557818085	5.55303505512967	3.70796336862811	3.78222709033576	5.10816914804023	5.16732148663949	3.68200929835846	3.96991272114541	9.70462670328426	8.20114787886894	7.42746559734975	6.98128933072326	7.93999984469439	9.72066736374995	7.83008557345025	9.87772815663517	-48.6479485659467	-50.4690712429649	-51.7720562611548	-50.0326274597133	-51.5790475946929	-53.3085513918103	-49.8631929533049	-51.0663967022671	-45.6142530108155	-48.6694141646056	-48.6038865484957	-45.6283356600373	-45.8294890170869	-47.3113057742648	-47.7758058357716	-46.3665821923416	-43.1232423514398	-40.0567169618232	-40.0182904122346	-40.0478357809095	-41.7429718330823	-39.2015922644485	-40.0409878776706	-40.0705285759906	-34.3868085895989	-36.6121371530037	-36.4195192105074	-35.9871197294728	-37.2739775934432	-33.6990552170744	-38.1131160623077	-37.0487265204988	-29.3063145859020	-32.0973108638284	-31.3103787175840	-33.1501378582997	-32.4202638277428	-31.1793683245164	-29.6184220527427	-29.4612319305579	-26.5931698309824	-28.6610392557529	-25.9431964740313	-26.2023215545722	-26.4694889708046	-25.2736738223421	-23.5680058863185	-28.2754501879134	-19.9820719520510	-23.0409267816593	-20.6075051457221	-22.0211160985616	-20.4742236869351	-19.9613591699514	-19.8845957741867	-20.4632181376577	-16.9516364539130	-18.3776007114119	-17.0731870841287	-18.8042839684339	-15.3009970988311	-15.5395300405844	-14.7363131722676	-15.9989939169607	-11.5940217756237	-9.73513013851463	-11.4940295092728	-8.70956512223854	-11.0275809383065	-11.6820960832890	-9.94125709769738	-10.1621460984646	-8.14015419106799	-6.46713961873381	-8.18833530249842	-6.52906858835473	-5.00676727689934	-7.34364097085810	-5.11750347772401	-7.50209347288430	-3.11492916929225	-0.965706743144071	-1.42582812320728	0.0660467503150973	-2.10198696155227	-1.66748292057317	-0.00960275081587630	-3.79320943546923	4.33194701552345	4.51100177287994	4.56980288940379	5.24326479174814	5.63767656737757	4.04303578557235	3.18588212168837	5.59598010318699	11.0195859161360	8.85078671843265	8.18797413579592	6.96909883708970	9.70329300363164	11.2684590886710	7.75112732507105	9.80542479396232	-49.1431038193717	-49.6348757136501	-51.2349776181178	-51.7182034171570	-53.0601876605235	-53.3889186462593	-51.0565825345635	-50.6183801404484	-44.9237337630045	-48.8591125869660	-48.6260555736640	-45.5059163658006	-45.9797416111169	-46.0415687949419	-47.0715976307370	-45.7084278790545	-43.3421479941130	-38.4291047931336	-40.1866819093540	-41.1281826227846	-41.9319106951617	-40.9216675150766	-40.6797534640281	-39.1586098095532	-34.6556162078990	-36.0593197681069	-37.4614278617132	-35.2460899261745	-36.5649171951626	-33.6982198672128	-37.2724447701778	-37.7644597296887	-31.3751833282892	-30.8026983191187	-30.9342902548993	-33.3833212120856	-31.9587634958515	-31.8606994432210	-29.3954967350708	-30.3118298298631	-25.8639390766120	-28.1722638592758	-25.7278303400753	-25.8039535428716	-27.9106738866173	-24.4753357219658	-24.8828055769167	-28.6250305347292	-20.6427714428540	-22.5807870989689	-19.9119156955581	-21.7769690810277	-21.2987120632139	-20.0290952875122	-19.4881951919413	-19.3883111692065	-15.3376982291438	-18.3827734096815	-18.1775781186510	-16.4714925726953	-16.6844642034501	-15.1746228691246	-15.5298591987008	-14.6936970782083	-11.2017829901677	-10.3353430312239	-12.4056892447776	-9.39367238923165	-10.2576364068857	-11.1898610727283	-9.62339861674469	-12.0828431098047	-8.25711125735267	-6.44916126172662	-7.43283346008199	-6.45008890300997	-6.09519966878852	-7.67544388501553	-4.92021096165129	-8.35349333864383	-0.792565635394162	-2.72106247371696	-1.47896047625286	-1.39436339059826	-0.171283820789772	-1.76498977451754	0.441366507368849	-1.71558231077287	4.34166094202592	5.96698383148090	3.96432928761828	3.26928817371229	3.76240640570615	4.39393426786791	4.91680450729079	5.30907764877386	10.1935372581944	7.61307817313746	7.79650865669671	8.23038055438166	10.1880505212155	10.7324581037684	8.52923849286040	10.1882744207100


seedPosY:   -397.130557328620	-385.245501323475	-374.687753907105	-365.091851201088	-357.816916626520	-347.612878899450	-336.248173066269	-324.667360959875	-391.843251748486	-378.695002694832	-371.187190414790	-359.350354982299	-351.642032210011	-339.428355483105	-331.864275862338	-321.946805630926	-396.737651433130	-386.948418876947	-374.820578019987	-367.585597336059	-354.838649208860	-347.355932103647	-336.725134660652	-326.903178279688	-388.731960232778	-383.046733378723	-370.587489821091	-363.196095635418	-353.181165706531	-341.600544604613	-330.677006222262	-321.149044092497	-394.980320735363	-386.046060259941	-375.116033119654	-365.090855548170	-357.146277522996	-345.725940266364	-335.238207918420	-325.666153486862	-388.876712904682	-381.344216442230	-372.003773512321	-359.587076857937	-350.864693748430	-340.931740433280	-329.606444522344	-319.420964322766	-396.359092254128	-387.047520780232	-375.358483429440	-364.363926512576	-354.149174841665	-347.265050575368	-336.732504733670	-326.752825636555	-391.486793121536	-380.946226172886	-370.312202007771	-360.964671029903	-350.246267321504	-339.799661460163	-329.602268509368	-323.494640569083	-395.610804502260	-385.265235986927	-377.039073810997	-367.795672065713	-355.814410825579	-344.777412270276	-337.738832382969	-326.172377954359	-389.775345205551	-380.412604975532	-373.137102747313	-362.338395843304	-351.889120659223	-340.557679900276	-330.940768863546	-321.916455921451	-396.425258576837	-387.362984172667	-376.350547489254	-366.395544039147	-355.286793511662	-345.785811888358	-338.324556648941	-326.448556779471	-390.512557116627	-382.884638690679	-371.963280712295	-359.868471028238	-352.919949672872	-341.450377959535	-331.452099090126	-319.608201490224	-397.322360995981	-385.597203871123	-376.204044099514	-365.127150820921	-354.137177624235	-343.402037732920	-338.271340748623	-324.358928217933	-397.042094927576	-383.909293130181	-373.823194434522	-365.439453933874	-358.530812942618	-347.286533875313	-337.994207481397	-325.491933731809	-393.148638052440	-378.857168220231	-371.461843820622	-360.283645056001	-351.094013513817	-341.155559374740	-333.183857035437	-322.020498127867	-395.557960910261	-388.019778588935	-374.765044017717	-366.193056218939	-355.768281625378	-348.204425476297	-336.915754307675	-327.859753321806	-388.413357663073	-381.619444247578	-371.446738573682	-361.358349195957	-352.969705923512	-340.263589064173	-330.108321996289	-319.692913589701	-396.263082444933	-385.344964185837	-375.072757718506	-364.900678091768	-357.724964866324	-344.951727150952	-335.359728466675	-327.069827957433	-389.307909585266	-379.724744343498	-373.817300186178	-360.558728030447	-352.560662318453	-340.046163697128	-330.534025887820	-319.800961583294	-395.113245036999	-388.503927801836	-375.181223467870	-364.325144889608	-354.865349886252	-347.161106451501	-335.583049214232	-326.714187189051	-389.525062814521	-380.541333564313	-369.488902945424	-361.645081798543	-349.889150859129	-340.365084246770	-328.872637661531	-322.764494295943	-396.569908257559	-385.632012219629	-377.665112439268	-366.422249828077	-357.515099465442	-345.019652054782	-337.930092596824	-326.594139728355	-389.809374937382	-382.272004191776	-373.722668226575	-362.787906718829	-350.675115163709	-341.010307421459	-330.849337209417	-321.806867637897	-395.811896375661	-387.157227953666	-375.708072802343	-365.135479571978	-355.283854970431	-347.471052145727	-338.080504929410	-326.313212928104	-391.224775201940	-382.461892344918	-372.034994436215	-361.562179959256	-351.400303587442	-342.028727722598	-331.265793958332	-320.458357704811	-396.120536651083	-385.094699487706	-375.577111686113	-364.681376259195	-355.476079118242	-344.952279743175	-338.438128453267	-324.105395702867	-397.928589464245	-385.793695955449	-374.972858032426	-365.069997228722	-357.813311397355	-345.906507034543	-336.309819668260	-324.701967032555	-391.821919223163	-379.499822792674	-371.205682869168	-360.606208346936	-352.161903876283	-341.519424834447	-331.099206103709	-323.837670176446	-395.477747353461	-386.800998075370	-376.483893721949	-367.900057183505	-355.761826277091	-347.644939431447	-338.450529028929	-327.601711793774	-388.585274278531	-383.627638348875	-371.583126242477	-361.323236856934	-351.281317294242	-340.863445166227	-329.751038466867	-319.190324868930	-394.898768327549	-385.099699024138	-374.621641449277	-364.953625333856	-356.807468807990	-345.229303262470	-336.495263038527	-325.599739080844	-389.452756562256	-380.955896415677	-373.106944117344	-360.131196076577	-352.878670716052	-340.283909371925	-329.837524293003	-319.096735874011	-395.729938453858	-388.893615585746	-374.949140525008	-363.267238413965	-354.933056915815	-347.712834083593	-336.036098732609	-324.691554526816	-390.353041906326	-379.741368174783	-369.936909288759	-362.918956258899	-349.293295909422	-340.776298227041	-328.670394026164	-322.973742547756	-395.072402715749	-384.769116361120	-376.251419599315	-365.578953643077	-357.652702885404	-346.758386465495	-336.797149192815	-327.263271805290	-389.765121568230	-381.454089556777	-371.746776297858	-361.291477051532	-351.787007945455	-342.516844611604	-328.694174971040	-321.567675311341	-397.430133526948	-388.781525283662	-376.467124495597	-366.192579201499	-356.419674154324	-347.024325646386	-338.738368380919	-326.189453618252	-391.638123061634	-382.551693606288	-372.223889167373	-359.577025065798	-352.434698113685	-343.106461855000	-332.663966340989	-320.309913603237	-395.787556320951	-386.155757286946	-376.360485490841	-364.964055769282	-353.904292527555	-344.881504278357	-336.933405289257	-325.075435254247	-397.394295684267	-385.341181048158	-375.445816257044	-365.434311092760	-358.050079958588	-347.264389054801	-336.906914105589	-326.047808625684	-393.152466663355	-379.328389112996	-371.330655945426	-359.389644533380	-352.830238768030	-340.228367875779	-331.867853260584	-323.764573840005	-397.049615061096	-387.515425638894	-375.423123089540	-366.848071640931	-354.870975974775	-348.266262509441	-337.156846036619	-328.158052234180	-390.059173446857	-383.026754358992	-371.104046821562	-362.614066269298	-352.202672766891	-339.188957759633	-329.568788694040	-320.568309089250	-396.603694647214	-383.892735438567	-374.971548407405	-365.924662063232	-356.822758716903	-346.982729563821	-335.393709470398	-326.522155982811	-389.091955140520	-380.720639065292	-371.475543803602	-360.342899310917	-351.682547494603	-340.604793528016	-330.864177830878	-319.261067567747	-394.897225231004	-386.776993759307	-375.206615950271	-365.379221443561	-355.950427300399	-346.727837453864	-335.941869212415	-325.169590928911	-389.400430974348	-381.268908276898	-370.651580849924	-363.149586446017	-349.220107816675	-341.244680595091	-330.469866660887	-323.675118282295	-395.077332278717	-384.946119094598	-377.131839850746	-365.455591193191	-357.254567640190	-345.869808863513	-337.431406093318	-326.545273947655	-390.409144188032	-381.181094781943	-373.513297073113	-362.608403456508	-350.643961736794	-341.390231959816	-330.878295804556	-321.335629018629	-395.848493459370	-387.192318050720	-376.377665709366	-365.760675694931	-354.375244775408	-345.062191513021	-337.532394683493	-325.117826453639	-390.598447162879	-381.487363707830	-373.228860872638	-359.597840599893	-351.495785652406	-341.244386689865	-332.132651473451	-319.194206073390	-397.788652950788	-384.185944574249	-375.223902852702	-366.163519990392	-354.972610365518	-343.808761072528	-337.161486163066	-326.076616831765	-398.333857005688	-384.093019108442	-373.968468152284	-365.386992914527	-358.004446049995	-345.972031787244	-336.250897224759	-325.677182258856	-392.961560059011	-380.566495725893	-372.846033410347	-359.341547219318	-353.030333936571	-341.362625707729	-332.625582387526	-321.587707673801	-396.124485912956	-387.216798297466	-376.933912226881	-366.005194644936	-356.323249582907	-346.954386493633	-339.092546028785	-326.616511246682	-389.510854494133	-383.187263814441	-371.333556980195	-361.160044444948	-351.681519910047	-340.802214973071	-331.743831269247	-319.578892703112	-396.114085021034	-385.320628083062	-376.341896065620	-364.893262565106	-357.170899635382	-347.000372236275	-335.713989909102	-324.697949695697	-391.126811762848	-381.294592578959	-372.548216523944	-360.695473404240	-351.902676394956	-340.694413103462	-331.066128964944	-320.434927193613	-395.266175336198	-387.406921367974	-373.756299140190	-365.406799339808	-355.396607658245	-347.463222104035	-337.057324696334	-325.415710495260	-390.517929651933	-380.748030139714	-369.798223995737	-362.108296318422	-349.674988927034	-339.091967372162	-328.419998552549	-322.132113005672	-395.573986809827	-384.711253669939	-377.109991635162	-365.647279982088	-356.628050065669	-346.760227850822	-337.520789791104	-328.067132296821	-390.868771248693	-382.243167873325	-371.865647699120	-361.482764499284	-351.259094324652	-342.613794751282	-330.912534960251	-321.070121808802	-397.058556784715	-387.380416436550	-375.060280321686	-364.951091135169	-354.475406930518	-345.250245380928	-337.762718440532	-325.493321207330	-390.352984919261	-382.004530707393	-371.675137375842	-359.488824605732	-351.677647040401	-341.088911760705	-332.362249552163	-320.435679451837	-396.348714137528	-385.524767861064	-375.813878686687	-364.279945179263	-353.944130247854	-344.313889506424	-338.088865598108	-325.524120434902	-397.188774132624	-384.741614368122	-374.523759104768	-365.911522913154	-356.704677279771	-345.515427846815	-337.870744546480	-325.139070964798	-393.463498188624	-378.936240275172	-371.065937890740	-360.503447791159	-352.081432876654	-340.226914433232	-333.254899092998	-322.912681091970	-395.380244883034	-385.951964000618	-376.031583757417	-366.905440238983	-355.603253059234	-346.672827528652	-338.159987787254	-328.256466306916	-390.089814969545	-383.918180936134	-370.989809488827	-362.899918220456	-351.541970903945	-340.046523346792	-330.937346344336	-319.222879665005	-395.586711654475	-385.262667417122	-375.405836589305	-366.401113731737	-357.501832804582	-345.205878763010	-335.729117572557	-325.318362085621	-390.775315892411	-379.585682131993	-372.994367047209	-359.652698681553	-351.502986042508	-340.064353815574	-331.756673848345	-319.826521750353	-395.462707340312	-388.686631384501	-374.413198047370	-363.928259716416	-356.163604518956	-346.131665146189	-335.360210512626	-326.148680471796	-389.777137454682	-379.350153825989	-368.778687767722	-362.273376928612	-350.674238028003	-339.517691260105	-328.819152203764	-321.236662475054	-395.426433295864	-386.620487185109	-376.194745187411	-367.168069360161	-356.842567690268	-346.683601595241	-336.157429134821	-327.589161036123	-388.856944460126	-380.776881996107	-371.484375464767	-361.241985844198	-352.305032053938	-341.306430906601	-328.776611120261	-321.148458072728	-396.966251504791	-386.852181070965	-375.560957999654	-365.059852083564	-356.291142834755	-345.359739224739	-337.114549864801	-325.870424573341	-391.385872420960	-381.428972271396	-373.095520735075	-361.571742799648	-351.866179588041	-341.533294806422	-331.853149392181	-320.505557875584	-395.918198729290	-385.205194620036	-376.633180372569	-364.955798258183	-354.149876107045	-343.613906371534	-336.923378426675	-324.242426169072


seedPosZ:   60.4013740106567	57.7120266055033	55.7400772865264	58.7933376009573	57.8682798040347	60.4079116413483	58.2581290506903	57.1134075324582	59.4335464497874	60.1081513447850	58.1234342083662	59.0193558373180	57.1717872366705	59.6345297110457	58.0628622088943	58.2286710487152	58.3413875478049	59.6046826236308	60.3354464839998	57.7383091496862	57.8731584841541	55.2964599984014	57.4936831710819	58.2207520898041	60.2938233314903	59.8655324326373	58.4931383293052	62.2539497057226	58.9795635624907	58.5374395288511	58.2396697083929	59.0479258970126	60.3314409149581	59.8360440395230	59.3090390141519	56.0432771302719	62.0455089894476	55.1562215626262	60.1144668079917	57.9898390625086	59.0289960451679	58.9911901430624	57.7712452263740	59.0084984843639	62.1898134060088	58.9824927896591	59.3860466283895	62.6683715531116	62.4804503699090	61.7794916407383	57.8772371087621	58.0197117092085	55.4700643404054	61.2872202842938	58.8513243340427	58.0843185795389	57.7242715121114	58.5595303834854	56.7595983046754	59.6523024020524	55.8878967959976	57.4377906903692	58.5829883622589	60.6110628533139	59.1940975689726	57.6652042746901	60.7549399767002	60.9909486635467	57.2091912029951	58.9997912937694	57.0410672772495	59.8941440547291	58.2410448795846	61.7200435867872	56.5338817262428	57.3094926622207	60.9311198238253	62.1215941246936	57.9736117221210	61.6226793726636	56.6461973825245	55.4023351289884	56.5774402533102	61.4433612195960	58.9830402790890	59.7990683309139	61.5197872162079	62.3117270677696	55.4110605310217	57.9810706970806	59.6907897398781	57.7597748059868	56.4110173911656	61.5354719008079	57.1180146446511	59.5473187751535	57.4474455486074	55.5967128014180	57.6375474501801	62.6316653985971	58.9060943135891	58.1431251351597	57.1678640154011	57.3448853120686	68.0294807896676	69.4797781185178	68.0143273321662	67.1277585780056	68.1932620487626	68.8884256185728	66.5047941143542	67.9979950908962	67.6162413294869	68.9276728818582	65.7971035693531	67.0463748244914	68.2231915419259	66.5980506958287	70.3205385545806	69.8586783375062	68.5031598735088	70.8582186688120	69.6804792021818	69.0478599342903	66.2000836007706	68.4691811619781	69.1502120891594	69.8189564612564	71.6355035763689	65.7172909447499	70.1835050903214	67.8459383845806	70.3650919417682	69.2837488244684	69.4911257446137	69.6133876575689	71.0432856321076	70.7871501064048	68.2703523286741	68.2138432448772	68.0462388042266	65.5499936874220	69.9992390280722	68.9391158651382	67.0430174370601	68.4176481720863	69.1492571630194	67.8848987543536	71.7237750469927	69.1691934487482	66.1395860533923	71.3589211349269	72.5789916100610	68.3777849926232	70.7671269239442	69.9030956552070	67.5192064521500	72.2571186575662	69.3368770758676	70.2173288797224	69.1417174418123	67.6412278445409	69.4273780599344	71.0543811439518	68.3787948565252	68.1368227357081	70.4453946103830	66.7739953460521	68.7299846707918	68.2740388786949	70.3775247297646	66.3830605667707	67.8045426646937	69.8312435852218	65.0322495720782	70.8230220267356	72.5714555024266	68.9935356151024	67.0421369363816	69.9639457977045	67.7145710000013	72.6853230897462	68.2806682545145	71.5290961319861	65.9696765382313	66.4057721885817	69.3727965151840	68.0785185572529	69.5711714109017	69.2394671180375	69.2160789362387	71.1224683245418	68.9102090181055	70.3469697602768	70.9651228109440	67.4244536837600	68.9600984138943	71.0485878204333	70.0582644249891	67.1434935617408	67.7348269859291	66.6051854328098	69.6144293301783	71.7149390285956	68.6793623178230	71.7533692514887	68.1178381569625	69.8758301449378	81.4285052290677	78.8903988578812	75.5924553415940	81.2891154612445	79.1740041079077	79.4574342286438	75.9406225411216	77.3116469922029	79.0229589304528	79.1398259876014	76.0697562776313	80.5995656198130	80.4659121890335	79.1262193033247	80.1908245675522	78.0334436169987	79.2100424066038	82.4602054969056	82.4835117071799	77.0872153405269	80.4719923415577	78.2884795777750	77.2101850718217	79.8555431025477	79.2691016868031	77.4144456373641	78.0715638685637	78.7370393333723	82.2404216892914	81.6140923907405	82.1061913938935	80.6597805231442	82.3202096931740	77.1249574725362	79.8845588153741	80.2815063678974	77.1571107833985	75.9266024980823	80.2619879335720	79.1002302488294	77.2214140905431	76.2733926741847	78.8897455754809	77.6578354013661	79.5011641949432	77.1110158815196	78.8918100507799	82.9575984807016	79.7527175755841	79.5512015878095	81.1518749623995	78.4017620169898	79.8036997689733	80.3097258782413	78.9480350973797	79.4739834878773	80.6843234837533	77.6977095199312	77.9079381806052	79.6967783748717	76.5937503119344	81.7580159368581	76.8578235014883	80.1521922337955	76.5340106209425	78.2158270144749	80.6885791352956	79.1881031905026	75.7466972856989	79.1236934933503	76.0544759868849	77.2674819706462	81.1359674233496	80.5770824223217	76.1944237307869	81.5969719306777	76.3276367305098	81.2810697680524	77.8272167149016	79.8808692824247	77.0722983742757	75.2921033949654	76.7770257105554	81.8453287918437	81.3832636350298	77.8986522365691	80.0218069125989	80.6889858432500	76.9296504182709	77.7269547078620	78.2159481819043	78.6315145545163	77.0448298821066	77.5323225834273	78.3255973329951	79.1887515049596	78.7187828458685	78.9417791075615	78.7401202770086	82.2720669789520	78.0249504589764	77.7824414178134	81.0770310162353	80.2243358182245	88.3568371778038	88.9850222454490	85.7263079609890	90.6317672540521	88.1313799598656	89.3749638751678	86.2435658633699	85.2677314339707	91.0090238399120	86.9746667069102	88.0728254680418	88.4052977730282	89.4835882867801	89.8315019623552	90.0658948150843	89.9844221721523	89.6234631222569	89.4807991244772	92.1445246497882	90.0573647105767	85.8368397734523	85.3596707974856	91.0580405596898	90.5614365979286	91.0438454738392	88.1108673325532	87.9978547199883	90.9453746540469	91.9326778655775	89.3185267909524	89.2673039491252	86.8149476300410	90.9083707383867	89.4709428449759	89.4003384784266	88.5133294252584	88.0447759880410	88.6144167094766	90.1368492579328	89.6178694473436	87.9815052545759	89.0152812909463	89.6278789991782	86.4137867489921	89.0131285597243	90.5325056581912	86.9494264369178	90.9000295352177	88.9117604884251	91.3009557067065	89.8998618919506	89.0969093477180	85.4557527725106	92.5997280560592	90.5450497053291	90.6469791865731	90.2124658717081	91.6245814635438	86.3490861243197	88.0137624431884	88.5843386521098	91.7738764033797	87.0672679000406	88.4613255155801	88.2860767120407	88.3408141859730	88.5722268281927	87.7136004681897	86.4556062308093	88.9004919223119	87.2393501113820	89.5157438356692	87.9654824910592	92.5630968531199	87.4090199852934	88.8183996500274	89.9232608640630	89.2534824747009	91.0552768137414	89.3901920119077	85.7575657205249	87.9080025737105	87.3162426569768	91.4499445816010	88.2516965560506	89.8213063653923	88.1234609871210	92.1165042398688	88.7597740522880	89.8110401935606	90.2087733329236	86.9410504364078	88.7442505842933	89.8893020480336	91.0805205703135	86.8909080785196	90.5536875050805	89.9397132812301	86.4730467468064	88.7581997906430	87.5963775066254	89.7727835564466	87.0875548767069	90.3448838757989	99.6946043621526	98.9504640360852	97.5356448042242	100.968864915220	98.8518783974381	102.582959847620	100.303546079894	95.9151515839112	99.5012963640950	96.9863857112704	99.7142133285192	100.269660826563	97.7579812949057	98.6714908236054	97.7636704381695	99.5311989111206	99.3460030102512	101.489756823733	100.271626925550	97.1472993012758	98.0360683891928	99.2675147070966	98.9438664101192	98.4149646841350	101.113257912076	96.5541292149277	98.5836791282237	99.5269114647684	98.1170219399582	102.244010369745	102.501402646863	96.0962679135114	100.100605883635	97.7877917480174	99.6107590765997	100.203070497168	99.9733391177534	96.3066198996497	97.5458611758968	100.623391981337	98.3848468243989	96.5422435863916	99.4743760878850	99.1922883523755	101.556804974804	98.2138288471253	96.1645929395764	98.1789416170648	100.851562990599	101.040896902286	101.120177341490	98.3429015675638	97.1730194066710	101.714343373863	99.8572460000377	99.0439147558334	99.4670393618463	98.5858709803412	97.9057016676272	99.3701355088493	96.7464602529460	100.359666242794	99.0200731623958	99.8518352972245	96.6967193530734	99.9182701120446	97.7221579219398	99.8321983775141	100.113904422772	101.254545350797	95.2320638815306	98.7323776823854	101.636215784768	100.326754795510	95.4731556529437	100.006398458773	98.2337747201077	98.0333928252164	100.712481468955	100.273988687360	100.238946622544	96.7770818019259	96.7243636876993	98.3965591466596	101.171357200148	97.1793569662694	98.3948941659709	99.0187428213108	98.3067333115813	99.0133517848919	100.042325440043	100.137020437091	95.2861336673192	100.048138240272	97.0047839368394	97.6803648128247	98.6446244314940	95.9163853721232	97.1034098728126	100.895212107199	98.8369258730645	102.521735822072	98.2998048950620	100.150195664541	108.546939862899	108.988133639164	107.884897503366	108.640838790106	107.214188982378	108.557356051382	109.812815089329	105.553309963844	110.236350103240	110.605767669544	106.134352153413	107.035233444244	109.476100967469	109.742245884604	109.470532518830	107.644064150341	108.134498934193	108.939181086571	111.390045165796	110.074573797295	107.258032121691	109.922098193372	111.557844935121	110.626184722402	111.321810137753	109.654953353310	107.280907571969	109.717141143735	111.678181788265	110.561389285979	111.796848274676	106.392120565473	112.452602055060	110.411073584556	110.178214266882	107.678479765394	110.091501645614	107.137957596050	109.765782437672	107.156336032577	107.304038580518	106.957876099296	109.869094207542	109.413653440297	108.157718435436	109.072123775801	109.655716897554	110.286193351918	109.111498483330	108.521204015773	108.154261985764	111.998998925668	107.229666163835	112.241121116285	109.535745681957	109.089492523931	110.090486813621	108.962536175421	105.460634598379	108.850082868987	110.371884458942	109.501021182742	106.638740936776	106.732364952889	108.014330936898	110.493454629535	106.343978043326	107.074737691366	106.326872513973	110.178769191428	106.702711728528	110.048208261889	108.459963721023	111.162129935295	108.056031980712	110.761495407704	109.221853983316	111.681976272220	111.059926104072	111.063366757554	106.690973308612	105.568308939509	107.851545547696	109.280043583284	108.236310931509	105.573673521891	110.873955626489	109.482303966652	106.214760632383	110.623611976715	110.694074056909	109.301898299178	108.193469414908	110.769676158056	111.216537169942	106.853520689911	110.009656108821	105.478485938484	108.036703321539	112.331540087244	105.947950422329	112.278597279877	110.997158563711	107.909775894436


objFunctionValue:   692.995629153582



