Dataset 8


dvh_array = np.array([
    [ 7.64, 2.96, 18.54,  2.92, 12.57, 12.32,  3.30,  3.18, 0.00, 0.00, 0.00, 0.00,   0.00],  # Rectum
    [ 5.14, 0.53,  5.97,  4.38,  5.92,  5.91,  4.43,  4.41, 0.00, 0.00, 0.00, 0.00,   0.00],  # Penile_bulb
    [ 5.03, 3.32, 45.06,  1.92, 13.81, 12.22,  2.33,  2.18, 0.06, 0.00, 0.00, 0.00,   0.00],  # Lymph Nodes
    [ 1.19, 0.85,  4.52,  0.27,  3.57,  3.04,  0.40,  0.35, 0.00, 0.00, 0.00, 0.00,   0.00],  # Rt femoral head
    [13.65, 1.24, 18.91,  7.66, 15.56, 15.09, 11.19,  9.33, 0.00, 0.00, 0.00, 0.0446, 25.99],  # prostate_bed
    [12.45, 2.03, 23.40,  5.74, 15.61, 14.83,  8.42,  7.08, 0.00, 0.00, 0.00, 0.00,   0.00],  # PTV_68
    [ 5.27, 4.50, 88.96,  1.47, 15.30, 13.39,  1.92,  1.77, 0.15, 0.08, 0.04, 0.00,   0.00],  # PTV_56
    [ 5.74, 3.95, 23.30,  1.06, 14.29, 13.60,  1.52,  1.30, 0.00, 0.00, 0.00, 0.00,   0.00],  # Bladder
    [ 1.22, 2.80,236.26,  0.00,  9.89,  5.09,  0.00,  0.00, 0.04, 0.02, 0.02, 0.00,   0.00],  # BODY
    [ 1.04, 0.63,  3.45,  0.12,  2.75,  2.41,  0.35,  0.28, 0.00, 0.00, 0.00, 0.00,   0.00],  # Lt femoral head
])



templateX:  -52.8825468085637	-52.4620398840583	-50.1870869470443	-52.8284821999399	-52.4006197108076	-51.7783969344372	-49.7332093042018	-50.7502898785182	-47.8441916870183	-46.8099539960404	-47.2251324096184	-46.9356964814263	-47.8063485706740	-44.9925938732787	-45.2248606549371	-45.3757842949470	-40.0203236338208	-40.2239308483946	-42.4778499521127	-41.5546738458116	-42.8021032110560	-42.8952687471009	-42.8753415221551	-42.3125895987500	-37.3733093875177	-36.0956054337706	-36.4337456505468	-35.8214902895034	-36.9304012432903	-35.8249397122841	-35.8518435266395	-37.4742682829972	-32.6247567737885	-32.7876025705107	-32.3112450207817	-31.0652352877082	-29.9550441755901	-31.8273923995632	-32.2307725284642	-32.6719165109441	-24.5887993621862	-27.0431526784827	-25.7109197978426	-27.1764771784488	-27.0537335731528	-25.2978903479038	-27.3538210841797	-25.0187314588949	-22.5708854693659	-19.4705424120369	-20.6135618226684	-21.9054343826810	-19.8645196417001	-22.7943449775547	-20.2365501148280	-19.7632150412984	-15.7337731640129	-15.3772251854800	-16.2763594167542	-15.2437319543657	-17.8748375247313	-17.2226339495484	-17.5797532267056	-17.3120703742493	-9.60196604169341	-9.92682166095413	-12.4193436820061	-10.5872954748907	-12.7651205247722	-12.3812637293474	-12.2531600790500	-10.6410676496881	-4.90189794586727	-4.91301947254773	-6.17070118512990	-5.16676337168392	-6.93854608503418	-4.51400534024611	-4.43298176702745	-7.60426276731138	-1.74555747804676	-1.96078875645278	-2.14410457700773	-0.215258284483223	-1.62214389545211	-2.36077397027278	-2.32225744794284	0.226939457992428	5.41042988807337	3.91130141705539	2.16447245140234	3.56773594553903	2.52746358504369	5.43163305455372	3.04579678046782	5.22795187027295	10.2333365050436	9.81452784588750	10.2810388104956	7.15854688448810	10.4576760936136	7.36354978058558	8.09813268214706	8.80857554107356


templateY:  -394.478412835394	-385.887017399836	-376.916517715833	-367.423622145157	-357.332241694472	-346.934572501209	-336.356800868117	-326.489751793056	-391.387051187622	-380.725051465174	-371.311595014373	-362.833332225776	-352.755465775254	-341.479717342468	-329.447338622853	-320.975722717817	-394.682059246726	-386.740857335621	-376.858606079072	-364.799005444187	-355.148409234894	-346.494971531294	-334.787273022894	-326.385574246468	-391.243090968703	-381.388154764948	-371.282178760141	-360.441427956438	-352.540890108846	-340.308302798694	-332.420352591201	-321.137563408045	-396.966609211202	-385.804580543668	-377.078750285124	-364.532501917850	-357.654880652490	-347.234048847481	-335.690566951943	-326.855493692287	-392.395257930373	-382.214146786675	-369.527254228355	-361.837268085140	-352.045203843674	-340.564862560428	-332.860378019608	-322.601824269439	-396.791868631575	-387.091516432661	-375.441901012454	-365.424602273550	-354.894060407722	-345.918705321249	-335.879250561542	-326.017192764469	-389.869311700761	-381.313203473902	-371.533579579993	-360.791658342526	-351.807773999502	-342.521536675929	-331.573626121220	-322.097870316245	-395.624120710350	-385.157117113923	-376.370294724020	-365.701698560703	-356.898652598972	-346.202246679351	-336.773818342127	-324.980319242125	-390.274349477022	-382.370324740849	-372.636486078107	-361.012936022774	-350.271570415335	-339.950346240489	-330.353093461532	-319.768734764050	-397.305427083850	-387.171074449808	-374.788548544108	-366.258557633191	-357.220739489636	-345.338326009941	-334.782979674220	-325.082374528990	-389.925010775320	-380.992251919646	-372.141852148534	-361.018854809257	-349.923855528545	-342.121722833133	-330.366873337683	-319.856074795606	-396.225988757022	-386.263649807231	-374.576565157015	-365.676214846744	-355.053060735701	-346.470023187597	-336.750533698153	-326.549592672534


templateZ:  59.6375832079137	57.7969141573666	58.8361437335428	57.5438877947776	57.6109096133216	60.4363738242416	59.3294918567095	58.6564848757271	59.5983556789044	58.9749523209647	59.4046842361104	59.8448349558790	59.2842525704211	58.8784957668264	58.8199936412217	57.5067137594719	60.3291145000734	58.6353550800426	58.6156839018807	57.2236914665012	58.9076822633364	60.4941500415063	58.0849159776014	59.7231300405418	57.5299989200782	59.8138468127625	59.8012082339344	59.0138719020700	57.7138038695990	60.3766116577286	57.8499197975132	57.1903522627867	59.2268291581938	59.2469887331616	58.7621821469858	59.2082875427197	59.6532954805713	58.5495772735996	59.2128384809050	58.6111736937474	57.5476356351920	58.3460266480735	59.0347996236321	57.5660369532749	57.4064280383434	58.1342901027166	59.4900467930522	58.7208377570042	58.8684427980485	57.3258638549215	57.3788114576271	58.3037587279074	58.2974390366330	60.5685488289342	59.7520137249217	59.3840485706994	60.2112187022064	58.9128047706833	58.4378998459646	60.2143575092403	57.9813563770973	57.6952014710863	59.4263034801624	58.0158538110592	57.6728013059277	58.0893102372583	58.1666706189604	57.1418551459421	57.9214719858320	59.4666022712724	60.5570196089596	58.0177107306033	59.2882942900867	60.5225932028243	58.8437894074532	58.1747842958038	59.2110294088666	59.0230298527686	57.5753876779232	59.0539578222210	57.6429146447115	58.0261110952664	58.9716816442871	59.9680084436588	59.6360598456242	58.8740575929677	60.2501246331699	60.4486984463006	58.7394338833844	58.1277807304510	60.3634748413824	58.8583386980646	60.1918451717403	57.8675227379216	57.5215944755258	57.5562943402531	59.1305505488249	58.7534928056992	58.4303251807774	59.7623430436630	58.7157973726118	59.5922891544120	60.3744677332788	59.9928199627551


seedPosX:   -54.0329280563325	-51.4921192351685	-51.4097017002421	-53.1146614960866	-52.3748994789144	-50.6311633164156	-49.7914457317575	-51.0255952663965	-48.3256046883378	-46.9067150486689	-46.7082789889032	-45.8320979823618	-47.1928596949426	-44.7812125177058	-46.3331529755660	-46.6183808930620	-40.2515954080656	-40.1356464164247	-41.9562639594015	-42.2066957439646	-44.0436802274900	-42.9172595257735	-43.8184014892923	-42.7771375200049	-37.6013260551428	-35.7691294746755	-36.0481112542643	-36.8349901734848	-36.7848022563404	-36.7988214451315	-36.8236420988820	-38.3776329787977	-33.0086515200484	-31.8168109339699	-33.3750691868005	-31.3234243905673	-28.7701588113599	-32.8059514276038	-33.3687410835678	-31.9178058547123	-23.9244276775817	-25.8205486991212	-25.7211996644074	-27.9365741540990	-26.5265228808771	-25.7113412124577	-27.7406201373853	-24.6897287906703	-21.6024781215309	-18.4936073968138	-19.8712379193225	-22.0876937384603	-20.8852709208503	-22.5599164594263	-19.2014150293010	-19.7640836697783	-16.7678719435396	-14.7483157505129	-17.3601327923913	-16.3578305796909	-17.6910015459629	-18.4042120805347	-18.2333710874931	-16.9862483376107	-10.5769730545883	-8.92212539620021	-11.8427346416313	-10.3667733056839	-12.6861362814283	-11.7204710144790	-11.6966955127233	-10.2747560743878	-3.96070768697511	-5.27180908184871	-5.00130209309008	-6.17210231425041	-7.94848488620297	-4.24636791590788	-3.45666298294291	-6.69812928824049	-1.03306121310529	-3.19967016603349	-2.29729285852358	-0.502434547993347	-1.40795861967213	-3.17418718193757	-2.61557010732710	1.31714849612922	5.26925401806784	4.93480929291983	1.20519901049065	3.17054878708891	1.74304245071006	5.50771036268039	2.39772072960540	4.25564158588440	11.2077304851867	9.34829715897820	11.4173547259766	7.12184577911588	9.67363124195646	7.33384928152345	8.63927236766208	7.78300962614035	-52.6935735968621	-52.3484165449903	-49.9888714959591	-52.8736637518711	-51.7646725114876	-52.2999737934675	-50.3882282027492	-49.9785471566076	-48.6045355303654	-46.6222278996234	-46.1000782833134	-45.9888619497602	-48.5212566330092	-44.6272801444557	-46.1834856562785	-45.6198465938500	-39.5609034454627	-39.0090339341647	-41.4303736217469	-40.9459781493020	-42.8651823865033	-41.9358084309914	-42.4547706775091	-42.8484813616893	-37.6969837761219	-37.1617692077256	-35.7436722109668	-34.8491192456905	-36.4364168888304	-35.9108283449972	-36.8942895171879	-36.5496936366275	-32.1748149676884	-33.0080699654609	-32.5905675058589	-32.2483356894779	-30.9405309474682	-31.6870868806750	-31.6336918934261	-32.1062691678883	-24.5793880577003	-26.3446896668113	-25.0571518882696	-25.9811966522117	-26.1304254354916	-26.2475121948421	-26.5039044748867	-25.5735500678632	-22.2538635529429	-19.6826631857167	-19.4363749426982	-21.5669795234390	-18.9355604183212	-23.5428510962013	-19.5489771457734	-20.0895845158249	-15.8427994078281	-14.7632102748789	-15.3006858843079	-14.5399253260926	-17.9976440740096	-17.5864588478755	-17.3561510838062	-16.4541437422916	-8.64499176039651	-9.61969503921335	-11.8651914897950	-9.87619194211210	-11.7353506077313	-11.1339203403839	-12.1071433960454	-9.79697532241155	-5.10844872189475	-5.37625052561932	-5.69730551963108	-5.88961655581931	-7.12592173747521	-3.87019721475532	-4.71828203546064	-7.65194989004442	-2.60046704026882	-2.49714863729006	-1.78780543527543	-0.999419461731468	-1.45029278594458	-1.85017786758885	-2.74251512918918	-0.961151945220112	6.15674072625512	4.38331902899183	2.89320730626678	4.68408069057013	3.76701635923724	5.82185427683011	2.35738985649347	4.40450583609378	11.3757365510227	8.70030238044182	10.3960630830610	7.41794545086982	10.2910574935289	7.67888158966341	8.13446873648545	7.99431539041032	-53.6795671109396	-53.6337528686822	-49.0184697973485	-53.9542687819519	-51.2090663969241	-52.8182504347887	-49.1502513514742	-50.8718628543058	-49.0862485251824	-47.6988016961197	-47.0545956244124	-47.6683619244788	-48.2376629218895	-44.7646195343464	-46.0587661383621	-44.7041901386478	-40.2796632277774	-40.8797483585423	-43.3884690723789	-42.7010969521810	-43.2476780493362	-43.6269156671062	-43.0136533468754	-43.5188890607142	-37.2713339208589	-36.0609793219922	-36.4553333256040	-35.8080646893867	-35.8207771348116	-35.9806236695653	-34.7679234355230	-36.8269624600677	-31.8641660741957	-33.2251351118766	-32.3700655499637	-31.1149986818693	-30.7650002258407	-30.8832142847956	-32.2568057753158	-32.1276982352931	-24.3811655340721	-28.1348083825982	-24.6112544522843	-28.0511871403987	-26.8442781768470	-24.8675299757423	-28.0550316791678	-25.3027918467113	-22.9540785227229	-19.3244423132577	-20.4087124547298	-21.5005964925050	-20.6394501190833	-22.7066916194656	-19.8723902464511	-20.8827600345984	-16.4928667069306	-16.2580453276365	-16.1392617980794	-16.0865791385816	-18.7156609703704	-16.6766321142400	-17.5544550925524	-16.3543917675438	-10.1263278977280	-10.8179889183712	-13.2066271106593	-9.59310268207001	-11.9035406704412	-12.5603311092567	-11.7630405156902	-11.3463520233951	-4.85230169518781	-3.96084571501981	-5.07146711435238	-5.01297775153507	-7.77106817120813	-4.94676506368248	-3.61551387725162	-7.30088578632231	-0.924380899504017	-0.823052390245523	-1.71803378917600	0.583620153240039	-2.04699692555386	-3.31030154242573	-1.47666751037428	0.101807518932383	4.24490185831059	3.98269352087751	3.10752622841180	3.20117412267926	2.38775367307495	4.99838438698123	3.03218757344309	5.63955526236431	9.62842486582122	9.59094612701003	11.2076615098534	6.20098737379323	11.0965914103223	6.19820861872523	7.17259159044992	9.90895868680472	-51.6731511319739	-51.9558511724475	-51.2768220945071	-52.7210138190041	-51.6849096192338	-50.6608630487721	-48.7861155969889	-49.9664193166884	-48.5160837346835	-46.3690345901925	-46.7606584708023	-46.8616290230020	-47.7974630923784	-45.9335682818460	-46.0372463205859	-45.4774533793821	-40.3602248140320	-39.6487442181248	-41.5308529338482	-40.3852594487726	-42.1089419132331	-43.5788547708747	-42.0546936958646	-41.7448492063803	-37.8819783220950	-35.9713645779059	-36.0827445019693	-36.6685536934390	-37.2577627271045	-36.4841700284017	-34.8285838739161	-38.3864026419785	-33.7401609041928	-31.9819010986135	-33.1932324014852	-30.3655558195400	-29.8321087566060	-30.6066650847938	-32.6024630967803	-32.0523720981644	-24.1009416320088	-25.9153077924867	-25.8173585185825	-27.0308770084108	-27.3304827394759	-24.3147164358598	-26.7849441569389	-24.0084137728986	-23.7375315747895	-20.6973168684573	-21.8118614674412	-22.6783608508881	-19.1889539392244	-22.9792197126053	-19.7858239292163	-18.8337326907702	-14.8748062596815	-15.4058739108095	-16.3839068245044	-16.2185232905294	-18.4646746560558	-17.3841562429237	-18.6942207123569	-17.9516252715155	-9.20483921061226	-10.8537738276656	-11.8312434595333	-9.75136750132254	-13.3737167977166	-11.9898789749441	-11.7303343302951	-10.5810744649643	-5.89863372593470	-4.38640356650178	-6.90840874473866	-4.66888808839009	-6.17657447028893	-5.16074103906619	-3.51239948092116	-7.37905243658598	-0.634227369425843	-2.21246768328815	-1.70811376226665	-1.04414647460057	-2.05554138934390	-2.61034041815276	-3.16208797915031	0.585231004785361	5.10679721389894	4.81000960298888	2.35199824008761	4.20191277195493	3.27974423261252	5.51940175696975	4.18375637946495	6.02578186157398	10.8620250796627	9.60565237867806	10.0309434719610	6.41116023873766	10.8055840972689	7.16325965514721	9.05927234777796	8.07138450104678	-54.0713718502585	-52.3874932941897	-49.9315504270492	-52.4688166545882	-53.1024766186442	-52.9063419760692	-50.9017298235006	-50.5136234851683	-47.1039636561851	-47.6239201997693	-46.1224912876611	-47.6484505435128	-48.1058566956534	-45.6742311258458	-44.3023904886664	-45.2238186190724	-40.9531683506588	-39.4068817720677	-42.9326612793774	-42.0633638885801	-43.5710874202558	-42.5011044578458	-43.2409905443204	-42.9532431556086	-37.6477405570927	-36.4156454832815	-36.8196074146978	-35.1951704972431	-37.1787494983899	-35.9668139738825	-36.9200624206742	-37.2079513513257	-32.8581473846367	-32.8454022164070	-33.5205386367257	-31.7894586708510	-30.8190684200454	-31.8207365237619	-31.6645448206099	-32.4038808968099	-24.5232629600544	-27.6089628579066	-26.0905400840348	-28.1931793030936	-27.5468358313521	-24.7310215940148	-28.4740056081780	-26.2325163184761	-23.7551622700477	-20.1120858653421	-20.0739777262424	-22.9602487388690	-19.4493937199174	-22.9954662698083	-19.4450140128704	-19.7402690437000	-15.7091980873329	-14.4724086318830	-15.6994673460903	-15.3336235319935	-18.7403021981369	-16.2819972588378	-17.8120618938456	-16.2485071717830	-10.3859950261180	-11.0513551444899	-11.8459200932912	-10.9921336032839	-12.8879625080120	-12.8206267013172	-11.4279671447879	-11.0572241648151	-5.43230243644291	-5.51326630882830	-6.12113481208776	-6.27715023409757	-7.08872753796390	-4.06708571543222	-3.74809404374043	-6.97030909181748	-1.53047959390018	-2.22956811077712	-2.77552239248876	-1.41692679267526	-2.51765451610047	-3.22810309447646	-1.72425862674668	1.02852217911428	4.42778325771874	5.04774168648522	2.47260440990838	3.01115594984028	2.15320244611599	4.19701928783175	2.64095454900756	5.59820361936078	11.2160209577828	8.74673757401435	11.4849593861780	7.62394353020989	9.56221702099095	6.16295468381104	7.44389790102423	9.67507029636689	-51.8818516418562	-51.6207629549414	-49.5802230072902	-53.3555229734348	-51.3790270628691	-51.2875026145480	-48.9228359133819	-51.7511841211142	-48.8346547303906	-45.8026411978330	-47.7711594942203	-46.9460173172594	-47.2114966919352	-44.7415751224008	-46.1960278432248	-44.4498562441677	-40.6628980065168	-40.1103313784560	-42.7017289528663	-41.5822399547497	-43.1074833318781	-43.9087740237385	-43.6062650371617	-41.9118889358033	-38.1906358565375	-34.8572601530119	-37.4823273982369	-35.8436013820428	-36.9634048286769	-36.1732984502513	-35.2409630766490	-36.4558812618091	-33.4214411212431	-33.7854799283598	-32.8381828657192	-31.8287152741155	-30.4727277777303	-32.4781094547249	-32.7171170226964	-32.5331454626341	-24.7291186282166	-27.2016859330764	-26.3446439455507	-27.8692747823522	-27.7424221898127	-25.5017866503973	-26.3262450743528	-24.7778919194539	-22.3792953758895	-19.5622659938885	-21.6024090356724	-20.6761843692970	-20.0433256576154	-22.5724811560421	-19.8843743944036	-18.6681113517854	-15.3864637935636	-14.4748524627204	-15.7460522082408	-15.5850083573808	-17.4058434708995	-16.0251249371208	-18.1059687240052	-16.0709587116537	-8.86466217177112	-9.14819469701338	-11.5928098004651	-10.5541251553202	-13.3947546424311	-12.6757395220059	-11.8260081507197	-9.54901432811663	-5.95143247829206	-5.71090691136714	-6.11973569925575	-4.79613456810713	-7.95034389251092	-4.21372681680705	-4.68706410667861	-7.50672796677646	-1.88942617843507	-2.58771176193275	-2.07033080345477	-0.427394079289916	-2.10928593025803	-2.88881910380093	-2.67679967325313	0.324255847818320	4.73828424152784	4.27291264041207	1.16877849870500	2.34119934177319	2.48081950634335	6.45300686710420	3.15614179536544	4.17557750922841	10.2005822522229	10.1005397723853	10.5482211579622	6.90611070148646	11.3957036570673	8.08261425514159	8.16056811579691	7.83128657099067


seedPosY:   -393.312941239301	-385.540082918754	-375.723370979784	-367.674475090507	-357.203165846679	-346.046068903257	-335.412262010700	-327.616845501323	-391.836527009057	-380.754717498565	-371.643352419605	-363.412863417254	-351.732782489485	-340.463459097927	-329.305497379758	-321.842832075305	-395.348444569984	-387.211841879155	-376.640954717729	-365.888858141810	-355.925727126164	-346.203799403876	-335.704694176020	-327.415936368828	-391.787293204665	-382.088766232002	-372.048507718084	-359.395527638304	-352.746786930115	-340.176441753050	-333.080296450911	-321.566963414206	-395.894717487840	-385.079469330033	-377.279257057884	-364.750175311377	-358.310142746578	-346.483976080694	-334.540676163528	-325.704003948210	-392.124677743455	-382.057756543641	-370.144651009651	-361.855431764141	-350.826157127977	-341.264449500761	-333.881362362034	-322.906353744155	-396.975550012299	-387.780942512720	-374.546197901584	-365.202453074331	-355.517603164084	-345.867256902799	-335.471018699239	-325.680186152522	-391.017293712609	-381.753811679762	-370.475437317777	-361.871801878888	-351.959777564649	-343.647288416833	-332.505372858051	-322.156834890322	-395.785541459955	-384.992532063978	-375.167894554226	-365.693794956872	-356.632934562127	-345.950686738731	-336.935780979199	-325.788580630767	-390.895124199383	-382.861960291547	-373.405757173207	-360.528461198466	-351.023104470939	-339.426068850116	-330.096489660493	-319.328841759795	-397.213806649366	-387.924546613407	-374.642820411388	-365.891411076964	-356.554911928561	-345.330539328038	-333.589984022099	-324.100532152427	-389.296194296417	-381.308957345125	-372.079049613611	-360.145347741231	-350.651993064687	-343.161009793546	-330.030491759543	-319.587713103784	-396.249274580148	-385.608298841583	-374.211855708245	-365.830760171685	-355.195224997845	-345.567194536523	-336.449702012351	-327.520188996543	-394.574269175124	-387.041986754745	-376.594073029064	-368.272304685623	-356.598501811483	-346.915551744419	-337.125089310225	-327.573068581161	-390.200096511481	-380.517017473801	-372.311497000494	-361.854705684152	-353.588084529278	-342.278858470245	-329.784003506165	-322.001197997978	-394.564823630857	-387.458983402239	-376.445701932869	-365.102861913630	-356.132754935694	-346.632213449730	-334.216733515750	-326.151357382277	-390.503996898948	-380.156310686711	-372.513752616461	-359.531115520884	-351.578409901255	-340.629406672201	-331.177306198321	-322.387387756418	-396.579409048267	-385.863659618387	-377.198607666725	-364.719285952014	-358.797102490700	-346.955831232911	-336.298268763162	-326.322361358992	-391.413333977185	-382.226996375153	-369.109642467099	-362.794590975968	-351.875565811958	-339.389039013437	-333.954586403726	-322.827749304532	-395.744110895808	-386.562766031601	-375.603220953017	-364.420714653389	-355.787270581755	-345.616385323413	-336.512223025030	-326.414449126936	-390.692252428922	-382.318258675982	-372.578344162906	-359.919963759635	-351.544460830168	-341.873798035034	-331.294701227325	-322.205400556312	-395.640189086036	-385.001704353239	-376.253369955574	-365.835817020834	-357.932184975999	-345.633293946570	-337.666758011557	-324.417200883379	-390.841422764157	-382.166084641175	-371.726816992384	-360.996056975055	-350.922320212399	-339.220566470675	-330.807957530484	-320.322469969611	-397.566907053702	-387.813447843225	-373.646239204384	-365.234765346945	-357.986948308714	-344.959377366953	-334.729057997726	-326.276692224991	-390.905480128657	-380.304687694740	-371.618179551020	-361.523805297677	-349.787737371943	-341.008350863653	-329.163078095065	-318.753424340466	-397.038451935992	-386.843128683464	-373.888598956853	-366.135974355001	-354.196113024591	-347.038653062876	-335.779532435914	-325.749421860436	-395.485253654011	-387.111577752473	-375.946423855844	-366.998104818837	-358.031576388659	-347.287410159560	-336.101440312858	-325.457742679812	-391.361851872845	-380.713426720099	-370.956169458131	-363.232864332481	-352.468053628694	-341.009907086707	-329.066769938483	-321.236306789492	-394.201758679229	-385.618650556266	-376.829817367463	-365.267981470537	-354.027603489448	-346.521615152406	-333.985152108608	-325.664285807782	-392.379399885812	-381.524094946538	-370.882455042134	-359.836778687673	-351.792577350843	-341.332520960480	-332.724411837429	-320.378079880242	-396.727125259603	-385.183710744953	-377.039773763711	-364.722459816590	-358.203489157133	-346.299410151135	-335.424862875856	-327.755434945844	-393.157757790427	-383.304392608809	-369.476793274441	-361.470787401527	-352.514369416148	-340.822222035162	-333.508326070858	-323.768071134146	-396.661763593713	-388.174479544556	-375.502256737093	-364.709358317963	-353.740289013275	-344.882411544188	-336.745577042042	-327.229565819514	-389.800030987966	-382.380369233164	-370.330372770237	-361.650162931147	-352.861549972653	-342.655873446600	-331.310767123534	-323.043081445366	-396.718265588771	-386.237203718307	-375.698601323951	-365.656019239264	-357.576761158831	-346.531518822392	-335.662866635907	-324.347809749902	-389.624163182530	-383.026629312021	-373.818606045695	-360.036805307246	-350.458463483078	-339.781368836567	-330.623889667984	-318.605854908557	-396.521921421602	-387.963275122337	-374.199557303643	-365.806012612930	-358.384008968206	-345.879042279145	-333.779598013884	-323.861033668273	-389.026384725832	-379.803605376529	-372.988514443044	-362.123837771724	-350.071121556205	-341.085727047026	-329.841279830448	-319.026621252434	-395.552885159410	-387.374507950492	-373.395814375076	-365.655432324144	-356.028094098328	-346.617278999925	-335.571527567309	-325.466793554546	-393.995823327492	-386.208736937814	-377.057888326363	-367.323216960360	-357.078718198648	-346.606526362605	-337.300085113801	-325.295740911764	-390.355210445494	-380.162386499659	-370.569797743657	-362.196734442798	-351.737864931410	-340.599154298049	-328.786923674224	-320.710563512231	-394.927196571945	-385.603036570696	-376.584276585555	-364.463660075030	-354.152149637439	-347.491804948317	-334.976098056445	-325.293704053312	-391.712590573186	-381.256700695095	-371.040555948616	-360.646656837870	-353.590228539962	-339.072453330880	-331.693385409646	-321.011715429939	-396.525225470797	-384.776075288911	-377.566595137852	-364.564430866556	-356.709339156140	-348.436168116769	-335.603949904655	-325.680460755599	-392.962086736833	-381.194970000234	-368.944326644727	-360.602532133102	-351.090995906132	-340.849862973006	-331.828753824580	-323.648193410329	-396.610845017928	-387.845695457682	-374.711222865670	-364.294395688855	-354.102626575033	-346.418159925567	-334.982961388765	-325.024536552061	-389.906433638819	-382.399868582614	-371.294691320755	-361.182197691299	-351.607323149813	-342.733786214017	-332.174387075135	-321.575132606621	-396.576167356364	-386.212195564104	-376.229919738043	-366.686387397772	-358.013342539831	-346.758655225135	-337.698079538796	-326.115593956556	-390.352011752376	-382.116958722090	-372.339519761309	-361.475864347730	-351.076514339304	-339.713521318328	-329.556422527544	-321.013015161025	-396.574234830250	-386.237450704450	-375.432634529297	-365.355745629763	-357.657860254624	-344.679560712141	-334.312253803168	-324.278990714577	-390.895259123396	-380.459294153802	-371.539007418276	-360.881134533862	-349.497990572887	-341.656907542038	-330.047492611159	-320.633661463970	-396.922037508298	-385.536465815345	-375.713792035238	-366.819057756355	-355.673664181574	-347.290432590683	-337.147998422392	-325.811125507804	-395.628963974884	-384.803599811402	-376.663575896783	-366.368795704424	-356.369980732485	-346.154473148397	-336.569194696233	-327.247763592098	-392.109580644588	-380.440447016963	-370.907682648160	-361.799357724687	-353.918010062902	-340.462500997381	-329.241166950677	-322.223001139314	-395.395456828236	-387.021821630865	-377.454159740784	-364.978560336172	-354.979713384511	-346.031022930859	-333.645296707170	-325.764894964100	-390.381199388064	-380.869139798727	-370.339283993368	-360.605364621418	-352.858545485561	-340.607534289827	-332.569650662346	-321.625603003939	-397.964079696223	-386.323554689070	-376.117711000122	-364.073391172403	-356.469090971057	-346.255528363374	-335.697617837494	-327.232271662267	-391.652969969647	-382.732437794330	-368.587322057035	-362.570567067860	-352.416397857067	-339.599049377854	-333.913980066237	-323.368473949360	-396.869954005273	-386.041724267778	-375.470286676346	-365.349436999542	-354.624778864607	-346.891711205542	-336.505989112625	-325.256861083996	-390.362561692395	-382.419717678623	-370.531380345899	-360.868248417374	-350.653286700240	-342.549963482179	-332.507185336877	-323.333917510570	-396.063968132556	-386.045774970669	-376.414595713732	-366.359780944764	-357.685025124909	-346.792317972801	-336.282918225501	-324.779738012614	-390.864422824913	-381.927624651911	-373.694601741641	-361.616115224166	-350.810847624334	-338.826397371309	-330.012745939918	-319.151693253099	-396.622786244581	-386.907849152125	-375.313043052657	-366.640283456766	-357.441902717956	-344.515803726159	-335.785803908505	-325.764595506013	-389.518070874798	-380.205840771584	-372.571180272539	-361.182912662057	-348.979457554035	-341.630599750201	-330.854414162460	-318.803209102738	-394.983040437633	-387.189603247689	-375.600959434475	-364.603802843510	-354.092021601293	-346.863308446030	-335.539123695745	-325.813313681547	-393.778151038588	-386.334284238724	-376.505282003342	-367.830191562713	-358.501614243369	-347.662647961486	-337.061220208783	-326.190987251941	-390.639396678648	-381.193769350207	-372.544640161202	-361.612126618245	-353.228666231775	-340.775517775815	-329.249015399381	-320.501282093789	-395.075253617052	-387.821925603897	-377.514827585999	-364.033838973433	-355.103463873625	-345.472233549169	-335.082111714043	-325.739640990774	-391.199641564937	-380.869131248471	-372.423908519203	-360.574936856015	-353.376162303633	-339.356497944285	-332.628424963903	-322.151796223616	-395.850141130744	-386.084485368733	-378.146033133130	-364.738788840092	-357.149534373012	-346.085342295711	-336.553278306410	-326.129134469506	-391.155711126055	-382.703043854242	-368.375191099218	-362.098245131475	-352.620142171135	-339.320522610995	-332.734310797818	-323.653961171182	-395.796437851646	-387.345525365478	-375.061310040757	-364.979420233617	-354.507057103783	-345.306068045629	-335.870060096024	-325.753833812915	-389.362668165186	-381.614047430541	-371.474778491197	-360.954968659733	-352.490646134717	-341.332359328054	-331.977542822187	-321.375443998882	-395.293198526029	-385.286883986546	-377.303636438368	-365.161870429819	-356.818901786050	-345.447843571919	-335.566670380640	-324.789638356970	-390.489787371750	-381.131246772767	-371.673279339361	-361.097302046854	-349.102018416454	-340.810338348262	-329.396831097071	-319.659544591456	-398.096063867712	-387.708295569644	-374.638955109616	-365.244356827440	-356.846315290868	-345.950197383988	-334.018185894729	-324.857215495510	-390.920145148719	-379.791905102872	-372.922186830047	-360.173096295160	-350.002529340006	-342.328854113463	-329.869351183055	-319.832535131212	-395.336288049127	-387.220111673638	-375.416115624786	-365.595321480067	-354.655464479748	-347.404960677847	-335.751834285295	-326.213164432606


seedPosZ:   57.5418132646608	57.3530751586914	59.8993132415592	55.5459997732106	59.1606436886757	61.1254202850181	61.3198364670251	59.2655908404093	59.1713931140233	59.7127429074240	59.3510288117490	57.8136115117356	59.9708679526466	61.1298033591690	58.7018758195700	58.0207387310497	60.7865279222067	57.2616637820541	59.4578492368544	55.5064500599974	60.2789393058987	59.0594135862951	56.4305338622229	60.8518938453145	56.3109449916552	58.1276799699632	60.4300934102070	57.7676093008227	56.5286943982145	62.0962522581467	57.3370239330097	55.2132454155159	57.6961006622320	58.5623408115824	60.6348535339059	59.7071386698637	58.4438617605689	57.8417154583563	61.1505388513873	60.6138266411110	57.2873964039302	57.1902839293392	59.3038771158791	55.9602749567451	59.2049393094756	56.7941711440891	57.8305731342904	56.3544521026621	57.9805971898905	57.6016866157287	59.0014545807306	59.8249964311803	55.9194801274769	59.9260765249763	59.7113630977616	59.2143097789040	57.9197877042307	59.4978138972043	58.8280644477812	59.2084017370293	57.6596866002010	55.8783666330182	58.4249073231201	59.3227276553578	55.3493139556635	56.9368102898074	60.6480131725963	56.8765846476095	56.1853963532725	61.3977431831505	58.2139215081280	56.0978854232449	58.0425695045932	61.8209679311495	60.8353375333660	56.7918867332829	60.0775250729118	60.6169588941209	59.8200367005215	60.9255344592483	57.1115961571651	60.2109226761409	58.6561602368024	58.2806209480011	58.6851641922813	59.7796047047384	62.4203995533484	62.6856446044209	59.2348494124901	60.3721514311038	59.8835661414816	56.5635009191331	59.1609728779612	55.5272201715418	59.3441593154909	57.2190262708684	57.0945932516604	56.9424512719800	57.1401811753050	58.3773882575217	60.5544976115824	60.9131726725132	59.5980401913750	59.4167208631063	70.1119092158870	67.9725178059292	68.0039223557730	69.3173006722676	66.4391296815955	72.6060747210812	68.7786624814587	69.5718119198793	68.4734046410301	66.6147409798637	71.6077500022637	70.0146865884559	70.1401190575057	69.4161707171541	70.0743599575634	69.9133243321196	71.4674627611516	70.4219609888972	71.0748980951179	68.5209934745015	67.1378873875382	69.6256763217469	65.7288465022497	70.6958848645384	69.8237835298585	70.9590822614299	70.9849792672840	67.3869250669502	66.9908516045646	70.7498588977783	67.6496461630410	68.8589762228806	70.8040491872342	68.3667474540212	68.5706046294275	70.0780836317321	70.1294278477761	66.7215137649742	66.8102974444123	66.7367159545684	66.1640158003807	68.0917141043191	69.2074573925081	70.0179868711961	68.4931639704951	70.5345775041029	67.2587357821642	69.4052086879652	71.1703522981294	66.1754793625658	69.6258487526911	70.3149300288589	66.7706811329585	71.7383064193946	68.1263198529844	67.4097538281649	69.2817820423024	68.1566330735537	67.9327111980189	69.1339447827332	67.0509159357657	68.7866004505840	71.6495371234553	65.9547976768409	66.5704733056166	68.5701061359584	69.8088435549754	68.5526178352969	68.2076656350903	67.1479842225628	71.4038784801162	69.7626532225929	67.1156171478682	69.8264213555858	67.6340456509097	67.8377669800109	68.2413839488018	71.3559728357262	65.7250524359954	67.6411386107752	69.6098835528648	68.6346416064223	68.4624935298393	69.2484553406203	70.3689253048024	70.0395137206941	71.4086301067462	72.7395761346079	66.4692061477175	67.7495865882165	67.9085621327675	69.8773646348290	71.5963070088104	68.1917239142489	65.1380706546866	65.0941139260275	71.5753947081398	67.2617285721937	70.0470163248517	69.0670943898031	68.5220622799653	67.6425143864230	71.7807760044488	69.7600377696241	78.6230954616637	77.0889160399812	78.7483239273302	77.2000118793407	78.6050223753872	81.3117062644531	76.8638468157404	76.5514334912715	79.4014887809493	80.3626337282324	80.9885040814045	80.5017751761059	78.6086331181007	80.8159864563193	77.5746277737424	75.3373089319109	81.4648703954666	79.9693427424899	80.6073124337329	78.5578186613507	81.1420995077429	80.6728161868073	80.3838198747229	82.1140716986929	77.6404998881081	81.5406472868146	81.7913407674800	81.1700155231564	77.5020020245927	81.6724194992342	80.0438990582283	78.7438558177811	81.3787889356326	78.9817752288965	80.4316124761377	81.6471931640378	79.0014926348006	76.9034121974662	80.8286655350171	79.0464600546413	79.8556937789364	78.2916732489980	77.8024135262377	78.4571575879726	79.4788869486163	78.7196640530695	78.6025404889124	78.6733974067082	78.4057195102253	75.2455619728919	77.8386090799736	80.1988361211029	78.5639783436571	79.5659041717147	81.7370553033250	80.8555801018338	81.5902809794120	79.4076462530569	78.7240049612603	79.2128956695882	78.2196426492595	80.1543506184268	79.3433683325215	78.9397222919616	77.5728854619070	79.3219141114473	76.7237827702504	75.8842887782847	75.9106673836945	80.5099544438304	82.3357492053542	79.4628819802198	80.5025070388830	78.5452037789397	78.9481639537790	79.9079466223814	80.9290951621226	78.4117663412663	76.4358644852331	77.1804774437357	78.5996773412441	78.3017669154691	76.5140528039949	79.5481674795034	79.3316508726815	80.2958608180514	81.9001120887319	80.8967306385744	76.9498040747429	78.5943476490085	81.4944388377329	78.5002404887331	78.7458054516709	76.6944440799429	79.9875132515891	77.4600761877867	80.7693012081472	79.2696841348136	80.0195335861177	82.0400788963408	79.4676883395651	80.2305258857659	81.1072843898003	77.8034856062137	91.8285664373076	89.7904963453387	89.8104395482160	86.5959186509247	86.8286376414734	88.3175210399168	89.4286765596908	89.2003714830725	90.7341554810766	86.4753219888500	87.7535155800924	89.6612900740389	88.5935133267801	91.1388238395882	90.9809604372061	89.7970570634665	88.8618066021146	86.9338587503059	88.9744867370321	87.6882874242427	89.9007360126899	89.5232173619115	87.5541726829930	88.9075591709673	85.6749641263804	87.7485285932985	90.0459249779646	88.1025381277742	90.1775417498775	91.4944379249347	88.2104267480422	88.2764881209474	91.6096252966355	88.8819415243157	90.8272510022809	91.1948438141257	91.3294383179509	86.2893681306634	88.5092413279710	87.5899431742914	88.1932637263481	86.5269456565182	88.4050286300278	89.3899454443240	86.1577959980508	85.7818179956919	91.9872916500041	89.2465511324157	87.5894184076754	87.0168402126895	88.5542792933562	88.5937041890985	87.9891359843008	91.0862576470413	88.1570077968128	90.9279792661824	91.8065108512992	88.8489833622415	89.7131518325983	89.7362201729288	89.1097378989346	85.9652443715759	89.4716698753120	88.8560317787601	85.9356795704503	85.9027903083259	87.3522450331812	86.8715750483103	89.2097143231470	87.6192701660306	92.5645787878022	86.6194019328423	88.6810479771400	90.1363726446910	91.2072204078986	86.5598645133286	91.1224119621168	89.2793166052332	86.6828472165300	91.0531858283088	87.8534732465835	87.8405573761902	90.5115562838995	89.2720996511715	91.9910747446721	89.1516442151230	91.5992231470533	91.3493035419449	87.2654316384862	89.8008953958344	92.1908099900291	86.5659426115359	90.7628102981492	86.7339238941504	88.7551290611418	87.4956540739839	90.5924280181484	88.8758072852759	88.9178828081630	88.3624940291922	88.0358936561965	88.5784993078910	92.1325523281498	92.3612679357215	100.255691228565	99.7583101244023	101.240657274981	98.2787833187300	99.1050021541096	99.9607460436831	99.2413140131441	96.4759466721817	101.112998332998	98.2303073150611	101.151046487033	102.303871037792	99.2058723427371	98.1603187436143	96.5918490664212	99.5770990595790	101.353958206894	98.3257731042988	100.956229028363	98.3427956572828	99.6916988017393	100.568007986200	99.9701972650681	97.5240008440138	97.3873871550547	98.8689296824535	98.2746735925802	97.2691195964142	99.7209058944089	98.2299031344707	100.141858382284	98.1898009606749	96.7868774776356	96.7713907297571	100.528639136406	99.0447264149998	101.336888774960	97.1527013080191	100.742640988165	97.3540708974520	100.038998692731	100.535514790264	99.3045813903925	99.6295240757784	98.0838777194764	99.5347687644972	99.8261376792511	97.1796460916345	100.899684455618	97.4001459439977	99.8736930127979	97.6904020551419	96.8279989272200	101.718282342558	98.8191920914364	97.4719531989371	102.154246667064	99.8784192607992	100.637400553577	99.8001940946104	99.5602106280928	99.2194149040265	98.7283248652609	100.084924525605	96.6143804684514	96.4143195468719	97.9459831697623	95.8559417231552	95.4310822485991	100.043316653510	101.363158912290	98.8193928710680	100.190670152199	102.275841566889	96.5303617496079	99.0786602758064	99.5667174149004	99.9741037294987	99.5532198941759	97.8882692843598	95.4856876865526	97.0941184082936	100.417579223391	99.9597075589923	99.3212235501068	97.2160860851092	99.0729380165089	101.368106363073	100.322620916043	99.1553856800473	100.746169305293	101.328651162866	99.9978115211837	97.8342889879288	96.3913929124564	98.3318087739427	98.6658360108708	97.7533084972119	98.9575030408332	101.218209403841	101.070265212007	100.959208290995	100.874376281717	99.7381631266771	107.904947058721	106.353079173044	109.837888939995	109.824798725502	108.288252937767	112.392729631152	107.910916925200	109.574203403053	108.673648775926	106.601885222310	111.005929426384	109.508178451487	107.227785633344	111.053915724094	108.273877721232	107.946371991747	109.028294206854	109.403180103554	107.948346320020	107.129941129538	108.416110085122	109.663137762269	106.922842819658	111.062344858739	106.231908514812	112.120232620679	111.918964540876	107.885106467100	106.330198773938	109.137229472139	106.584886899001	105.888234147781	108.868083962218	110.876618167703	109.348113353812	107.677659554088	111.193702717031	110.977748244874	107.455850723061	110.376327733953	106.240645387365	107.930729401943	108.146799135367	107.236230149570	106.543546596517	106.129134015902	110.345918792210	106.467631236034	107.373422225399	107.321548491258	106.255908047518	107.901778341057	108.782403446559	108.314273376101	111.685410877904	111.175544405430	108.136526452439	107.299888636809	106.004892449982	110.664284689430	109.020666344601	108.989814267913	107.996159948660	110.346690155244	107.594746168044	105.901650742643	106.558966607882	106.333172061250	109.823882961114	107.180205010574	109.834056691048	108.721407354197	110.927712827469	108.245708275709	110.297917578296	105.930537601252	108.193158647514	107.883741758914	109.642656735288	109.581293299074	107.654001901271	109.209113338871	107.032297492314	111.890457866922	109.783813222497	106.401527200995	108.564464203237	109.260328709046	106.433783035198	109.038103085609	108.004457161928	108.858084734517	110.095319844538	106.760166994826	107.974053037961	106.493374081459	111.230282143696	106.283812030497	108.752977072135	109.105804650079	108.072601159325	107.198260760725	111.310720946771	110.265638681981


objFunctionValue:   694.151798301028



