Dataset 9


dvh_array = np.array([
    [ 7.84, 2.75, 17.93,  3.31, 12.48, 11.98,  3.65,  3.48, 0.00, 0.00, 0.00, 0.00,   0.00],  # Rectum
    [ 5.26, 0.53,  6.14,  4.51,  6.08,  6.02,  4.55,  4.53, 0.00, 0.00, 0.00, 0.00,   0.00],  # Penile_bulb
    [ 5.72, 4.39, 45.78,  1.98, 19.08, 13.54,  2.47,  2.30, 0.06, 0.00, 0.00, 0.00,   0.00],  # Lymph Nodes
    [ 1.33, 0.88,  4.71,  0.32,  3.77,  3.23,  0.47,  0.42, 0.00, 0.00, 0.00, 0.00,   0.00],  # Rt femoral head
    [13.71, 1.20, 19.07,  7.70, 15.81, 15.15, 11.70,  9.69, 0.00, 0.00, 0.00, 0.0385, 22.95],  # prostate_bed
    [12.45, 2.00, 22.02,  5.71, 15.57, 14.81,  8.41,  7.08, 0.00, 0.00, 0.00, 0.00,   0.00],  # PTV_68
    [ 5.97, 7.27,292.34,  1.50, 19.70, 14.49,  2.05,  1.88, 0.24, 0.14, 0.12, 0.00,   0.00],  # PTV_56
    [ 5.82, 3.91, 21.09,  1.08, 14.25, 13.59,  1.57,  1.34, 0.00, 0.00, 0.00, 0.00,   0.00],  # Bladder
    [ 1.28, 3.08,640.50,  0.00, 10.37,  5.43,  0.00,  0.00, 0.04, 0.02, 0.01, 0.00,   0.00],  # BODY
    [ 1.01, 0.63,  3.45,  0.14,  2.76,  2.41,  0.33,  0.28, 0.00, 0.00, 0.00, 0.00,   0.00],  # Lt femoral head
])



templateX:  -52.2523302182804	-51.1470842857899	-52.4577337574383	-49.8736348513855	-50.2165745280527	-50.9245970626462	-51.5363416352813	-51.1843526154792	-44.7956701017006	-44.7321654515643	-46.1554730933667	-46.0475401112360	-44.7158819201663	-45.8747398726226	-45.1845865742874	-45.5849532301782	-41.2560341007930	-42.1306477676276	-40.7907703517903	-42.2549279483499	-42.2085504327976	-39.8828619243939	-42.4600620540850	-40.6403035420538	-36.3692207010279	-35.7557167008424	-35.3186459854386	-36.8383563720147	-37.7494474405994	-34.9755580798419	-36.6072558086464	-35.5851468645694	-29.7648147240457	-31.9404877064118	-29.4071897674119	-29.9795976022275	-30.1301315309820	-30.6016899585107	-30.9969788696533	-31.5464497833601	-25.0220221307308	-25.8161636383418	-25.1640898146549	-24.4429734902331	-25.1409461355379	-24.9146113337936	-26.2001895349241	-24.8416881833121	-21.7313696459307	-22.1812257109839	-21.1695846996858	-22.7906030782877	-20.0033239853977	-21.9749334049851	-20.5285867738356	-20.1213092612975	-15.5133809105053	-15.6221771060063	-17.0691383872969	-16.2289222599525	-14.6223670088153	-17.0559721485414	-17.1679358591179	-16.9461823402690	-10.1844734657638	-11.7398944854894	-10.7890729820580	-12.2557824136146	-12.5937284613024	-11.8186306016127	-12.0917600222481	-9.71767975526501	-4.62073922659293	-7.78825849448074	-5.82206978567329	-7.74647311059940	-6.41267448541939	-6.07429996079569	-4.95864646187013	-5.71223056013130	-2.00661805551059	0.266584888228365	-0.214282328389514	-0.930505181428526	0.240202930644407	-1.61155650400194	-1.71777591277380	-0.733840691002194	2.40429960272185	3.41440692362289	2.75599929890061	4.93700897787351	4.63153424578435	4.46152472433567	5.29910052324331	4.97352870370695	9.02070179066053	7.15456114242399	7.43156781397253	8.90181958306177	10.4338547967267	10.0508797494034	10.3727084238002	10.5071113607969


templateY:  -396.571571542052	-386.752261489673	-375.134046254321	-367.132637907120	-354.518381186850	-344.619598865009	-336.595360701331	-326.668220543244	-390.451028207897	-380.367300381714	-370.074211669753	-360.797567236614	-352.535301365033	-340.917131824986	-332.724599045963	-320.223702883628	-395.566647555381	-385.777306283824	-377.080932282931	-365.377413643956	-355.339655461464	-346.670651013070	-337.760786016773	-324.922758438470	-390.179363506101	-381.091650678443	-370.401042431615	-360.106305231395	-351.718072343498	-339.677550910445	-330.856946537422	-321.867731447776	-396.941386896374	-384.759790280622	-376.594059743779	-367.350360050728	-354.563267413090	-345.597490306187	-334.437662916228	-327.196995978251	-389.974814825128	-381.147106594547	-370.807689030916	-362.718296904470	-350.899810375350	-340.658008846238	-331.132064737401	-322.666731205836	-396.072342762540	-387.689231620722	-374.922702185350	-365.794059171729	-355.456848000341	-345.610120205697	-335.693374482531	-324.536909788133	-392.256109934818	-381.213245720024	-369.927001274043	-361.136041813645	-350.206997361594	-342.245843503859	-330.454736706960	-319.674926917361	-397.306112920830	-386.377077488210	-377.728932375451	-367.085302008762	-355.543887626173	-344.825706817832	-336.668864704244	-327.780033432350	-389.706924571176	-381.226696044553	-369.688789841585	-361.727484695447	-350.456551506167	-342.814345974506	-331.082199932565	-321.714066035734	-396.699020341210	-384.538704289842	-375.248644971910	-366.706679104373	-355.660499286735	-346.421003926003	-335.857664615101	-324.517162057004	-390.719945105324	-382.348391270079	-369.941466466016	-360.333834939073	-352.494452205997	-342.310683515621	-331.835877893958	-321.392875371162	-396.025963443273	-386.912573103114	-374.977567623940	-365.100667329836	-356.917295931514	-345.720483506289	-337.519986374005	-325.530542646422


templateZ:  58.3370780924771	59.4644246117462	58.1547478440407	59.5026878846360	58.4993957334510	58.4925541541462	57.8455615531130	59.6570110739994	59.9887587598142	60.3638407308187	58.9206099713495	57.7971915084968	59.2313431763257	57.8148206578857	58.5575640131168	60.1069518497888	58.6229762669496	60.3609950276022	58.4269620140914	59.5650522920670	59.1813789741477	57.4742215024277	58.5645725007312	60.3576687946173	57.3156166573920	58.4653564110123	57.9634304072144	57.9185201242905	58.3711113549631	60.3555489636916	58.8799342121485	59.9325217392500	58.3471421212429	58.7265787880549	60.4500283191902	57.5866318167566	57.3672653434814	59.5924750460770	60.3821497148624	57.5023431988910	59.4021289461921	57.6324074912169	59.5500602499750	59.3108376792879	57.2742218960437	59.9139233933559	60.5729274467934	58.6497968667202	58.3278109902105	57.2920114144841	57.9094001828159	59.1547352155555	59.2260036839245	58.0050044156533	59.4113858085545	57.3315245847246	60.4129613153527	57.4450470221860	58.2901127591186	59.3998637504339	58.8848777172718	58.9794279921996	58.4481230577655	59.8123659449348	58.1099794302296	59.3936445858944	60.3488333783291	58.2785415996686	59.9682269538338	59.8779145838596	57.5563186780542	57.6720464171267	58.5736839505543	59.5268547946568	59.4231536676755	59.5011112386834	57.1540433695324	57.5713235073632	59.7948623346533	60.0678942429065	59.7355100766308	60.4270221300275	60.3401897908124	57.9019500159796	58.9053751583010	59.8782806790735	58.9497717001658	59.2820618073814	59.0750324537149	59.6796620895670	57.3430974065192	58.8459428438643	57.9259241338259	58.3020587861947	59.0519233749309	59.7240898521261	58.5642594089798	58.8978541642350	57.5725933040652	57.8731147979735	58.1460937447468	58.6960704104726	57.9621774078646	58.0426121994237


seedPosX:   -51.2733737888843	-50.0503977415422	-53.0809361585422	-49.7577250984300	-49.7378091885439	-51.1760440958342	-52.2723818229612	-51.1523360038315	-45.4728212204543	-44.2586133775376	-45.7631683182954	-45.8463662215504	-43.7690536473380	-46.5181511037478	-44.1726590467909	-44.7023139120955	-40.9234800241032	-41.0805639206150	-40.7410123864594	-42.6643864491132	-42.6412954132552	-39.5176659297337	-43.4528456839116	-39.4608465522800	-35.9705950613468	-36.9561619078651	-36.4778087305702	-37.6117102865449	-37.0778094931920	-35.4388073477792	-37.6616608373903	-35.0319460015272	-28.7202842170667	-32.9911805283307	-28.5777589816662	-29.2798750914184	-29.9027756338482	-30.8671273966026	-31.1894148471681	-31.5545381531612	-24.8599808839398	-24.8854605300099	-25.5684449574123	-23.3060359700988	-25.9966519486760	-25.5441614328898	-26.8668427529180	-25.5268689782053	-22.3327582294344	-21.1738383412696	-22.0890276892675	-21.9390505523940	-18.9152379912078	-22.2867870153290	-21.4733725373833	-19.9229050534574	-15.5386203093890	-16.5118414946564	-16.3130991535021	-16.2999148659785	-14.3936648398431	-16.5963629305072	-16.5456394995953	-17.5218489610573	-9.69350583330858	-12.3752140549192	-10.8396124367190	-11.5575391216809	-11.9168240979630	-10.8994629438999	-11.7764980693186	-10.4334441974311	-4.75937690377545	-8.32002291665663	-6.61780679936149	-6.64601989953503	-7.66065293990449	-5.61706760654893	-3.71768605602707	-4.93918096605888	-1.78876438782485	0.397718968538690	0.00382984415114496	-1.06687380632321	0.144953218083831	-0.371125730177885	-1.10295248120546	-1.89301760095278	2.59816797427731	3.07634380217821	3.73423294417104	4.40290732272488	4.70296867765515	3.96096337459596	5.14163195584519	6.18881488816370	10.1960437322362	8.14979173594996	6.48986319165939	8.57708044734644	11.1730906247102	10.3195339703585	9.85419015143785	10.6834262542299	-52.8365509910892	-50.9963157307119	-52.4768117296649	-48.7361438956640	-51.2664041807155	-49.7384124539486	-50.3926042385415	-50.1813147599366	-44.8374700530665	-45.1946852344336	-45.9232057514095	-46.4251333789895	-45.8479618424791	-46.9459598835710	-44.0003890561508	-44.9539891933373	-42.2120188079672	-41.1472527628449	-39.5555856362611	-42.7741726094291	-41.6006795920010	-40.6606251106130	-43.5960792155020	-39.9376980197922	-35.6558385214451	-36.1361635834288	-34.5200423789668	-38.0731712556848	-36.6425191785420	-35.2614120927679	-36.1701935888072	-35.7365822720102	-28.9575484783195	-32.8364458697159	-29.2056436837793	-30.1324301882846	-31.0368678294530	-30.9515782929352	-32.1436395554414	-32.6073548580142	-23.9070655021307	-26.6323358435408	-25.6768667997446	-25.4895049669939	-25.9549248994127	-25.5845946807229	-26.9098592611128	-25.1370656673667	-22.8649595483044	-21.2441247635881	-22.4119257642929	-21.9804233453860	-20.5006376701996	-21.1459877481625	-20.5108685078888	-20.9925628263431	-14.2815061516274	-14.8051507294888	-16.0845332389167	-15.7707118663269	-15.2784887448952	-18.2433166866633	-15.9675374963828	-16.7668032341607	-9.18062830224423	-11.2579778459559	-11.8819410158468	-11.7857334716161	-12.4148238589731	-11.0448856056217	-11.5947852660264	-8.55623200110494	-4.37529487580942	-7.67722172007675	-6.97032396259759	-7.22309895612476	-6.41042794407702	-6.25269961946027	-5.02626676346030	-6.56498603014658	-1.36381789328739	1.43391747056899	-0.0321208876740684	-1.46286248717668	-0.773901666126893	-1.02432243073402	-1.51619191355022	-0.199638336265843	2.95044841548456	2.37365718609955	1.74050694283905	5.96712258857104	4.68141146754701	4.92439731846806	5.55379481309273	5.36542224176222	8.91990274166388	6.95902568508156	6.98739655475138	7.95853210336312	11.5278735889527	10.6831569219583	9.24377521926565	11.0708339993153	-51.9209370704004	-50.2971536027379	-52.5750527115889	-48.7196465972494	-50.4704778039490	-50.6292551553411	-52.4296218360898	-51.8885536281794	-45.9378273492902	-44.7044006925609	-45.4898212479140	-47.1352384171861	-44.7603646083143	-46.3410307108238	-44.1618332899078	-44.9633637294518	-42.2937290497288	-41.9833586120232	-39.6927374608629	-43.0957817007248	-42.6443814226825	-39.1070628344024	-42.0717763039124	-41.8824988811571	-36.8264773407533	-35.8545961925952	-34.5640124086743	-38.0263461461603	-38.3167253841653	-34.5041711229614	-36.8898805733056	-34.3386633938795	-30.4418839747428	-32.5880410510712	-30.1138197956555	-28.9565269447142	-30.2601625148510	-30.3661573761840	-31.5777783911988	-30.7981402914791	-25.0977243873144	-25.9677340572701	-25.7265573798108	-25.2766048185041	-26.1744873583983	-25.7934207090227	-25.6558805655321	-25.1953893257295	-22.9607495331530	-21.4604578643020	-22.1705229923811	-22.3919656149658	-19.9199180823650	-21.6507307579731	-21.2990099431105	-20.8798817859663	-16.1741475067134	-16.8505058707994	-17.0185896497203	-16.1700979376596	-15.0414196384979	-17.1216798927913	-16.7430387899084	-17.5148237776772	-9.64133409111200	-10.9056360888647	-9.65590879030109	-13.1701614064175	-11.5144966057667	-12.0715722754058	-11.5875581702439	-10.8963561283357	-3.38031682621183	-6.56475497208699	-6.75211313549305	-7.13999688344209	-5.47772571707672	-5.78136185670003	-5.36770060081506	-5.99751461809070	-1.09265712681378	-0.553212927963061	0.166959747841134	-1.24025719237689	0.280512551305773	-1.66575198906968	-2.53918617326554	-0.122679286784363	2.90731756054085	4.29437002099172	3.14915843854088	5.44233095267344	3.47720080932273	4.03822897017392	4.59261034227609	6.17500209258957	10.2288351382900	6.52450752378379	7.96364544915941	7.93853459798958	9.73110921131345	11.2337124564722	11.4883271823570	9.28294536463736	-53.1143131241858	-51.2714862742574	-53.0519043123594	-50.8659821716168	-50.3986352019616	-50.8545666655993	-51.9043146087604	-50.9395453892356	-45.7132025538678	-44.9795680491454	-45.1062748524053	-45.9349417551892	-45.1473830658595	-46.0205333417624	-44.7461106219499	-46.3358525279630	-40.9376419827177	-41.8645136825796	-40.2859061287648	-42.0752562907853	-41.6401836000191	-40.9362752372358	-42.9590558492750	-41.4500179129096	-35.9793502771941	-36.3283655363122	-36.0466699957577	-37.0524561519168	-36.9535219431875	-34.9717479094683	-35.7776311069844	-36.5935559973651	-29.0349521926654	-31.7698412355554	-29.1640687810368	-29.3237263459143	-30.0882065169307	-29.6793127072103	-29.7478054209909	-32.0630231727979	-25.9480660501291	-26.6134835276423	-25.5996277139556	-24.3279387276197	-24.6740399625754	-24.7331149961026	-26.5427669600464	-23.7734872973137	-20.9001820794523	-21.2316202265594	-20.2958946963267	-23.5677901974589	-20.6190048355792	-21.1979720522318	-19.4892788947993	-21.0317477882430	-16.7167646983929	-14.8305324329127	-17.0977474352833	-15.5441947627292	-13.8113752349447	-16.1468634898853	-17.9401765108693	-16.8250586603788	-9.36356429689731	-11.2266526255693	-10.5659940049558	-11.2670273824885	-11.8627826492605	-11.6682778752646	-12.7135721970030	-9.89104758132374	-5.70163685471433	-8.59560332798971	-5.25252105995485	-8.40311893686547	-7.11084878160129	-6.37872732240887	-3.86911324062684	-5.44933047232595	-2.34499067484220	-0.196527404151621	-0.725420503241082	0.0871999856248985	-0.491947942773732	-2.43603416185497	-0.564176886479207	-0.300699539142782	2.20643530380850	3.36762347195284	2.59947480954354	3.70925206282238	4.06953689644165	3.59177461502020	6.27120637602381	5.68384627239420	9.59893566530334	6.10916345804390	7.89794821444743	10.1144585943736	11.4488059210043	11.0250578788275	9.44452050515030	10.2346618738880	-51.9977093517201	-51.4279068285188	-51.9838073486851	-50.9334187040872	-50.3910423422839	-51.6286191264094	-51.6171624548865	-50.8993930249445	-45.4137216960457	-45.3926529703404	-45.6494504634801	-45.5200120361556	-44.8669383356556	-44.6489615641233	-45.5925409094264	-45.7922554304690	-42.4316538038160	-41.1446121590592	-41.5175528437380	-41.7556376896050	-43.0320678162069	-38.9116128269026	-41.3608830634032	-40.7932910019787	-37.0329319337196	-35.2703057878183	-35.7522119403413	-37.9843579907214	-38.1872612068341	-33.8458383744166	-36.6744517563384	-35.1710570789230	-29.0025905395971	-32.1054134218633	-29.2690298026975	-31.0415961813030	-29.6945263545436	-30.5174343153691	-31.4374508800223	-30.8842052820832	-25.6094764178705	-26.7296404871110	-25.2792235923718	-25.1157665019084	-24.6982065625212	-24.8884305663457	-25.9619571640623	-24.1506900451176	-22.1826355447456	-21.7791718055723	-22.3718886247684	-23.7556084166652	-20.4095821707596	-21.2404867291138	-20.2583321656788	-19.7801998564975	-15.0175155976489	-15.1449233465533	-16.9644278189378	-15.2152039374110	-15.6753257654078	-16.7387201371221	-17.6180976197500	-17.4738613287399	-10.1492709818824	-10.5433700761023	-10.5582165731454	-11.9661424332816	-13.1440799733495	-11.2360993378007	-11.3377042564604	-8.89265116129926	-4.81453158814751	-7.07066655851204	-5.80002132381615	-8.22349594266136	-6.82102235987461	-6.49016016191058	-4.19668688991969	-5.95596773302719	-2.22067819674267	0.607515774079570	0.506427631677782	-0.326329065600932	0.102189447703707	-1.62521935456094	-0.973305439038559	-1.38941630503909	2.48960060009024	3.33584441958251	3.21155220289199	4.92753539149820	3.83908253925227	5.10217841361031	5.72726714582326	4.44813359906469	7.88086734668579	6.33073519447600	8.43761263478811	7.90221587326713	10.3549358693141	10.5085760712720	10.7710647391026	10.5699763827128	-52.2225651939283	-51.3475169941248	-51.9915644226771	-50.3538686980601	-50.4989905980386	-50.5907310498534	-51.8725631032032	-51.2788519354059	-45.4815158733296	-45.6472501873689	-46.1743906651957	-46.5202022123641	-44.4268277424401	-45.5026671949804	-46.1812035442380	-45.3789977586618	-41.3695345261017	-42.9248803734866	-40.4745841283127	-41.8992453051701	-42.4707103912814	-40.9206549792157	-41.5308571129817	-41.6537784614630	-35.9496292591728	-35.4281905786130	-35.7827401578917	-36.6832891335540	-38.6872548295627	-34.5247798842897	-35.7852065807928	-34.4620452964867	-30.4706130695839	-32.4389212602990	-29.1910686405728	-30.7635906676056	-30.9936469314376	-31.4773097730069	-30.3717539109319	-32.4408335380775	-24.2502833488860	-25.4007099430861	-24.4065988664396	-25.6296383774721	-24.6136588854509	-23.9903787520586	-27.1921142038498	-24.2449066644394	-21.2835654807634	-23.3444298348182	-22.2280219230631	-23.4569384482997	-19.9278909897392	-21.6826764792365	-21.1925221071561	-21.2778935965052	-15.4952444839397	-14.7179395842095	-16.4199185489891	-15.7882536074450	-14.4068924736944	-15.9888842850246	-18.3705911904223	-18.1293305672627	-10.2233050699058	-11.8478061352614	-10.9747881008115	-11.3200696137578	-13.1130301793146	-12.4548804924329	-11.4052303399269	-8.95220564093070	-3.86948957467110	-8.45950457654974	-5.93906568466783	-7.64504424766379	-6.93409941532878	-4.98910392446899	-4.72591953000796	-6.03062260130860	-1.98317914420718	0.143554404848478	-0.315872683829124	-2.07742353411722	0.668982017936666	-2.82509057027300	-1.54899651311792	-0.396989719736819	3.37261605135142	2.46609342720468	2.62406724860041	5.30924929941365	3.52860334345448	3.63147866557289	5.33717800013830	5.39302926653540	8.33338546545200	8.18897045546320	6.80311883732825	9.27304623703294	11.2766129943060	8.84946572391641	11.4249004826303	10.6435128862279


seedPosY:   -396.356221970160	-386.457061796504	-376.127702622357	-367.276023870075	-353.869782541569	-344.451065367509	-335.486539175298	-327.227604038060	-389.318707171642	-379.847618506970	-369.376793048585	-360.789491902581	-352.802928189622	-341.463065254623	-332.217910993080	-320.526993646638	-396.737755448987	-385.852939071485	-376.415152001425	-365.062450843424	-355.811888339243	-346.836421932461	-338.420408600143	-324.425514897657	-390.614120152223	-380.915469198497	-370.989185569439	-360.233056170340	-351.398231850003	-340.197443074068	-331.677086954257	-322.894109980945	-397.117194519086	-384.579429996169	-376.975640231645	-366.829511975448	-354.870783172512	-345.776718191600	-335.140352207811	-328.347321694551	-391.101957426647	-380.247044695256	-369.622612872328	-361.496744410615	-352.142514499615	-341.042283544422	-330.492336777058	-322.795623092255	-396.457856477897	-388.907479450057	-375.202545549617	-366.510893414454	-354.282347052801	-344.397963099905	-335.040980807278	-324.234018431964	-392.954984050133	-380.875306456764	-369.502893126583	-360.024846527487	-350.890127963185	-342.694236364433	-329.209378688524	-318.595252827910	-398.317964712473	-385.290433609335	-376.772613016358	-368.289592296862	-355.079391616351	-344.624432641926	-337.640996721174	-328.939109013960	-390.140472313286	-381.235566071415	-368.604310162141	-361.498826989258	-349.449035390428	-343.879718429526	-331.546057516646	-321.810439520781	-396.755031557861	-385.350412942133	-376.111641144112	-366.612625547564	-354.825225014507	-345.240393243181	-336.607772232611	-325.295651892637	-390.399264248862	-382.006996246107	-370.557670947381	-361.270286998459	-351.692536301019	-341.591486222087	-331.709528603589	-320.918422910849	-397.036048847198	-388.016465369582	-374.650753265519	-365.551736645512	-357.413033902327	-345.815552898376	-336.688938982945	-326.604272361780	-397.394384465146	-387.497035229488	-374.560627705250	-366.476717057176	-353.422765625274	-344.351822794956	-337.018734348433	-327.917306483836	-391.332341339728	-381.188861736194	-369.680191639867	-361.913333618025	-353.645656842111	-342.127942962600	-332.137607243635	-321.390418863300	-396.163389380678	-384.597153439627	-377.463966624794	-366.159295126057	-354.794608654752	-346.835806501565	-337.372102326820	-324.015507375416	-390.345632749292	-382.203179302795	-371.385941586092	-360.668699350024	-351.282424023457	-338.785185186490	-330.586704242198	-320.714518440538	-398.165138316483	-384.802765691915	-377.111587333801	-367.604697083340	-353.431363141478	-344.755046788003	-334.628086446098	-327.662458784961	-389.088556188831	-381.057397622239	-369.800508645360	-361.999609654475	-350.349840495993	-341.390165139238	-329.940388374999	-322.328508964719	-396.742171813775	-387.788875250570	-375.010348995125	-364.864345242475	-356.116834983144	-345.765738691026	-336.479688038199	-323.519895719746	-392.530906336474	-380.078101514561	-369.074485635773	-361.956551160039	-350.371284465122	-342.824227022825	-330.923005571315	-319.395768873888	-397.566013119864	-387.115862926963	-377.422967645115	-367.593339175768	-356.003331224042	-345.161962865166	-336.335299819817	-328.528041760492	-390.747665966999	-380.361323173200	-370.115388739702	-360.826707492528	-349.219652542278	-343.395982837659	-331.930086604619	-322.293211113669	-396.426085267245	-383.855402376832	-375.373086211316	-366.075712623368	-356.643534912096	-346.784523861986	-336.360526030011	-324.865946555960	-389.481635772755	-382.427876527697	-369.378540325672	-361.367798855423	-352.362874703335	-342.811546557810	-332.589618130860	-320.896982720565	-396.881815519653	-386.672437186873	-374.150745572181	-365.722715574929	-356.529275408975	-344.943337178165	-337.733213529762	-326.432932618833	-397.204487898538	-385.910584431445	-375.397149413504	-368.362192150919	-354.548950502071	-345.694573879838	-336.209794120426	-327.620390721266	-391.287132755200	-379.449130334594	-370.986834359006	-360.366454857754	-352.546756582265	-341.358379400974	-332.848757486027	-321.010569559908	-396.299074545561	-385.373055191537	-378.230318847269	-365.532105283525	-356.364824555688	-346.921753576315	-337.593677270702	-324.544379736054	-390.764528913065	-380.783748328669	-370.248132133411	-359.372454140752	-350.910793983198	-339.417794781624	-331.943108192162	-321.465121702748	-397.960750457498	-383.753366124472	-376.645252860941	-368.115903945230	-354.268767196953	-345.182797259498	-334.627994958598	-326.116213902711	-390.459056356607	-381.629956492843	-371.710820565461	-362.733428421216	-349.832713104387	-341.506810850223	-330.694828581380	-323.690586446510	-396.390395183379	-387.821016479392	-374.158124340018	-365.913148940228	-355.390186158026	-345.243709128406	-334.939044325747	-324.758675692806	-392.825596339507	-380.142543673941	-370.016687253768	-361.544011545371	-348.986277656048	-341.628691159131	-329.715756707806	-320.215139094040	-398.094520126000	-387.202914956012	-377.172562262491	-366.202570768984	-355.383425959068	-344.971700562204	-337.268757227596	-326.660120346208	-389.008216392485	-381.257813651319	-369.777871648039	-361.294005637620	-349.810925507587	-343.377302916378	-330.242891076506	-322.763199630134	-396.860585190183	-385.777963256839	-375.574420906985	-366.853322953491	-356.160212746544	-347.655386711428	-336.348771028390	-324.314928701501	-389.958284042497	-383.304088880268	-369.309087785551	-360.071038804752	-353.256576979429	-341.953600011483	-332.893603374338	-322.125977966504	-395.750035908421	-386.867678279331	-375.577895055442	-364.976493588359	-357.386856970989	-346.197507280052	-337.743581707459	-326.005370153222	-395.336365191486	-386.639215770705	-374.177693167864	-366.323731183307	-353.467519480360	-343.692512265557	-336.844979672522	-325.639425722827	-391.595609664385	-380.128031163091	-370.589772139143	-360.093362790919	-353.547144444112	-342.094439775574	-333.695623112505	-320.148299037101	-395.882655974804	-384.911334572466	-377.348747496881	-366.002979305997	-355.731332598065	-347.165073692384	-338.952733022781	-324.020461446942	-389.288019502797	-380.101781229388	-369.240621981000	-360.782392196736	-352.066963610342	-339.058365614355	-331.120769082319	-322.454252410713	-395.849235039873	-383.664736387541	-375.374179824639	-368.136320379211	-354.212887175064	-345.347194382337	-335.364722165220	-327.254797544033	-390.654506162376	-380.717067650005	-370.081220212188	-363.391905502238	-352.027103871672	-339.423603043823	-330.985263086900	-323.267039967157	-396.884528000544	-388.240149709746	-374.155912147120	-364.597661783457	-354.760482680237	-345.615237836332	-336.690915625042	-323.641117798075	-391.685289986165	-382.172694595748	-370.308380257727	-361.672824974971	-351.024344655572	-341.180706601394	-331.578855471836	-320.901132170547	-396.284751911705	-387.018751704556	-376.631682466925	-366.819736495814	-354.703468808056	-346.073969057902	-336.838993215402	-326.841950834156	-390.107157596158	-381.861608042551	-370.218277619410	-362.628337157840	-349.662684744399	-342.400557926351	-331.265997138363	-320.540104966757	-396.287901394304	-383.574414694505	-375.760229771514	-366.724467635765	-356.845951166074	-346.915152556636	-335.148521030079	-323.665356390895	-390.210601731349	-381.546951312730	-369.041531856784	-359.093757140466	-353.660661181548	-342.361693129552	-332.377330122839	-322.216894119006	-396.659408858101	-386.030301240035	-373.832291076782	-365.013860783479	-356.975674380490	-346.910859107180	-336.918385862462	-325.796471494057	-397.761857859091	-387.860396170781	-375.083068988951	-367.366988543005	-354.120100499968	-345.666877218179	-336.023681410045	-325.666726181697	-391.150789913576	-379.591976607132	-369.127949525701	-360.394866637714	-352.378317364515	-339.773843296067	-333.585959552409	-320.087510343501	-394.649881876136	-385.784330323016	-376.526939452919	-365.475545565977	-354.603726839886	-347.564364719178	-339.010133878846	-326.144839014099	-389.661902999484	-381.678848580864	-371.417957589065	-359.458104853301	-351.663517812537	-339.255104868071	-330.483516138599	-322.542362841708	-396.934424282567	-384.237206321843	-377.206550270003	-367.127604100922	-354.343233881445	-345.665949378197	-334.610197697013	-325.955839290558	-389.244647321806	-382.308266223497	-370.650246368790	-363.606390842606	-351.264634098643	-340.171242215886	-331.116787849611	-322.203724346823	-395.241985556701	-387.471561069247	-374.080327108168	-364.943008054322	-355.633258926641	-346.506201502616	-334.616802426859	-325.667483144397	-392.863336113943	-381.555296292074	-370.621646480315	-361.452188896792	-351.379672519260	-341.153351911874	-329.841799886790	-320.614041807585	-397.587333247931	-386.897533143565	-377.550541266318	-366.933016353521	-356.414263542808	-345.976460516830	-336.902822479926	-326.602444718826	-390.822162454054	-380.901503490376	-369.519574448801	-361.109644763234	-349.498165564647	-342.074309552337	-332.206603241790	-320.551086928499	-397.122711414640	-383.643640864318	-375.152620613957	-366.107377586590	-354.784474641105	-345.300610088971	-336.775053156451	-325.447853389269	-391.828203380429	-381.141671762644	-369.014214670854	-360.864679412501	-351.341404674969	-341.184799789336	-332.620741368645	-322.497355809919	-396.577066364961	-386.469821703689	-375.347599319798	-364.368161740500	-356.448942914280	-345.916893791614	-337.186418550982	-326.302339021867	-395.950745885043	-386.158562940979	-373.994731222964	-367.526885750747	-355.702941423453	-344.456471217396	-336.791713954183	-327.132123603101	-391.411185997720	-379.250991772562	-369.453677602387	-362.028304024696	-352.891368016832	-340.052188753469	-332.503844460158	-320.169193481748	-394.399892542721	-385.628825961815	-378.255607289746	-364.532010814639	-355.496299953818	-346.467207328022	-338.493518324045	-325.702877939886	-389.598311242344	-381.171135290989	-370.047375775834	-359.696988558269	-351.283004405480	-338.602250550291	-331.661695650779	-322.618674325421	-398.170082053226	-385.323613223797	-376.852677625071	-367.618319054057	-353.732506277166	-345.148625426931	-335.650437895695	-328.370356967638	-391.106949936853	-381.257025505590	-371.161591766364	-363.421826513737	-350.777508409639	-340.060919706753	-329.953481701689	-323.882087263774	-396.108585934929	-388.653132569420	-374.653140489532	-366.689030562857	-354.381094654769	-345.135390411662	-336.426264832722	-324.128497373188	-392.291608811500	-380.049458458909	-370.560302653813	-360.487778201793	-349.400899193953	-341.901926309002	-331.243885129079	-318.587430239794	-396.569149023241	-386.391554335917	-376.749501987622	-366.752426084955	-356.064691775205	-344.314837017287	-335.862230801347	-328.395606048642	-389.382652765020	-381.524004140667	-369.687390946311	-362.114621798857	-349.947730030474	-342.578909081270	-330.485372347914	-321.830890096718	-395.627243252948	-384.195117119708	-375.114208823373	-365.951173657107	-356.409680299758	-345.763088863236	-335.472130113083	-323.931336555147	-390.305172579140	-381.814052290483	-369.589010584085	-359.887896452830	-353.184569047005	-341.239359998837	-331.402469101555	-322.439221808167	-396.565490419578	-387.589819190604	-374.536840738615	-364.591475198353	-356.349056673957	-345.511117308821	-338.540791357139	-324.453535659569


seedPosZ:   56.8343428094047	59.5910225351092	56.2884433832522	60.7463242852576	57.5727391956640	56.9284248107485	60.2475371843772	60.7211467397006	61.6170087097886	61.2799398271127	59.8676189815165	57.9515709177210	57.6756116856395	57.7798991916967	58.8552633456630	61.7483532041952	57.1373193013265	60.4997261258063	59.9660180524699	58.8405745871690	59.4201541475089	58.5614107081249	57.0771343250356	61.0764532884490	54.8160617373092	58.5312413119900	58.3125754726798	55.4537036238952	60.3334736202096	62.0215169929853	60.2557615102179	61.3731999211004	57.7152900231056	56.9881386768371	59.7113298340167	58.3121214333686	59.5269490783589	57.5590802221853	61.5760385727811	55.2786799915856	60.6879212936745	57.4498542667812	57.2750824912205	61.0209852014611	55.5977797066725	57.9892930703266	59.4307318045798	57.7217283036292	58.8582591066495	58.1793449478780	60.3476114671480	61.6210389755285	60.5136853930889	56.8803024484117	61.6814545320184	56.8869364547862	58.9960777362541	58.0906974158613	55.8644579425315	57.1163626812795	57.2861883871152	57.4817534608419	59.5449108723558	59.5267037500374	59.8374425776472	58.8425950952043	62.0365943708494	59.5206348645485	60.3875321762545	58.1807825714920	57.7005196073362	57.4854009386362	57.9714031874544	57.4930047287570	58.2188809058244	58.6802944526330	56.5296044351930	55.8026217828176	58.8787117357916	58.9740212736329	61.3361281974899	59.6374704202253	62.2002005181463	56.7420974576827	60.2825339934716	60.4243256515460	56.5396158983211	60.2896190437550	56.6537939883902	60.5991277046407	59.2326055856229	58.5049731812440	58.5826387099206	58.7322624996104	57.6889795794917	61.1473632532335	57.5024408892465	61.0197321779158	56.5649689943379	58.0546307295657	57.3143311605047	57.3825402212267	58.1883735401298	56.0810403153113	66.5228546701418	67.4365620047920	67.2091659305169	71.0658698135159	68.5671841578807	70.3249362591104	70.2479975865423	68.7902742824233	68.5868431306034	70.4549594353458	68.1856392265189	69.5945772305290	68.0314464493488	69.5334258129052	68.9715717847443	71.2039795176533	67.8405951511575	67.9073646180818	66.8891944028121	69.6019912068186	66.8025881670333	67.7244286975064	67.4454930077653	71.3388748404937	69.2223807306774	66.0887634222363	67.1694627073133	67.5255485119491	66.2711671483025	68.2523180095582	66.7418154581418	71.9342267696555	70.6936836155750	68.1831135821128	69.5179538435265	67.8531997164439	68.8275056559683	71.0840454614781	72.1984424176619	68.9921542211276	66.9340109973460	69.7319143068912	67.1398714565030	66.9579200786732	68.3314814778852	70.1059943260566	70.6958703493883	68.6609965188011	66.1561734813369	65.9422145332746	65.9946017818787	71.6035905226565	67.0785861393390	65.8051226952295	70.2192713162002	66.5518134321134	68.5555280565218	68.1307253414254	69.5225536088925	70.9262002386111	67.7300133752021	68.6493268871164	67.9571554940862	70.3530776421096	69.4604166904578	71.5992644230369	68.5061573172509	67.0571552323031	69.3597809924173	72.3465930616636	66.7610748983094	69.6698069246400	67.2610920110647	68.1268602088251	71.8785356671064	71.7566364990891	67.8451272164534	67.5919777131041	69.0854540656945	71.4101548126980	71.1573245157398	68.0716125927377	68.1023959634497	67.0190449358557	70.4038082823242	70.5294295153561	71.3637599399333	67.5733104913718	69.6584136132142	68.7232481778516	65.2684899385767	70.7300906300834	68.3794313263410	67.3176744732755	67.3922738864859	68.9234736175696	66.4014899779387	69.6653034383887	66.2940211749819	69.1627059642074	67.1411647643252	68.2901458835953	65.7413383766397	65.6968937988169	76.7699800127081	78.3189528578480	75.9859643030440	78.6701563469495	76.2489235969787	76.4990966583292	75.7049104310982	81.6795761583917	79.0477478196249	80.8226853443156	78.3087356420778	80.0550106903387	80.4433190678177	79.7502874726118	79.0520447909511	81.0551011669545	78.0785587891765	78.9773634467464	76.5832621585857	77.9274439120739	81.3743684777837	75.1466312685034	80.4623574591992	80.4693060403157	78.8568534922884	78.2032550734112	77.1961251802034	79.2042739450621	77.6721759753925	80.6385823566988	80.8235404865255	81.6333410288787	77.0672781558711	78.4046698519074	82.0927925968975	75.8501482395806	78.6570350174890	81.4750174833113	80.3927676837720	77.8536768702554	81.1595387200932	80.0556211693705	81.0011280091512	78.5642523879743	77.2837461023878	78.6899847948479	80.6222856821008	76.5428961284556	76.1073073495805	77.9669507476211	78.4939170714826	77.0621025467550	79.7736071591445	78.2283576164809	81.1909939932933	78.0449723298564	79.2711254456756	75.4788003305046	76.0926798844284	80.0092787820337	79.8802279658573	77.8541281426745	78.0579695218405	79.1414794491015	76.0207730373303	77.2424935270499	78.4532814748470	79.1678065841347	78.5629081451530	78.5643142615956	75.0994917848821	78.8076026164802	78.8788548828822	79.7867178363610	80.6344215465493	81.1242774188749	76.6210169113002	75.7510417583165	78.2735783829284	81.1693901927432	80.5836847086989	78.2262702116085	79.7615735903814	77.8581297239341	80.2761837896269	78.1173364558922	78.8774412321705	77.1412363489291	80.5122504827883	79.1483226625296	76.0239044099361	76.7487811282807	75.8209479374520	80.4392020249387	77.5755000892379	82.0069927689377	77.7629694910643	81.1976865773854	76.7883236466922	75.6902289842713	78.7084600113281	78.9741373451214	79.9944275043845	76.5487388689131	89.7755458255449	88.7030200469953	90.5155020487165	91.1829500179295	89.5584232741532	87.0670517297791	85.4227998443446	88.2072295748510	90.1711007896480	88.4061311174728	90.6894184139725	89.8514471401177	88.3999694486101	87.6605368237527	86.0720483223579	89.1614931573056	88.5490873961486	89.1718220768641	89.3425212444630	91.6209808937097	89.5338870855534	86.3006115249087	90.7069315448903	88.1788925636612	87.9471250157683	90.7067499657896	88.0453973144883	90.2020381572738	87.2312176592813	90.4904991419580	90.9358963563496	88.5059476177613	89.9810686285727	86.9182173726169	90.1387855175506	89.4630452177260	88.3888268315184	89.5775859601443	90.9301340426199	85.3914852068351	88.1092924275887	85.2613282704014	91.2824449295883	86.8851516599490	87.5263013381080	88.0122791808763	91.0126730798544	89.2608515875788	89.5628994730831	86.3416518688078	89.9919207378693	90.5660650763704	87.2312375567570	86.9105271756167	91.4489121789032	85.3869603773598	91.8620588841932	85.4564447983985	89.6298322107162	90.2101408706310	90.2503675674687	91.1393351396629	86.8325452028054	87.4144747524106	89.7781740333328	89.2596125494904	88.3920647294660	86.2238134905779	88.0438748921165	88.2177788759575	89.9188703696239	86.6020645925990	89.0688034619859	91.2879022352669	88.1470762394553	90.6369532405807	86.6579969071771	86.6243263307286	90.5638578519585	89.5270202427872	87.8321902372309	92.8197129312460	90.4314487628816	87.9407932982936	88.0304845581933	88.3646394215273	90.7642360905930	88.1214032753070	89.2684366163538	89.9369898712161	89.6593822688729	87.6938204149127	86.7545128436103	87.3520077046802	89.3384115467581	89.1150362965115	87.2930847083953	89.7787497551558	86.3790648754904	90.1805460837548	88.1339773860644	88.3349319259914	88.3011377745304	88.6078044961582	99.8720443657485	101.368341693104	96.4546393812806	97.4485725117855	97.5650687367090	99.0293178758845	97.2392536630458	101.784724898338	97.7738261884061	102.833920290112	99.7554003319209	98.3829413068696	97.4707720473445	95.4598015452707	98.9199156343341	97.7568596592184	99.6806461488056	98.9311867483409	97.2028968719968	101.858017310516	97.5908317635614	98.9665044573381	96.2647857527048	99.4034656248043	99.6510789224142	97.3003073966169	96.0728082181677	98.4554091244313	99.0978735573528	102.227672108237	100.866580179724	97.6984095303796	99.6447082054315	100.521098612226	100.358644280426	95.4621142923077	95.3208714801331	98.0935541956919	101.773583163386	97.0387410303487	101.037337170575	95.8722473298571	100.714634086786	97.5602964082748	98.9663736148604	100.140758134942	102.878768123790	96.5272731781969	100.496977949900	96.5891318285365	95.7440521608494	101.484402701507	99.9732682109179	97.6080885252334	99.8935894447336	96.5669667732552	99.0010944298180	95.1342535047131	96.5572399187537	98.7667749407585	100.768952828025	98.6851695522574	99.1369720758101	99.2513993543986	99.7959595798157	100.725230957749	98.4767547211251	96.2418472931256	100.769818364649	99.2662665058090	95.5952804145656	98.2911012336671	99.1816867878205	101.584991970657	99.9538124646226	99.4278390974414	97.5377483118903	99.9818293214794	99.8877037709623	99.3114028680426	102.149881650737	102.887073543389	102.320976963626	99.1098517298296	99.7290583228762	101.045094163202	98.6293532736105	98.7802226780803	97.6644885140234	101.587812063517	99.5534457268729	101.090717143221	95.9581382946374	96.0919354110318	97.3705431545493	99.8614594558338	96.4129998702932	96.4485829146961	95.5309934292743	98.4102898787986	95.9265212246959	99.4865725604101	98.3412768793048	95.9117890017403	107.044924333898	108.720399787889	106.288441223790	110.699731080936	108.227794852742	106.080612236416	108.754102949846	111.561176496662	108.187863868852	111.918109653813	107.684908334829	105.419119766650	109.384961084250	109.989094028180	109.904206531013	109.630713411396	109.712030893382	110.267608146073	108.132840977931	111.776856434715	109.575270922835	108.892270002973	109.638607753102	108.568499712348	108.280209331575	107.933601175533	106.102269583604	108.623042111449	108.358653778236	108.175411554963	108.997620077741	109.005220982106	110.121601860634	106.271654336788	108.962955721632	109.489653279315	105.957513846199	108.680923466959	109.601968156272	109.002730184758	109.757551261469	109.198599779655	107.480958276775	107.771525113986	107.921730253848	107.733240667112	111.787739025123	109.166783844231	109.820032264043	105.594985181150	109.099054214970	110.439932807935	111.132559145686	107.651214597682	107.848799710008	106.346682390694	109.516746638655	107.155080518895	107.599536589599	110.027864032398	111.079010442872	107.913948092271	107.171120304572	111.916635686885	110.241062328609	108.443350735864	108.231210169575	109.682931418663	108.121952785694	109.685323676667	107.257164535233	108.197055657960	106.708786588431	110.022075489466	107.583782047696	107.577794175444	106.859410096726	106.426820593539	112.015396978974	110.151109348515	109.461969987850	109.469962793277	110.188177483896	109.299165844584	107.249439504830	107.490535489262	109.993417398024	109.807810418814	108.643432771906	111.753513263449	107.229001294399	110.927051580572	107.910457996302	110.439824475985	110.070178308821	110.697301959298	106.087227430700	109.098950674988	107.137445269985	108.513764387750	108.363772253930	107.276060451016	108.222701596086	109.856356320868


objFunctionValue:   648.278285511015



